96 80 0.01
0.000000E+00 0 0
1.237623E-04 0 0
4.953159E-04 0 0
1.115462E-03 0 0
1.985540E-03 0 0
3.107434E-03 0 0
4.483581E-03 0 0
6.116981E-03 0 0
8.011215E-03 0 0
1.017045E-02 0 0
1.259949E-02 0 0
1.530375E-02 0 0
1.828931E-02 0 0
2.156297E-02 0 0
2.513222E-02 0 0
2.900533E-02 0 0
3.319138E-02 0 0
3.770029E-02 0 0
4.254286E-02 0 0
4.773083E-02 0 0
5.327696E-02 0 0
5.919507E-02 0 0
6.550013E-02 0 0
7.220834E-02 0 0
7.933717E-02 0 0
8.690547E-02 0 0
9.493362E-02 0 0
1.034436E-01 0 0
1.124590E-01 0 0
1.220052E-01 0 0
1.321098E-01 0 0
1.428020E-01 0 0
1.541136E-01 0 0
1.660784E-01 0 0
1.787329E-01 0 0
1.921159E-01 0 0
2.062690E-01 0 0
2.212365E-01 0 0
2.370655E-01 0 0
2.538057E-01 0 0
2.715095E-01 0 0
2.902315E-01 0 0
3.100286E-01 0 0
3.309588E-01 0 0
3.530807E-01 0 0
3.764521E-01 0 0
4.011281E-01 0 0
4.271589E-01 0 0
4.545862E-01 0 0
4.834391E-01 0 0
5.137283E-01 0 0
5.454387E-01 0 0
5.785201E-01 0 0
6.128763E-01 0 0
6.483512E-01 0 0
6.847141E-01 0 0
7.216431E-01 0 0
7.587104E-01 0 0
7.953714E-01 0 0
8.309636E-01 0 0
8.647217E-01 0 0
8.958167E-01 0 0
9.234275E-01 0 0
9.468447E-01 0 0
9.655972E-01 0 0
9.795750E-01 0 0
9.891009E-01 0 0
9.949058E-01 0 0
9.979817E-01 0 0
9.993499E-01 0 0
9.998387E-01 0 0
9.999713E-01 0 0
9.999966E-01 0 0
9.999998E-01 0 0
1.000000E+00 0 0
1.000000E+00 0 0
1.000000E+00 0 0
1.000000E+00 0 0
1.000000E+00 0 0
1.000000E+00 0 0
1.000000E+00 0 0
1.000000E+00 0 0
1.000000E+00 0 0
1.000000E+00 0 0
1.000000E+00 0 0
1.000000E+00 0 0
1.000000E+00 0 0
1.000000E+00 0 0
1.000000E+00 0 0
1.000000E+00 0 0
1.000000E+00 0 0
1.000000E+00 0 0
1.000000E+00 0 0
1.000000E+00 0 0
1.000000E+00 0 0
1.000000E+00 0 0
