 2.7552100000000E+02 -2.3181420315080E-01  6.4184166124595E-03  7.4092457338679E-01  0.0000000000000E+00  1.0000000000000E+00  0.0000000000000E+00  7.4092457338679E-01
 2.6989812244898E+02 -2.3181420315080E-01  6.4184166124603E-03  7.4092457338679E-01  1.5331257260969E-15  2.7386821355081E-01  9.9992246600457E-01  7.9638184148300E-01
 2.6427524489796E+02 -2.3181420315080E-01  6.4184166124612E-03  7.4092457338680E-01  9.4046229373145E-16 -9.2484113962715E-01  5.4769395890797E-01  8.5599001602120E-01
 2.5865236734694E+02 -2.3181420315080E-01  6.4184166124611E-03  7.4092457338680E-01  2.4710790903172E-16 -8.0093608473504E-01 -7.7477346689977E-01  9.2005978710354E-01
 2.5302948979592E+02 -2.3181420315080E-01  6.4184166124612E-03  7.4092457338680E-01  2.9772107859839E-16  5.5536246092258E-01 -1.0130598102467E+00  9.8892509959374E-01
 2.4740661224490E+02 -2.3181420315080E-01  6.4184166124617E-03  7.4092457338680E-01  4.2603430408519E-16  1.1650773887181E+00  2.7787452099969E-01  1.0629448937066E+00
 2.4178373469388E+02 -2.3181420315080E-01  6.4184166124614E-03  7.4092457338680E-01  4.9585326080559E-16  4.1224686818804E-02  1.2410880542706E+00  1.1425049758784E+00
 2.3616085714286E+02 -2.3181420315080E-01  6.4184166124616E-03  7.4092457338680E-01  7.0290411585680E-16 -1.2297016964218E+00  3.8111605878645E-01  1.2280200296699E+00
 2.3053797959184E+02 -2.3181420315080E-01  6.4184166124607E-03  7.4092457338680E-01  8.6771964054098E-16 -7.1786271613513E-01 -1.1252307785608E+00  1.3199357771819E+00
 2.2491510204082E+02 -2.3181420315080E-01  6.4184166124610E-03  7.4092457338680E-01  4.5397371446444E-16  9.2854375528006E-01 -1.0259720005274E+00  1.4187313022519E+00
 2.1929222448980E+02 -2.3181420315080E-01  6.4184166124610E-03  7.4092457338680E-01  1.5245826341913E-16  1.2801910722813E+00  6.4749064263520E-01  1.5249215475367E+00
 2.1366934693878E+02 -2.3181420315080E-01  6.4184166124613E-03  7.4092457338680E-01  2.9207265122560E-16 -2.9683679812931E-01  1.4574189195419E+00  1.6390599985005E+00
 2.0804646938776E+02 -2.3181420315080E-01  6.4184166124614E-03  7.4092457338680E-01  3.7423296307141E-16 -1.5386000836499E+00  1.0232693270372E-01  1.7617415682953E+00
 2.0242359183673E+02 -2.3181420315080E-01  6.4184166124615E-03  7.4092457338680E-01  1.9869134483433E-16 -5.2369265516611E-01 -1.5104566955804E+00  1.8936056985706E+00
 1.9680071428571E+02 -2.3181420315080E-01  6.4184166124611E-03  7.4092457338680E-01  4.9493542225021E-16  1.3669168119178E+00 -9.3731812804662E-01  2.0353396923753E+00
 1.9117783673469E+02 -2.3181420315080E-01  6.4184166124613E-03  7.4092457338680E-01  3.2566267002928E-16  1.3116005193797E+00  1.1101091881391E+00  2.1876822965232E+00
 1.8555495918367E+02 -2.3181420315080E-01  6.4184166124613E-03  7.4092457338680E-01  7.6518368624554E-17 -7.5081742580355E-01  1.6155224459530E+00  2.3514275520936E+00
 1.7993208163265E+02 -2.3181420315080E-01  6.4184166124613E-03  7.4092457338680E-01  1.7337971800248E-16 -1.8210222151507E+00 -3.0831896570432E-01  2.5274289331373E+00
 1.7430920408163E+02 -2.3181420315080E-01  6.4184166124615E-03  7.4092457338680E-01  2.9889330607625E-16 -1.9042504039660E-01 -1.9053197883638E+00  2.7166037951593E+00
 1.6868632653061E+02 -2.3181420315080E-01  6.4184166124619E-03  7.4092457338681E-01  4.4296147644087E-16  1.8530206956793E+00 -7.1221680266458E-01  2.9199381565650E+00
 1.6306344897959E+02 -2.3181420315080E-01  6.4184166124617E-03  7.4092457338680E-01  4.7905766775440E-16  1.2196450492486E+00  1.6578234801746E+00  3.1384918379914E+00
 1.5744057142857E+02 -2.3181420315080E-01  6.4184166124617E-03  7.4092457338680E-01  3.9605405848640E-16 -1.3236729316927E+00  1.6735756401930E+00  3.3734039863113E+00
 1.5181769387755E+02 -2.3181420315080E-01  6.4184166124618E-03  7.4092457338681E-01  2.4779197070794E-16 -2.0359578223152E+00 -8.6523113121984E-01  3.6258990121013E+00
 1.4619481632653E+02 -2.3181420315080E-01  6.4184166124614E-03  7.4092457338680E-01  4.4011595565193E-16  3.0757991473104E-01 -2.2727592705864E+00  3.8972929715225E+00
 1.4057193877551E+02 -2.3181420315080E-01  6.4184166124619E-03  7.4092457338681E-01  5.1476646708436E-16  2.3568194162510E+00 -3.1488045443518E-01  4.1890004258768E+00
 1.3494906122449E+02 -2.3181420315080E-01  6.4184166124618E-03  7.4092457338681E-01  1.0245287797526E-16  9.6031396368600E-01  2.2704009350870E+00  4.5025418145922E+00
 1.2932618367347E+02 -2.3181420315080E-01  6.4184166124621E-03  7.4092457338681E-01  6.1362775402357E-16 -2.0072254321487E+00  1.5820301548439E+00  4.8395513800665E+00
 1.2370330612245E+02 -2.3181420315080E-01  6.4184166124621E-03  7.4092457338681E-01  6.1375891710755E-16 -2.1316227370214E+00 -1.5738020316506E+00  5.2017856856760E+00
 1.1808042857143E+02 -2.3181420315080E-01  6.4184166124619E-03  7.4092457338681E-01  4.1023181412581E-16  9.8989629753877E-01 -2.5624718146846E+00  5.5911327713462E+00
 1.1245755102041E+02 -2.3181420315080E-01  6.4184166124621E-03  7.4092457338681E-01  1.2153466840594E-16  2.8333742666142E+00  2.8803996876179E-01  6.0096219944055E+00
 1.0683467346939E+02 -2.3181420315080E-01  6.4184166124615E-03  7.4092457338680E-01  6.0833898480816E-16  4.8795351284628E-01  2.9120395754628E+00  6.4594346070136E+00
 1.0121179591837E+02 -2.3181420315080E-01  6.4184166124617E-03  7.4092457338680E-01  2.5517572796714E-16 -2.7781788365406E+00  1.2854307561821E+00  6.9429151252986E+00
 9.5588918367347E+01 -2.3181420315080E-01  6.4184166124616E-03  7.4092457338680E-01  3.5896417521955E-16 -2.0461859664878E+00 -2.4259248083966E+00  7.4625835494581E+00
 8.9966040816327E+01 -2.3181420315080E-01  6.4184166124618E-03  7.4092457338681E-01  4.4091792988529E-16  1.8653514215189E+00 -2.7104110109986E+00  8.0211484985204E+00
 8.4343163265306E+01 -2.3181420315080E-01  6.4184166124618E-03  7.4092457338681E-01  8.6630339184784E-17  3.2210613234595E+00  1.1229113717997E+00  8.6215213282251E+00
 7.8720285714286E+01 -2.3181420315080E-01  6.4184166124615E-03  7.4092457338680E-01  3.4736102325393E-16 -2.4067799760111E-01  3.5283413130762E+00  9.2668313056107E+00
 7.3097408163265E+01 -2.3181420315080E-01  6.4184166124613E-03  7.4092457338680E-01  3.8549275592312E-16 -3.5939817999210E+00  7.2564119533534E-01  9.9604419193990E+00
 6.7474530612245E+01 -2.3181420315080E-01  6.4184166124615E-03  7.4092457338680E-01  2.1669886158860E-16 -1.7098623085527E+00 -3.3949730863072E+00  1.0705968411193E+01
 6.1851653061224E+01 -2.3181420315080E-01  6.4184166124617E-03  7.4092457338680E-01  1.3959615259427E-16  2.9264329246183E+00 -2.6395049502963E+00  1.1507296618861E+01
 5.6228775510204E+01 -2.3181420315080E-01  6.4184166124621E-03  7.4092457338681E-01  4.6279776930791E-16  3.4407572560730E+00  2.2033295211851E+00  1.2368603230326E+01
 5.0605897959184E+01 -2.3181420315080E-01  6.4184166124619E-03  7.4092457338681E-01  2.3320167790460E-16 -1.2608446452614E+00  4.0439124002464E+00  1.3294377553324E+01
 4.4983020408163E+01 -2.3181420315080E-01  6.4184166124619E-03  7.4092457338681E-01  3.8771736934309E-16 -4.3889041301238E+00 -1.5324782212703E-01  1.4289444914604E+01
 3.9360142857143E+01 -2.3181420315080E-01  6.4184166124618E-03  7.4092457338681E-01  1.1762378337997E-16 -1.0487453933516E+00 -4.4305335481275E+00  1.5358991810522E+01
 3.3737265306122E+01 -2.3181420315080E-01  6.4184166124612E-03  7.4092457338680E-01  7.1916787386179E-16  4.1429720038128E+00 -2.2620463878337E+00  1.6508592940135E+01
 2.8114387755102E+01 -2.3181420315080E-01  6.4184166124614E-03  7.4092457338680E-01  5.6914698921696E-16  3.3964993438146E+00  3.5231481794354E+00  1.7744240261680E+01
 2.2491510204082E+01 -2.3181420315080E-01  6.4184166124618E-03  7.4092457338681E-01  6.1293213840628E-16 -2.5926818080636E+00  4.3611142976267E+00  1.9072374223897E+01
 1.6868632653061E+01 -2.3181420315080E-01  6.4184166124617E-03  7.4092457338681E-01  5.3355460781754E-17 -5.0708292980908E+00 -1.3981102053022E+00  2.0499917334974E+01
 1.1245755102041E+01 -2.3181420315080E-01  6.4184166124617E-03  7.4092457338681E-01  1.2951903311184E-16  9.2628431427639E-03 -5.4533340807085E+00  2.2034310244092E+01
 5.6228775510204E+00 -2.3181420315080E-01  6.4184166124619E-03  7.4092457338681E-01  2.2443356823692E-16  5.4554480602328E+00 -1.4842327376218E+00  2.3683550523620E+01
 0.0000000000000E+00 -2.3181420315080E-01  6.4184166124617E-03  7.4092457338680E-01  1.9668829411206E-16  2.9781914735027E+00  5.0485409092017E+00  2.5456234354115E+01
