   10    64  0.0000000000000E+00  0.0000000000000E+00  5.8112829084672E+02
 3.3771056681399E+02  3.3925881962650E+02  3.4142691795059E+02  3.4405812362334E+02
 3.4671518765860E+02  3.4937225169385E+02  3.5202931572911E+02  3.5468637976437E+02
 3.5734344379962E+02  3.6000050783488E+02
   64  3.3771056681399E+02
 0.0000000000000E+00  0.0000000000000E+00  0.0000000000000E+00  1.0000000000000E+00
 0.0000000000000E+00  0.0000000000000E+00  0.0000000000000E+00  0.0000000000000E+00  0.0000000000000E+00
 0.0000000000000E+00  1.2134956257652E-03  6.9339173281495E-04  6.2238790605554E-10  0.0000000000000E+00
 0.0000000000000E+00  4.8598042576750E-03  2.7768934766453E-03  9.9884997431438E-09  0.0000000000000E+00
 0.0000000000000E+00  1.0956449776219E-02  6.2605181355986E-03  5.0775259227626E-08  0.0000000000000E+00
 0.0000000000000E+00  1.9532835037547E-02  1.1161064426254E-02  1.6138327442233E-07  0.0000000000000E+00
 0.0000000000000E+00  3.0630539981632E-02  1.7502281348664E-02  3.9686466109417E-07  0.0000000000000E+00
 0.0000000000000E+00  4.4303746127476E-02  2.5315095316864E-02  8.3026067177610E-07  0.0000000000000E+00
 0.0000000000000E+00  6.0619794820640E-02  3.4637895728238E-02  1.5543882443717E-06  0.0000000000000E+00
 0.0000000000000E+00  7.9659889028125E-02  4.5516871820161E-02  2.6841260676602E-06  0.0000000000000E+00
 0.0000000000000E+00  1.0151995116565E-01  5.8006389123922E-02  4.3592618312659E-06  0.0000000000000E+00
 0.0000000000000E+00  1.2631165246940E-01  7.2169386922954E-02  6.7479719953796E-06  0.0000000000000E+00
 0.0000000000000E+00  1.5416363287784E-01  8.8077767905884E-02  1.0051015570158E-05  0.0000000000000E+00
 0.0000000000000E+00  1.8522293437556E-01  1.0581273631362E-01  1.4506735757768E-05  0.0000000000000E+00
 0.0000000000000E+00  2.1965667539691E-01  1.2546501861410E-01  2.0396943054210E-05  0.0000000000000E+00
 0.0000000000000E+00  2.5765399934730E-01  1.4713486943505E-01  2.8053740317058E-05  0.0000000000000E+00
 0.0000000000000E+00  2.9942833676086E-01  1.7093172057696E-01  3.7867305059236E-05  0.0000000000000E+00
 0.0000000000000E+00  3.4522002830748E-01  1.9697326739222E-01  5.0294544591376E-05  0.0000000000000E+00
 0.0000000000000E+00  3.9529936507288E-01  2.2538369886961E-01  6.5868373790342E-05  0.0000000000000E+00
 0.0000000000000E+00  4.4997011361895E-01  2.5629065730119E-01  8.5207082946360E-05  0.0000000000000E+00
 0.0000000000000E+00  5.0957360672842E-01  2.8982035256074E-01  1.0902279995370E-04  0.0000000000000E+00
 0.0000000000000E+00  5.7449349700374E-01  3.2609004895309E-01  1.3812732571399E-04  0.0000000000000E+00
 0.0000000000000E+00  6.4516129032258E-01  3.6519688907859E-01  1.7343251203155E-04  0.0000000000000E+00
 0.0000000000000E+00  7.2206280043514E-01  4.0720173861779E-01  2.1594072487441E-04  0.0000000000000E+00
 0.0000000000000E+00  8.0574569584327E-01  4.5210648369120E-01  2.6671866609545E-04  0.0000000000000E+00
 0.0000000000000E+00  8.9682834696002E-01  4.9982311029621E-01  3.2684488060152E-04  0.0000000000000E+00
 0.0000000000000E+00  9.9601022724332E-01  5.5013319785268E-01  3.9731793547629E-04  0.0000000000000E+00
 0.0000000000000E+00  1.1040841788897E+00  6.0263760185165E-01  4.7890946434455E-04  0.0000000000000E+00
 0.0000000000000E+00  1.2219509248095E+00  6.5669877353499E-01  5.7194630218335E-04  0.0000000000000E+00
 0.0000000000000E+00  1.3506362979409E+00  7.1138327372212E-01  6.7601325727305E-04  0.0000000000000E+00
 0.0000000000000E+00  1.4913117716510E+00  7.6542034899270E-01  7.8958990183447E-04  0.0000000000000E+00
 0.0000000000000E+00  1.6453190177622E+00  8.1720364508001E-01  9.0968000356653E-04  0.0000000000000E+00
 0.0000000000000E+00  1.8141994004940E+00  8.6487379565957E-01  1.0315652386377E-03  0.0000000000000E+00
 0.0000000000000E+00  1.9997295470214E+00  9.0652061079293E-01  1.1489005463844E-03  0.0000000000000E+00
 0.0000000000000E+00  2.2039644338840E+00  9.4051915073107E-01  1.2544090612574E-03  0.0000000000000E+00
 0.0000000000000E+00  2.4292898137085E+00  9.6594914630554E-01  1.3413189038041E-03  0.0000000000000E+00
 0.0000000000000E+00  2.6784863059733E+00  9.8295025243193E-01  1.4053044817370E-03  0.0000000000000E+00
 0.0000000000000E+00  2.9548081253617E+00  9.9279760735239E-01  1.4461232303402E-03  0.0000000000000E+00
 0.0000000000000E+00  3.2620802702989E+00  9.9754934522125E-01  1.4678223019974E-03  0.0000000000000E+00
 0.0000000000000E+00  3.6048191074170E+00  9.9936737595468E-01  1.4769720113698E-03  0.0000000000000E+00
 0.0000000000000E+00  3.9883827509977E+00  9.9988537827877E-01  1.4798466100234E-03  0.0000000000000E+00
 0.0000000000000E+00  4.4191595630774E+00  9.9998683714371E-01  1.4804678450465E-03  0.0000000000000E+00
 0.0000000000000E+00  4.9048056364975E+00  9.9999916267456E-01  1.4805511851653E-03  0.0000000000000E+00
 0.0000000000000E+00  5.4545454545455E+00  9.9999997533824E-01  1.4805572599797E-03  0.0000000000000E+00
 0.0000000000000E+00  6.0795542687962E+00  9.9999999973563E-01  1.4805574619244E-03  0.0000000000000E+00
 0.0000000000000E+00  6.7934463423832E+00  9.9999999999926E-01  1.4805574643460E-03  0.0000000000000E+00
 0.0000000000000E+00  7.6129002726496E+00  1.0000000000000E+00  1.4805574643536E-03  0.0000000000000E+00
 0.0000000000000E+00  8.5584611558500E+00  1.0000000000000E+00  1.4805574643536E-03  0.0000000000000E+00
 0.0000000000000E+00  9.6555688906727E+00  1.0000000000000E+00  1.4805574643536E-03  0.0000000000000E+00
 0.0000000000000E+00  1.0935870685435E+01  1.0000000000000E+00  1.4805574643536E-03  0.0000000000000E+00
 0.0000000000000E+00  1.2438879256439E+01  1.0000000000000E+00  1.4805574643536E-03  0.0000000000000E+00
 0.0000000000000E+00  1.4214025594877E+01  1.0000000000000E+00  1.4805574643536E-03  0.0000000000000E+00
 0.0000000000000E+00  1.6323103064291E+01  1.0000000000000E+00  1.4805574643536E-03  0.0000000000000E+00
 0.0000000000000E+00  1.8842958547214E+01  1.0000000000000E+00  1.4805574643536E-03  0.0000000000000E+00
 0.0000000000000E+00  2.1867956415951E+01  1.0000000000000E+00  1.4805574643542E-03  0.0000000000000E+00
 0.0000000000000E+00  2.5511030361867E+01  1.0000000000000E+00  1.4805574643551E-03  0.0000000000000E+00
 0.0000000000000E+00  2.9900709274659E+01  1.0000000000000E+00  1.4805574643562E-03  0.0000000000000E+00
 0.0000000000000E+00  3.5168864215715E+01  1.0000000000000E+00  1.4805574643576E-03  0.0000000000000E+00
 0.0000000000000E+00  4.1419695291531E+01  1.0000000000000E+00  1.4805574643589E-03  0.0000000000000E+00
 0.0000000000000E+00  4.8665626607709E+01  1.0000000000000E+00  1.4805574643607E-03  0.0000000000000E+00
 0.0000000000000E+00  5.6716111653915E+01  1.0000000000000E+00  1.4805574643628E-03  0.0000000000000E+00
 0.0000000000000E+00  6.5027225430406E+01  1.0000000000000E+00  1.4805574643649E-03  0.0000000000000E+00
 0.0000000000000E+00  7.2587189964099E+01  1.0000000000000E+00  1.4805574643668E-03  0.0000000000000E+00
 0.0000000000000E+00  7.8010805313165E+01  1.0000000000000E+00  1.4805574643679E-03  0.0000000000000E+00
 0.0000000000000E+00  8.0000000000000E+01  1.0000000000000E+00  1.4805574643685E-03  0.0000000000000E+00
   64  3.3925881962650E+02
 0.0000000000000E+00  0.0000000000000E+00  0.0000000000000E+00  1.0000000000000E+00
 0.0000000000000E+00  0.0000000000000E+00  0.0000000000000E+00  0.0000000000000E+00  0.0000000000000E+00
 0.0000000000000E+00  1.2134956257652E-03  6.9180773078065E-04  6.1813103362407E-10  0.0000000000000E+00
 0.0000000000000E+00  4.8598042576750E-03  2.7705498693283E-03  9.9201972649223E-09  0.0000000000000E+00
 0.0000000000000E+00  1.0956449776219E-02  6.2462164477469E-03  5.0428066546657E-08  0.0000000000000E+00
 0.0000000000000E+00  1.9532835037547E-02  1.1135567821482E-02  1.6027977997768E-07  0.0000000000000E+00
 0.0000000000000E+00  3.0630539981632E-02  1.7462298804605E-02  3.9415103362029E-07  0.0000000000000E+00
 0.0000000000000E+00  4.4303746127476E-02  2.5257265386657E-02  8.2458366984303E-07  0.0000000000000E+00
 0.0000000000000E+00  6.0619794820640E-02  3.4558769877547E-02  1.5437600398546E-06  0.0000000000000E+00
 0.0000000000000E+00  7.9659889028125E-02  4.5412897432215E-02  2.6657735257639E-06  0.0000000000000E+00
 0.0000000000000E+00  1.0151995116565E-01  5.7873892420194E-02  4.3294565456922E-06  0.0000000000000E+00
 0.0000000000000E+00  1.2631165246940E-01  7.2004556276809E-02  6.7018370367713E-06  0.0000000000000E+00
 0.0000000000000E+00  1.5416363287784E-01  8.7876638359455E-02  9.9823045074874E-06  0.0000000000000E+00
 0.0000000000000E+00  1.8522293437556E-01  1.0557117659594E-01  1.4407579311887E-05  0.0000000000000E+00
 0.0000000000000E+00  2.1965667539691E-01  1.2517872265493E-01  2.0257558984021E-05  0.0000000000000E+00
 0.0000000000000E+00  2.5765399934730E-01  1.4679935537033E-01  2.7862102766143E-05  0.0000000000000E+00
 0.0000000000000E+00  2.9942833676086E-01  1.7054234164428E-01  3.7608771223074E-05  0.0000000000000E+00
 0.0000000000000E+00  3.4522002830748E-01  1.9652524108333E-01  4.9951440116843E-05  0.0000000000000E+00
 0.0000000000000E+00  3.9529936507288E-01  2.2487216341703E-01  6.5419544416334E-05  0.0000000000000E+00
 0.0000000000000E+00  4.4997011361895E-01  2.5571076822692E-01  8.4627430463900E-05  0.0000000000000E+00
 0.0000000000000E+00  5.0957360672842E-01  2.8916743679067E-01  1.0828283775470E-04  0.0000000000000E+00
 0.0000000000000E+00  5.7449349700374E-01  3.2535983999414E-01  1.3719281631726E-04  0.0000000000000E+00
 0.0000000000000E+00  6.4516129032258E-01  3.6438587383828E-01  1.7226429029340E-04  0.0000000000000E+00
 0.0000000000000E+00  7.2206280043514E-01  4.0630765332422E-01  2.1449487016819E-04  0.0000000000000E+00
 0.0000000000000E+00  8.0574569584327E-01  4.5112900178271E-01  2.6494726988793E-04  0.0000000000000E+00
 0.0000000000000E+00  8.9682834696002E-01  4.9876476284451E-01  3.2469775932272E-04  0.0000000000000E+00
 0.0000000000000E+00  9.9601022724332E-01  5.4900055047982E-01  3.9474575220366E-04  0.0000000000000E+00
 0.0000000000000E+00  1.1040841788897E+00  6.0144266502529E-01  4.7586880393607E-04  0.0000000000000E+00
 0.0000000000000E+00  1.2219509248095E+00  6.5546052592569E-01  5.6840720538186E-04  0.0000000000000E+00
 0.0000000000000E+00  1.3506362979409E+00  7.1012900868730E-01  6.7196939654919E-04  0.0000000000000E+00
 0.0000000000000E+00  1.4913117716510E+00  7.6418630135527E-01  7.8507072925336E-04  0.0000000000000E+00
 0.0000000000000E+00  1.6453190177622E+00  8.1603406184836E-01  9.0476257172215E-04  0.0000000000000E+00
 0.0000000000000E+00  1.8141994004940E+00  8.6381743139701E-01  1.0263809996362E-03  0.0000000000000E+00
 0.0000000000000E+00  1.9997295470214E+00  9.0562387867010E-01  1.1436300940883E-03  0.0000000000000E+00
 0.0000000000000E+00  2.2039644338840E+00  9.3981627289017E-01  1.2492577555711E-03  0.0000000000000E+00
 0.0000000000000E+00  2.4292898137085E+00  9.6545179429552E-01  1.3364720612672E-03  0.0000000000000E+00
 0.0000000000000E+00  2.6784863059733E+00  9.8264152970475E-01  1.4008740758847E-03  0.0000000000000E+00
 0.0000000000000E+00  2.9548081253617E+00  9.9263550866243E-01  1.4421129561895E-03  0.0000000000000E+00
 0.0000000000000E+00  3.2620802702989E+00  9.9748062019589E-01  1.4641383876689E-03  0.0000000000000E+00
 0.0000000000000E+00  3.6048191074170E+00  9.9934521287081E-01  1.4734800964324E-03  0.0000000000000E+00
 0.0000000000000E+00  3.9883827509977E+00  9.9988034713043E-01  1.4764364029619E-03  0.0000000000000E+00
 0.0000000000000E+00  4.4191595630774E+00  9.9998611077262E-01  1.4770810897595E-03  0.0000000000000E+00
 0.0000000000000E+00  4.9048056364975E+00  9.9999910434168E-01  1.4771685535418E-03  0.0000000000000E+00
 0.0000000000000E+00  5.4545454545455E+00  9.9999997315836E-01  1.4771750190840E-03  0.0000000000000E+00
 0.0000000000000E+00  6.0795542687962E+00  9.9999999970580E-01  1.4771752378434E-03  0.0000000000000E+00
 0.0000000000000E+00  6.7934463423832E+00  9.9999999999915E-01  1.4771752405260E-03  0.0000000000000E+00
 0.0000000000000E+00  7.6129002726496E+00  1.0000000000000E+00  1.4771752405346E-03  0.0000000000000E+00
 0.0000000000000E+00  8.5584611558500E+00  1.0000000000000E+00  1.4771752405346E-03  0.0000000000000E+00
 0.0000000000000E+00  9.6555688906727E+00  1.0000000000000E+00  1.4771752405346E-03  0.0000000000000E+00
 0.0000000000000E+00  1.0935870685435E+01  1.0000000000000E+00  1.4771752405346E-03  0.0000000000000E+00
 0.0000000000000E+00  1.2438879256439E+01  1.0000000000000E+00  1.4771752405346E-03  0.0000000000000E+00
 0.0000000000000E+00  1.4214025594877E+01  1.0000000000000E+00  1.4771752405346E-03  0.0000000000000E+00
 0.0000000000000E+00  1.6323103064291E+01  1.0000000000000E+00  1.4771752405346E-03  0.0000000000000E+00
 0.0000000000000E+00  1.8842958547214E+01  1.0000000000000E+00  1.4771752405346E-03  0.0000000000000E+00
 0.0000000000000E+00  2.1867956415951E+01  1.0000000000000E+00  1.4771752405352E-03  0.0000000000000E+00
 0.0000000000000E+00  2.5511030361867E+01  1.0000000000000E+00  1.4771752405361E-03  0.0000000000000E+00
 0.0000000000000E+00  2.9900709274659E+01  1.0000000000000E+00  1.4771752405372E-03  0.0000000000000E+00
 0.0000000000000E+00  3.5168864215715E+01  1.0000000000000E+00  1.4771752405386E-03  0.0000000000000E+00
 0.0000000000000E+00  4.1419695291531E+01  1.0000000000000E+00  1.4771752405399E-03  0.0000000000000E+00
 0.0000000000000E+00  4.8665626607709E+01  1.0000000000000E+00  1.4771752405417E-03  0.0000000000000E+00
 0.0000000000000E+00  5.6716111653915E+01  1.0000000000000E+00  1.4771752405438E-03  0.0000000000000E+00
 0.0000000000000E+00  6.5027225430406E+01  1.0000000000000E+00  1.4771752405459E-03  0.0000000000000E+00
 0.0000000000000E+00  7.2587189964099E+01  1.0000000000000E+00  1.4771752405478E-03  0.0000000000000E+00
 0.0000000000000E+00  7.8010805313165E+01  1.0000000000000E+00  1.4771752405489E-03  0.0000000000000E+00
 0.0000000000000E+00  8.0000000000000E+01  1.0000000000000E+00  1.4771752405494E-03  0.0000000000000E+00
   64  3.4142691795059E+02
 0.0000000000000E+00  0.0000000000000E+00  0.0000000000000E+00  1.0000000000000E+00
 0.0000000000000E+00  0.0000000000000E+00  0.0000000000000E+00  0.0000000000000E+00  0.0000000000000E+00
 0.0000000000000E+00  1.2134956257652E-03  6.8960770518607E-04  6.1225091466025E-10  0.0000000000000E+00
 0.0000000000000E+00  4.8598042576750E-03  2.7617392124231E-03  9.8258493181665E-09  0.0000000000000E+00
 0.0000000000000E+00  1.0956449776219E-02  6.2263527867885E-03  4.9948480373028E-08  0.0000000000000E+00
 0.0000000000000E+00  1.9532835037547E-02  1.1100155503606E-02  1.5875549459463E-07  0.0000000000000E+00
 0.0000000000000E+00  3.0630539981632E-02  1.7406766916851E-02  3.9040262964915E-07  0.0000000000000E+00
 0.0000000000000E+00  4.4303746127476E-02  2.5176945199853E-02  8.1674187933543E-07  0.0000000000000E+00
 0.0000000000000E+00  6.0619794820640E-02  3.4448871697194E-02  1.5290790224867E-06  0.0000000000000E+00
 0.0000000000000E+00  7.9659889028125E-02  4.5268486981668E-02  2.6404226724073E-06  0.0000000000000E+00
 0.0000000000000E+00  1.0151995116565E-01  5.7689867094920E-02  4.2882856933499E-06  0.0000000000000E+00
 0.0000000000000E+00  1.2631165246940E-01  7.1775621924730E-02  6.6381095054552E-06  0.0000000000000E+00
 0.0000000000000E+00  1.5416363287784E-01  8.7597287700874E-02  9.8873918174761E-06  0.0000000000000E+00
 0.0000000000000E+00  1.8522293437556E-01  1.0523567106794E-01  1.4270611145671E-05  0.0000000000000E+00
 0.0000000000000E+00  2.1965667539691E-01  1.2478108042457E-01  2.0065022283959E-05  0.0000000000000E+00
 0.0000000000000E+00  2.5765399934730E-01  1.4633334964072E-01  2.7597384697254E-05  0.0000000000000E+00
 0.0000000000000E+00  2.9942833676086E-01  1.7000151530910E-01  3.7251642942076E-05  0.0000000000000E+00
 0.0000000000000E+00  3.4522002830748E-01  1.9590294650032E-01  4.9477483136324E-05  0.0000000000000E+00
 0.0000000000000E+00  3.9529936507288E-01  2.2416163980707E-01  6.4799529676945E-05  0.0000000000000E+00
 0.0000000000000E+00  4.4997011361895E-01  2.5490527424439E-01  8.3826674677962E-05  0.0000000000000E+00
 0.0000000000000E+00  5.0957360672842E-01  2.8826046240956E-01  1.0726058512390E-04  0.0000000000000E+00
 0.0000000000000E+00  5.7449349700374E-01  3.2434543014080E-01  1.3590173087271E-04  0.0000000000000E+00
 0.0000000000000E+00  6.4516129032258E-01  3.6325910603158E-01  1.7065020079740E-04  0.0000000000000E+00
 0.0000000000000E+00  7.2206280043514E-01  4.0506532121952E-01  2.1249699140837E-04  0.0000000000000E+00
 0.0000000000000E+00  8.0574569584327E-01  4.4977056412766E-01  2.6249923851590E-04  0.0000000000000E+00
 0.0000000000000E+00  8.9682834696002E-01  4.9729361465973E-01  3.2172996544573E-04  0.0000000000000E+00
 0.0000000000000E+00  9.9601022724332E-01  5.4742565101668E-01  3.9118960583441E-04  0.0000000000000E+00
 0.0000000000000E+00  1.1040841788897E+00  5.9978049307871E-01  4.7166369069073E-04  0.0000000000000E+00
 0.0000000000000E+00  1.2219509248095E+00  6.5373720048997E-01  5.6351083954586E-04  0.0000000000000E+00
 0.0000000000000E+00  1.3506362979409E+00  7.0838217967016E-01  6.6637184713404E-04  0.0000000000000E+00
 0.0000000000000E+00  1.4913117716510E+00  7.6246606676311E-01  7.7881123937490E-04  0.0000000000000E+00
 0.0000000000000E+00  1.6453190177622E+00  8.1440175757848E-01  8.9794606246730E-04  0.0000000000000E+00
 0.0000000000000E+00  1.8141994004940E+00  8.6234087554241E-01  1.0191878447856E-03  0.0000000000000E+00
 0.0000000000000E+00  1.9997295470214E+00  9.0436797366619E-01  1.1363094625499E-03  0.0000000000000E+00
 0.0000000000000E+00  2.2039644338840E+00  9.3882937581717E-01  1.2420946186888E-03  0.0000000000000E+00
 0.0000000000000E+00  2.4292898137085E+00  9.6475122260554E-01  1.3297256445466E-03  0.0000000000000E+00
 0.0000000000000E+00  2.6784863059733E+00  9.8220488854103E-01  1.3947036980137E-03  0.0000000000000E+00
 0.0000000000000E+00  2.9548081253617E+00  9.9240506595450E-01  1.4365281338118E-03  0.0000000000000E+00
 0.0000000000000E+00  3.2620802702989E+00  9.9738228720236E-01  1.4590117703107E-03  0.0000000000000E+00
 0.0000000000000E+00  3.6048191074170E+00  9.9931324341205E-01  1.4686252301158E-03  0.0000000000000E+00
 0.0000000000000E+00  3.9883827509977E+00  9.9987301540979E-01  1.4716982803784E-03  0.0000000000000E+00
 0.0000000000000E+00  4.4191595630774E+00  9.9998503852049E-01  1.4723768573397E-03  0.0000000000000E+00
 0.0000000000000E+00  4.9048056364975E+00  9.9999901681387E-01  1.4724703634247E-03  0.0000000000000E+00
 0.0000000000000E+00  5.4545454545455E+00  9.9999996981862E-01  1.4724774113695E-03  0.0000000000000E+00
 0.0000000000000E+00  6.0795542687962E+00  9.9999999965886E-01  1.4724776557338E-03  0.0000000000000E+00
 0.0000000000000E+00  6.7934463423832E+00  9.9999999999897E-01  1.4724776588247E-03  0.0000000000000E+00
 0.0000000000000E+00  7.6129002726496E+00  1.0000000000000E+00  1.4724776588351E-03  0.0000000000000E+00
 0.0000000000000E+00  8.5584611558500E+00  1.0000000000000E+00  1.4724776588351E-03  0.0000000000000E+00
 0.0000000000000E+00  9.6555688906727E+00  1.0000000000000E+00  1.4724776588351E-03  0.0000000000000E+00
 0.0000000000000E+00  1.0935870685435E+01  1.0000000000000E+00  1.4724776588351E-03  0.0000000000000E+00
 0.0000000000000E+00  1.2438879256439E+01  1.0000000000000E+00  1.4724776588351E-03  0.0000000000000E+00
 0.0000000000000E+00  1.4214025594877E+01  1.0000000000000E+00  1.4724776588351E-03  0.0000000000000E+00
 0.0000000000000E+00  1.6323103064291E+01  1.0000000000000E+00  1.4724776588351E-03  0.0000000000000E+00
 0.0000000000000E+00  1.8842958547214E+01  1.0000000000000E+00  1.4724776588351E-03  0.0000000000000E+00
 0.0000000000000E+00  2.1867956415951E+01  1.0000000000000E+00  1.4724776588356E-03  0.0000000000000E+00
 0.0000000000000E+00  2.5511030361867E+01  1.0000000000000E+00  1.4724776588365E-03  0.0000000000000E+00
 0.0000000000000E+00  2.9900709274659E+01  1.0000000000000E+00  1.4724776588376E-03  0.0000000000000E+00
 0.0000000000000E+00  3.5168864215715E+01  1.0000000000000E+00  1.4724776588390E-03  0.0000000000000E+00
 0.0000000000000E+00  4.1419695291531E+01  1.0000000000000E+00  1.4724776588403E-03  0.0000000000000E+00
 0.0000000000000E+00  4.8665626607709E+01  1.0000000000000E+00  1.4724776588421E-03  0.0000000000000E+00
 0.0000000000000E+00  5.6716111653915E+01  1.0000000000000E+00  1.4724776588441E-03  0.0000000000000E+00
 0.0000000000000E+00  6.5027225430406E+01  1.0000000000000E+00  1.4724776588462E-03  0.0000000000000E+00
 0.0000000000000E+00  7.2587189964099E+01  1.0000000000000E+00  1.4724776588481E-03  0.0000000000000E+00
 0.0000000000000E+00  7.8010805313165E+01  1.0000000000000E+00  1.4724776588492E-03  0.0000000000000E+00
 0.0000000000000E+00  8.0000000000000E+01  1.0000000000000E+00  1.4724776588497E-03  0.0000000000000E+00
   64  3.4405812362334E+02
 0.0000000000000E+00  0.0000000000000E+00  0.0000000000000E+00  1.0000000000000E+00
 0.0000000000000E+00  0.0000000000000E+00  0.0000000000000E+00  0.0000000000000E+00  0.0000000000000E+00
 0.0000000000000E+00  1.2134956257652E-03  6.8696573565370E-04  6.0523901585934E-10  0.0000000000000E+00
 0.0000000000000E+00  4.8598042576750E-03  2.7511586595585E-03  9.7133415154416E-09  0.0000000000000E+00
 0.0000000000000E+00  1.0956449776219E-02  6.2024988883238E-03  4.9376584485680E-08  0.0000000000000E+00
 0.0000000000000E+00  1.9532835037547E-02  1.1057629513844E-02  1.5693781782168E-07  0.0000000000000E+00
 0.0000000000000E+00  3.0630539981632E-02  1.7340079710104E-02  3.8593274004085E-07  0.0000000000000E+00
 0.0000000000000E+00  4.4303746127476E-02  2.5080490179583E-02  8.0739071508369E-07  0.0000000000000E+00
 0.0000000000000E+00  6.0619794820640E-02  3.4316896987754E-02  1.5115722264222E-06  0.0000000000000E+00
 0.0000000000000E+00  7.9659889028125E-02  4.5095067048256E-02  2.6101923177417E-06  0.0000000000000E+00
 0.0000000000000E+00  1.0151995116565E-01  5.7468874190778E-02  4.2391902951477E-06  0.0000000000000E+00
 0.0000000000000E+00  1.2631165246940E-01  7.1500698140024E-02  6.5621156430076E-06  0.0000000000000E+00
 0.0000000000000E+00  1.5416363287784E-01  8.7261818932255E-02  9.7742100317742E-06  0.0000000000000E+00
 0.0000000000000E+00  1.8522293437556E-01  1.0483276502484E-01  1.4107278399257E-05  0.0000000000000E+00
 0.0000000000000E+00  2.1965667539691E-01  1.2430355192863E-01  1.9835423650172E-05  0.0000000000000E+00
 0.0000000000000E+00  2.5765399934730E-01  1.4577371811388E-01  2.7281707902641E-05  0.0000000000000E+00
 0.0000000000000E+00  2.9942833676086E-01  1.6935202164188E-01  3.6825761958105E-05  0.0000000000000E+00
 0.0000000000000E+00  3.4522002830748E-01  1.9515559972002E-01  4.8912272709483E-05  0.0000000000000E+00
 0.0000000000000E+00  3.9529936507288E-01  2.2330830841275E-01  6.4060122462710E-05  0.0000000000000E+00
 0.0000000000000E+00  4.4997011361895E-01  2.5393784307472E-01  8.2871689648767E-05  0.0000000000000E+00
 0.0000000000000E+00  5.0957360672842E-01  2.8717108378469E-01  1.0604138367924E-04  0.0000000000000E+00
 0.0000000000000E+00  5.7449349700374E-01  3.2312690790984E-01  1.3436180089331E-04  0.0000000000000E+00
 0.0000000000000E+00  6.4516129032258E-01  3.6190546294495E-01  1.6872483589456E-04  0.0000000000000E+00
 0.0000000000000E+00  7.2206280043514E-01  4.0357261175472E-01  2.1011352967861E-04  0.0000000000000E+00
 0.0000000000000E+00  8.0574569584327E-01  4.4813800414021E-01  2.5957826056272E-04  0.0000000000000E+00
 0.0000000000000E+00  8.9682834696002E-01  4.9552509683359E-01  3.1818802229626E-04  0.0000000000000E+00
 0.0000000000000E+00  9.9601022724332E-01  5.4553168947368E-01  3.8694423691547E-04  0.0000000000000E+00
 0.0000000000000E+00  1.1040841788897E+00  5.9778056588278E-01  4.6664163442324E-04  0.0000000000000E+00
 0.0000000000000E+00  1.2219509248095E+00  6.5166230323867E-01  5.5766029558986E-04  0.0000000000000E+00
 0.0000000000000E+00  1.3506362979409E+00  7.0627712682433E-01  6.5967915378819E-04  0.0000000000000E+00
 0.0000000000000E+00  1.4913117716510E+00  7.6039066362049E-01  7.7132098574744E-04  0.0000000000000E+00
 0.0000000000000E+00  1.6453190177622E+00  8.1242946955605E-01  8.8978103021395E-04  0.0000000000000E+00
 0.0000000000000E+00  1.8141994004940E+00  8.6055328898037E-01  1.0105612426676E-03  0.0000000000000E+00
 0.0000000000000E+00  1.9997295470214E+00  9.0284368858797E-01  1.1275179099760E-03  0.0000000000000E+00
 0.0000000000000E+00  2.2039644338840E+00  9.3762772186544E-01  1.2334798513684E-03  0.0000000000000E+00
 0.0000000000000E+00  2.4292898137085E+00  9.6389469945453E-01  1.3216016862160E-03  0.0000000000000E+00
 0.0000000000000E+00  2.6784863059733E+00  9.8166827358938E-01  1.3872676528867E-03  0.0000000000000E+00
 0.0000000000000E+00  2.9548081253617E+00  9.9212000415401E-01  1.4297982110513E-03  0.0000000000000E+00
 0.0000000000000E+00  3.2620802702989E+00  9.9725964375553E-01  1.4528396086430E-03  0.0000000000000E+00
 0.0000000000000E+00  3.6048191074170E+00  9.9927295624566E-01  1.4627872975966E-03  0.0000000000000E+00
 0.0000000000000E+00  3.9883827509977E+00  9.9986365520624E-01  1.4660056726559E-03  0.0000000000000E+00
 0.0000000000000E+00  4.4191595630774E+00  9.9998364693736E-01  1.4667270517938E-03  0.0000000000000E+00
 0.0000000000000E+00  4.9048056364975E+00  9.9999890082876E-01  1.4668283252034E-03  0.0000000000000E+00
 0.0000000000000E+00  5.4545454545455E+00  9.9999996527412E-01  1.4668361383444E-03  0.0000000000000E+00
 0.0000000000000E+00  6.0795542687962E+00  9.9999999959278E-01  1.4668364172786E-03  0.0000000000000E+00
 0.0000000000000E+00  6.7934463423832E+00  9.9999999999872E-01  1.4668364209400E-03  0.0000000000000E+00
 0.0000000000000E+00  7.6129002726496E+00  1.0000000000000E+00  1.4668364209528E-03  0.0000000000000E+00
 0.0000000000000E+00  8.5584611558500E+00  1.0000000000000E+00  1.4668364209529E-03  0.0000000000000E+00
 0.0000000000000E+00  9.6555688906727E+00  1.0000000000000E+00  1.4668364209528E-03  0.0000000000000E+00
 0.0000000000000E+00  1.0935870685435E+01  1.0000000000000E+00  1.4668364209528E-03  0.0000000000000E+00
 0.0000000000000E+00  1.2438879256439E+01  1.0000000000000E+00  1.4668364209529E-03  0.0000000000000E+00
 0.0000000000000E+00  1.4214025594877E+01  1.0000000000000E+00  1.4668364209529E-03  0.0000000000000E+00
 0.0000000000000E+00  1.6323103064291E+01  1.0000000000000E+00  1.4668364209529E-03  0.0000000000000E+00
 0.0000000000000E+00  1.8842958547214E+01  1.0000000000000E+00  1.4668364209529E-03  0.0000000000000E+00
 0.0000000000000E+00  2.1867956415951E+01  1.0000000000000E+00  1.4668364209534E-03  0.0000000000000E+00
 0.0000000000000E+00  2.5511030361867E+01  1.0000000000000E+00  1.4668364209543E-03  0.0000000000000E+00
 0.0000000000000E+00  2.9900709274659E+01  1.0000000000000E+00  1.4668364209554E-03  0.0000000000000E+00
 0.0000000000000E+00  3.5168864215715E+01  1.0000000000000E+00  1.4668364209567E-03  0.0000000000000E+00
 0.0000000000000E+00  4.1419695291531E+01  1.0000000000000E+00  1.4668364209580E-03  0.0000000000000E+00
 0.0000000000000E+00  4.8665626607709E+01  1.0000000000000E+00  1.4668364209598E-03  0.0000000000000E+00
 0.0000000000000E+00  5.6716111653915E+01  1.0000000000000E+00  1.4668364209618E-03  0.0000000000000E+00
 0.0000000000000E+00  6.5027225430406E+01  1.0000000000000E+00  1.4668364209639E-03  0.0000000000000E+00
 0.0000000000000E+00  7.2587189964099E+01  1.0000000000000E+00  1.4668364209658E-03  0.0000000000000E+00
 0.0000000000000E+00  7.8010805313165E+01  1.0000000000000E+00  1.4668364209669E-03  0.0000000000000E+00
 0.0000000000000E+00  8.0000000000000E+01  1.0000000000000E+00  1.4668364209673E-03  0.0000000000000E+00
   64  3.4671518765860E+02
 0.0000000000000E+00  0.0000000000000E+00  0.0000000000000E+00  1.0000000000000E+00
 0.0000000000000E+00  0.0000000000000E+00  0.0000000000000E+00  0.0000000000000E+00  0.0000000000000E+00
 0.0000000000000E+00  1.2134956257652E-03  6.8432838002937E-04  5.9829296396346E-10  0.0000000000000E+00
 0.0000000000000E+00  4.8598042576750E-03  2.7405965844592E-03  9.6018900571871E-09  0.0000000000000E+00
 0.0000000000000E+00  1.0956449776219E-02  6.1786866480095E-03  4.8810057987285E-08  0.0000000000000E+00
 0.0000000000000E+00  1.9532835037547E-02  1.1015177790527E-02  1.5513720652433E-07  0.0000000000000E+00
 0.0000000000000E+00  3.0630539981632E-02  1.7273508962175E-02  3.8150481612736E-07  0.0000000000000E+00
 0.0000000000000E+00  4.4303746127476E-02  2.4984203594118E-02  7.9812734356884E-07  0.0000000000000E+00
 0.0000000000000E+00  6.0619794820640E-02  3.4185152711178E-02  1.4942297885911E-06  0.0000000000000E+00
 0.0000000000000E+00  7.9659889028125E-02  4.4921949835286E-02  2.5802457629157E-06  0.0000000000000E+00
 0.0000000000000E+00  1.0151995116565E-01  5.7248266861517E-02  4.1905557674572E-06  0.0000000000000E+00
 0.0000000000000E+00  1.2631165246940E-01  7.1226253605177E-02  6.4868350607177E-06  0.0000000000000E+00
 0.0000000000000E+00  1.5416363287784E-01  8.6926934083530E-02  9.6620903392686E-06  0.0000000000000E+00
 0.0000000000000E+00  1.8522293437556E-01  1.0443055857329E-01  1.3945477810326E-05  0.0000000000000E+00
 0.0000000000000E+00  2.1965667539691E-01  1.2382684939914E-01  1.9607977566781E-05  0.0000000000000E+00
 0.0000000000000E+00  2.5765399934730E-01  1.4521504882164E-01  2.6968988094879E-05  0.0000000000000E+00
 0.0000000000000E+00  2.9942833676086E-01  1.6870363474174E-01  3.6403865069506E-05  0.0000000000000E+00
 0.0000000000000E+00  3.4522002830748E-01  1.9440950960987E-01  4.8352339697818E-05  0.0000000000000E+00
 0.0000000000000E+00  3.9529936507288E-01  2.2245638416577E-01  6.3327600108485E-05  0.0000000000000E+00
 0.0000000000000E+00  4.4997011361895E-01  2.5297196250954E-01  8.1925561865056E-05  0.0000000000000E+00
 0.0000000000000E+00  5.0957360672842E-01  2.8608338058867E-01  1.0483342751925E-04  0.0000000000000E+00
 0.0000000000000E+00  5.7449349700374E-01  3.2191015004011E-01  1.3283596503717E-04  0.0000000000000E+00
 0.0000000000000E+00  6.4516129032258E-01  3.6055361226943E-01  1.6681690512305E-04  0.0000000000000E+00
 0.0000000000000E+00  7.2206280043514E-01  4.0208162674727E-01  2.0775133436718E-04  0.0000000000000E+00
 0.0000000000000E+00  8.0574569584327E-01  4.4650695673996E-01  2.5668282340257E-04  0.0000000000000E+00
 0.0000000000000E+00  8.9682834696002E-01  4.9375767314678E-01  3.1467620405518E-04  0.0000000000000E+00
 0.0000000000000E+00  9.9601022724332E-01  5.4363811953229E-01  3.8273363196081E-04  0.0000000000000E+00
 0.0000000000000E+00  1.1040841788897E+00  5.9577995561874E-01  4.6165861306322E-04  0.0000000000000E+00
 0.0000000000000E+00  1.2219509248095E+00  6.4958519045512E-01  5.5185205941697E-04  0.0000000000000E+00
 0.0000000000000E+00  1.3506362979409E+00  7.0416781107068E-01  6.5303020130011E-04  0.0000000000000E+00
 0.0000000000000E+00  1.4913117716510E+00  7.5830845139389E-01  7.6387308997759E-04  0.0000000000000E+00
 0.0000000000000E+00  1.6453190177622E+00  8.1044747800236E-01  8.8165326758406E-04  0.0000000000000E+00
 0.0000000000000E+00  1.8141994004940E+00  8.5875310316197E-01  1.0019627294464E-03  0.0000000000000E+00
 0.0000000000000E+00  1.9997295470214E+00  9.0130447064209E-01  1.1187418469672E-03  0.0000000000000E+00
 0.0000000000000E+00  2.2039644338840E+00  9.3641005394829E-01  1.2248667391626E-03  0.0000000000000E+00
 0.0000000000000E+00  2.4292898137085E+00  9.6302289865170E-01  1.3134678361853E-03  0.0000000000000E+00
 0.0000000000000E+00  2.6784863059733E+00  9.8111900800310E-01  1.3798160442955E-03  0.0000000000000E+00
 0.0000000000000E+00  2.9548081253617E+00  9.9182614705127E-01  1.4230544516933E-03  0.0000000000000E+00
 0.0000000000000E+00  3.2620802702989E+00  9.9713208461477E-01  1.4466607377843E-03  0.0000000000000E+00
 0.0000000000000E+00  3.6048191074170E+00  9.9923058232072E-01  1.4569507537019E-03  0.0000000000000E+00
 0.0000000000000E+00  3.9883827509977E+00  9.9985367039601E-01  1.4603199371512E-03  0.0000000000000E+00
 0.0000000000000E+00  4.4191595630774E+00  9.9998213584731E-01  1.4610864372778E-03  0.0000000000000E+00
 0.0000000000000E+00  4.9048056364975E+00  9.9999877201100E-01  1.4611960573161E-03  0.0000000000000E+00
 0.0000000000000E+00  5.4545454545455E+00  9.9999996007991E-01  1.4612047124114E-03  0.0000000000000E+00
 0.0000000000000E+00  6.0795542687962E+00  9.9999999951443E-01  1.4612050305212E-03  0.0000000000000E+00
 0.0000000000000E+00  6.7934463423832E+00  9.9999999999839E-01  1.4612050348536E-03  0.0000000000000E+00
 0.0000000000000E+00  7.6129002726496E+00  1.0000000000000E+00  1.4612050348696E-03  0.0000000000000E+00
 0.0000000000000E+00  8.5584611558500E+00  1.0000000000000E+00  1.4612050348696E-03  0.0000000000000E+00
 0.0000000000000E+00  9.6555688906727E+00  1.0000000000000E+00  1.4612050348696E-03  0.0000000000000E+00
 0.0000000000000E+00  1.0935870685435E+01  1.0000000000000E+00  1.4612050348695E-03  0.0000000000000E+00
 0.0000000000000E+00  1.2438879256439E+01  1.0000000000000E+00  1.4612050348696E-03  0.0000000000000E+00
 0.0000000000000E+00  1.4214025594877E+01  1.0000000000000E+00  1.4612050348696E-03  0.0000000000000E+00
 0.0000000000000E+00  1.6323103064291E+01  1.0000000000000E+00  1.4612050348696E-03  0.0000000000000E+00
 0.0000000000000E+00  1.8842958547214E+01  1.0000000000000E+00  1.4612050348696E-03  0.0000000000000E+00
 0.0000000000000E+00  2.1867956415951E+01  1.0000000000000E+00  1.4612050348701E-03  0.0000000000000E+00
 0.0000000000000E+00  2.5511030361867E+01  1.0000000000000E+00  1.4612050348710E-03  0.0000000000000E+00
 0.0000000000000E+00  2.9900709274659E+01  1.0000000000000E+00  1.4612050348721E-03  0.0000000000000E+00
 0.0000000000000E+00  3.5168864215715E+01  1.0000000000000E+00  1.4612050348734E-03  0.0000000000000E+00
 0.0000000000000E+00  4.1419695291531E+01  1.0000000000000E+00  1.4612050348747E-03  0.0000000000000E+00
 0.0000000000000E+00  4.8665626607709E+01  1.0000000000000E+00  1.4612050348765E-03  0.0000000000000E+00
 0.0000000000000E+00  5.6716111653915E+01  1.0000000000000E+00  1.4612050348785E-03  0.0000000000000E+00
 0.0000000000000E+00  6.5027225430406E+01  1.0000000000000E+00  1.4612050348805E-03  0.0000000000000E+00
 0.0000000000000E+00  7.2587189964099E+01  1.0000000000000E+00  1.4612050348824E-03  0.0000000000000E+00
 0.0000000000000E+00  7.8010805313165E+01  1.0000000000000E+00  1.4612050348835E-03  0.0000000000000E+00
 0.0000000000000E+00  8.0000000000000E+01  1.0000000000000E+00  1.4612050348840E-03  0.0000000000000E+00
   64  3.4937225169385E+02
 0.0000000000000E+00  0.0000000000000E+00  0.0000000000000E+00  1.0000000000000E+00
 0.0000000000000E+00  0.0000000000000E+00  0.0000000000000E+00  0.0000000000000E+00  0.0000000000000E+00
 0.0000000000000E+00  1.2134956257652E-03  6.8172116853289E-04  5.9147874159718E-10  0.0000000000000E+00
 0.0000000000000E+00  4.8598042576750E-03  2.7301552304849E-03  9.4925536592709E-09  0.0000000000000E+00
 0.0000000000000E+00  1.0956449776219E-02  6.1551465739075E-03  4.8254282513751E-08  0.0000000000000E+00
 0.0000000000000E+00  1.9532835037547E-02  1.0973211276289E-02  1.5337076535416E-07  0.0000000000000E+00
 0.0000000000000E+00  3.0630539981632E-02  1.7207699093571E-02  3.7716092035646E-07  0.0000000000000E+00
 0.0000000000000E+00  4.4303746127476E-02  2.4889017520505E-02  7.8903976093632E-07  0.0000000000000E+00
 0.0000000000000E+00  6.0619794820640E-02  3.4054914184166E-02  1.4772164512621E-06  0.0000000000000E+00
 0.0000000000000E+00  7.9659889028125E-02  4.4750811161667E-02  2.5508674818328E-06  0.0000000000000E+00
 0.0000000000000E+00  1.0151995116565E-01  5.7030180647645E-02  4.1428441098573E-06  0.0000000000000E+00
 0.0000000000000E+00  1.2631165246940E-01  7.0954945031299E-02  6.4129828840451E-06  0.0000000000000E+00
 0.0000000000000E+00  1.5416363287784E-01  8.6595874971144E-02  9.5520978272318E-06  0.0000000000000E+00
 0.0000000000000E+00  1.8522293437556E-01  1.0403294527565E-01  1.3786746435864E-05  0.0000000000000E+00
 0.0000000000000E+00  2.1965667539691E-01  1.2335558764514E-01  1.9384844754940E-05  0.0000000000000E+00
 0.0000000000000E+00  2.5765399934730E-01  1.4466275022367E-01  2.6662196198065E-05  0.0000000000000E+00
 0.0000000000000E+00  2.9942833676086E-01  1.6806263189220E-01  3.5989960631940E-05  0.0000000000000E+00
 0.0000000000000E+00  3.4522002830748E-01  1.9367189981186E-01  4.7803004336430E-05  0.0000000000000E+00
 0.0000000000000E+00  3.9529936507288E-01  2.2161411614327E-01  6.2608923520259E-05  0.0000000000000E+00
 0.0000000000000E+00  4.4997011361895E-01  2.5201698625462E-01  8.0997283521956E-05  0.0000000000000E+00
 0.0000000000000E+00  5.0957360672842E-01  2.8500788816581E-01  1.0364819993393E-04  0.0000000000000E+00
 0.0000000000000E+00  5.7449349700374E-01  3.2070694480436E-01  1.3133873305627E-04  0.0000000000000E+00
 0.0000000000000E+00  6.4516129032258E-01  3.5921665551980E-01  1.6494455953155E-04  0.0000000000000E+00
 0.0000000000000E+00  7.2206280043514E-01  4.0060682271866E-01  2.0543289120779E-04  0.0000000000000E+00
 0.0000000000000E+00  8.0574569584327E-01  4.4489324607071E-01  2.5384051004150E-04  0.0000000000000E+00
 0.0000000000000E+00  8.9682834696002E-01  4.9200850450415E-01  3.1122799975231E-04  0.0000000000000E+00
 0.0000000000000E+00  9.9601022724332E-01  5.4176334590057E-01  3.7859799699826E-04  0.0000000000000E+00
 0.0000000000000E+00  1.1040841788897E+00  5.9379813294981E-01  4.5676228913061E-04  0.0000000000000E+00
 0.0000000000000E+00  1.2219509248095E+00  6.4752611039034E-01  5.4614180518591E-04  0.0000000000000E+00
 0.0000000000000E+00  1.3506362979409E+00  7.0207483520640E-01  6.4648888882438E-04  0.0000000000000E+00
 0.0000000000000E+00  1.4913117716510E+00  7.5623981457135E-01  7.5653935033262E-04  0.0000000000000E+00
 0.0000000000000E+00  1.6453190177622E+00  8.0847523400702E-01  8.7364139890266E-04  0.0000000000000E+00
 0.0000000000000E+00  1.8141994004940E+00  8.5695802616159E-01  9.9347578410759E-04  0.0000000000000E+00
 0.0000000000000E+00  1.9997295470214E+00  8.9976548503906E-01  1.1100667575689E-03  0.0000000000000E+00
 0.0000000000000E+00  2.2039644338840E+00  9.3518836658560E-01  1.2163393695998E-03  0.0000000000000E+00
 0.0000000000000E+00  2.4292898137085E+00  9.6214437385595E-01  1.3054035316146E-03  0.0000000000000E+00
 0.0000000000000E+00  2.6784863059733E+00  9.8056242247253E-01  1.3724214920167E-03  0.0000000000000E+00
 0.0000000000000E+00  2.9548081253617E+00  9.9152628054181E-01  1.4163623105092E-03  0.0000000000000E+00
 0.0000000000000E+00  3.2620802702989E+00  9.9700076498859E-01  1.4405349001821E-03  0.0000000000000E+00
 0.0000000000000E+00  3.6048191074170E+00  9.9918647333986E-01  1.4511719514390E-03  0.0000000000000E+00
 0.0000000000000E+00  3.9883827509977E+00  9.9984313080881E-01  1.4546960151293E-03  0.0000000000000E+00
 0.0000000000000E+00  4.4191595630774E+00  9.9998051247625E-01  1.4555095817144E-03  0.0000000000000E+00
 0.0000000000000E+00  4.9048056364975E+00  9.9999863050192E-01  1.4556280751879E-03  0.0000000000000E+00
 0.0000000000000E+00  5.4545454545455E+00  9.9999995420960E-01  1.4556376465806E-03  0.0000000000000E+00
 0.0000000000000E+00  6.0795542687962E+00  9.9999999942260E-01  1.4556380085886E-03  0.0000000000000E+00
 0.0000000000000E+00  6.7934463423832E+00  9.9999999999800E-01  1.4556380137011E-03  0.0000000000000E+00
 0.0000000000000E+00  7.6129002726496E+00  1.0000000000000E+00  1.4556380137209E-03  0.0000000000000E+00
 0.0000000000000E+00  8.5584611558500E+00  1.0000000000000E+00  1.4556380137209E-03  0.0000000000000E+00
 0.0000000000000E+00  9.6555688906727E+00  1.0000000000000E+00  1.4556380137209E-03  0.0000000000000E+00
 0.0000000000000E+00  1.0935870685435E+01  1.0000000000000E+00  1.4556380137208E-03  0.0000000000000E+00
 0.0000000000000E+00  1.2438879256439E+01  1.0000000000000E+00  1.4556380137209E-03  0.0000000000000E+00
 0.0000000000000E+00  1.4214025594877E+01  1.0000000000000E+00  1.4556380137209E-03  0.0000000000000E+00
 0.0000000000000E+00  1.6323103064291E+01  1.0000000000000E+00  1.4556380137209E-03  0.0000000000000E+00
 0.0000000000000E+00  1.8842958547214E+01  1.0000000000000E+00  1.4556380137209E-03  0.0000000000000E+00
 0.0000000000000E+00  2.1867956415951E+01  1.0000000000000E+00  1.4556380137214E-03  0.0000000000000E+00
 0.0000000000000E+00  2.5511030361867E+01  1.0000000000000E+00  1.4556380137223E-03  0.0000000000000E+00
 0.0000000000000E+00  2.9900709274659E+01  1.0000000000000E+00  1.4556380137234E-03  0.0000000000000E+00
 0.0000000000000E+00  3.5168864215715E+01  1.0000000000000E+00  1.4556380137247E-03  0.0000000000000E+00
 0.0000000000000E+00  4.1419695291531E+01  1.0000000000000E+00  1.4556380137259E-03  0.0000000000000E+00
 0.0000000000000E+00  4.8665626607709E+01  1.0000000000000E+00  1.4556380137277E-03  0.0000000000000E+00
 0.0000000000000E+00  5.6716111653915E+01  1.0000000000000E+00  1.4556380137297E-03  0.0000000000000E+00
 0.0000000000000E+00  6.5027225430406E+01  1.0000000000000E+00  1.4556380137317E-03  0.0000000000000E+00
 0.0000000000000E+00  7.2587189964099E+01  1.0000000000000E+00  1.4556380137336E-03  0.0000000000000E+00
 0.0000000000000E+00  7.8010805313165E+01  1.0000000000000E+00  1.4556380137347E-03  0.0000000000000E+00
 0.0000000000000E+00  8.0000000000000E+01  1.0000000000000E+00  1.4556380137351E-03  0.0000000000000E+00
   64  3.5202931572911E+02
 0.0000000000000E+00  0.0000000000000E+00  0.0000000000000E+00  1.0000000000000E+00
 0.0000000000000E+00  0.0000000000000E+00  0.0000000000000E+00  0.0000000000000E+00  0.0000000000000E+00
 0.0000000000000E+00  1.2134956257652E-03  6.7914353127584E-04  5.8479287252786E-10  0.0000000000000E+00
 0.0000000000000E+00  4.8598042576750E-03  2.7198323153477E-03  9.3852765521191E-09  0.0000000000000E+00
 0.0000000000000E+00  1.0956449776219E-02  6.1318735205930E-03  4.7708974586586E-08  0.0000000000000E+00
 0.0000000000000E+00  1.9532835037547E-02  1.0931720798042E-02  1.5163759333160E-07  0.0000000000000E+00
 0.0000000000000E+00  3.0630539981632E-02  1.7142635719589E-02  3.7289883712672E-07  0.0000000000000E+00
 0.0000000000000E+00  4.4303746127476E-02  2.4794911153358E-02  7.8012333211767E-07  0.0000000000000E+00
 0.0000000000000E+00  6.0619794820640E-02  3.3926152940854E-02  1.4605235370455E-06  0.0000000000000E+00
 0.0000000000000E+00  7.9659889028125E-02  4.4581613625241E-02  2.5220424911232E-06  0.0000000000000E+00
 0.0000000000000E+00  1.0151995116565E-01  5.6814567894319E-02  4.0960309904804E-06  0.0000000000000E+00
 0.0000000000000E+00  1.2631165246940E-01  7.0686713150762E-02  6.3405214551517E-06  0.0000000000000E+00
 0.0000000000000E+00  1.5416363287784E-01  8.6268569310274E-02  9.4441764223683E-06  0.0000000000000E+00
 0.0000000000000E+00  1.8522293437556E-01  1.0363983838470E-01  1.3631003386057E-05  0.0000000000000E+00
 0.0000000000000E+00  2.1965667539691E-01  1.2288966398103E-01  1.9165911572706E-05  0.0000000000000E+00
 0.0000000000000E+00  2.5765399934730E-01  1.4411670220942E-01  2.6361176103485E-05  0.0000000000000E+00
 0.0000000000000E+00  2.9942833676086E-01  1.6742887409560E-01  3.5583838317578E-05  0.0000000000000E+00
 0.0000000000000E+00  3.4522002830748E-01  1.9294261106064E-01  4.7263988030628E-05  0.0000000000000E+00
 0.0000000000000E+00  3.9529936507288E-01  2.2078132360196E-01  6.1903729264297E-05  0.0000000000000E+00
 0.0000000000000E+00  4.4997011361895E-01  2.5107271118165E-01  8.0086387099406E-05  0.0000000000000E+00
 0.0000000000000E+00  5.0957360672842E-01  2.8394438059126E-01  1.0248510740054E-04  0.0000000000000E+00
 0.0000000000000E+00  5.7449349700374E-01  3.1951704384003E-01  1.2986936113710E-04  0.0000000000000E+00
 0.0000000000000E+00  6.4516129032258E-01  3.5789432339813E-01  1.6310687912569E-04  0.0000000000000E+00
 0.0000000000000E+00  7.2206280043514E-01  3.9914791256736E-01  2.0315707804126E-04  0.0000000000000E+00
 0.0000000000000E+00  8.0574569584327E-01  4.4329657259548E-01  2.5104997269675E-04  0.0000000000000E+00
 0.0000000000000E+00  8.9682834696002E-01  4.9027728722664E-01  3.0784181917391E-04  0.0000000000000E+00
 0.0000000000000E+00  9.9601022724332E-01  5.3990707262482E-01  3.7453549521192E-04  0.0000000000000E+00
 0.0000000000000E+00  1.1040841788897E+00  5.9183482548964E-01  4.5195059560723E-04  0.0000000000000E+00
 0.0000000000000E+00  1.2219509248095E+00  6.4548483368644E-01  5.4052728168067E-04  0.0000000000000E+00
 0.0000000000000E+00  1.3506362979409E+00  6.9999803448091E-01  6.4005286471898E-04  0.0000000000000E+00
 0.0000000000000E+00  1.4913117716510E+00  7.5418467296180E-01  7.4931743844507E-04  0.0000000000000E+00
 0.0000000000000E+00  1.6453190177622E+00  8.0651275427375E-01  8.6574327226848E-04  0.0000000000000E+00
 0.0000000000000E+00  1.8141994004940E+00  8.5516816853044E-01  9.8509858279150E-04  0.0000000000000E+00
 0.0000000000000E+00  1.9997295470214E+00  8.9822691128185E-01  1.1014912436280E-03  0.0000000000000E+00
 0.0000000000000E+00  2.2039644338840E+00  9.3396286170993E-01  1.2078967549980E-03  0.0000000000000E+00
 0.0000000000000E+00  2.4292898137085E+00  9.6125929370157E-01  1.2974080406827E-03  0.0000000000000E+00
 0.0000000000000E+00  2.6784863059733E+00  9.7999861154506E-01  1.3650832777450E-03  0.0000000000000E+00
 0.0000000000000E+00  2.9548081253617E+00  9.9122042067289E-01  1.4097208791457E-03  0.0000000000000E+00
 0.0000000000000E+00  3.2620802702989E+00  9.9686565440906E-01  1.4344609517463E-03  0.0000000000000E+00
 0.0000000000000E+00  3.6048191074170E+00  9.9914059365718E-01  1.4454496163383E-03  0.0000000000000E+00
 0.0000000000000E+00  3.9883827509977E+00  9.9983201666110E-01  1.4491326257088E-03  0.0000000000000E+00
 0.0000000000000E+00  4.4191595630774E+00  9.9997877069620E-01  1.4499952411786E-03  0.0000000000000E+00
 0.0000000000000E+00  4.9048056364975E+00  9.9999847530043E-01  1.4501231564799E-03  0.0000000000000E+00
 0.0000000000000E+00  5.4545454545455E+00  9.9999994758895E-01  1.4501337235190E-03  0.0000000000000E+00
 0.0000000000000E+00  6.0795542687962E+00  9.9999999931527E-01  1.4501341346170E-03  0.0000000000000E+00
 0.0000000000000E+00  6.7934463423832E+00  9.9999999999752E-01  1.4501341406340E-03  0.0000000000000E+00
 0.0000000000000E+00  7.6129002726496E+00  1.0000000000000E+00  1.4501341406584E-03  0.0000000000000E+00
 0.0000000000000E+00  8.5584611558500E+00  1.0000000000000E+00  1.4501341406584E-03  0.0000000000000E+00
 0.0000000000000E+00  9.6555688906727E+00  1.0000000000000E+00  1.4501341406584E-03  0.0000000000000E+00
 0.0000000000000E+00  1.0935870685435E+01  1.0000000000000E+00  1.4501341406583E-03  0.0000000000000E+00
 0.0000000000000E+00  1.2438879256439E+01  1.0000000000000E+00  1.4501341406584E-03  0.0000000000000E+00
 0.0000000000000E+00  1.4214025594877E+01  1.0000000000000E+00  1.4501341406584E-03  0.0000000000000E+00
 0.0000000000000E+00  1.6323103064291E+01  1.0000000000000E+00  1.4501341406584E-03  0.0000000000000E+00
 0.0000000000000E+00  1.8842958547214E+01  1.0000000000000E+00  1.4501341406584E-03  0.0000000000000E+00
 0.0000000000000E+00  2.1867956415951E+01  1.0000000000000E+00  1.4501341406588E-03  0.0000000000000E+00
 0.0000000000000E+00  2.5511030361867E+01  1.0000000000000E+00  1.4501341406597E-03  0.0000000000000E+00
 0.0000000000000E+00  2.9900709274659E+01  1.0000000000000E+00  1.4501341406608E-03  0.0000000000000E+00
 0.0000000000000E+00  3.5168864215715E+01  1.0000000000000E+00  1.4501341406621E-03  0.0000000000000E+00
 0.0000000000000E+00  4.1419695291531E+01  1.0000000000000E+00  1.4501341406633E-03  0.0000000000000E+00
 0.0000000000000E+00  4.8665626607709E+01  1.0000000000000E+00  1.4501341406651E-03  0.0000000000000E+00
 0.0000000000000E+00  5.6716111653915E+01  1.0000000000000E+00  1.4501341406671E-03  0.0000000000000E+00
 0.0000000000000E+00  6.5027225430406E+01  1.0000000000000E+00  1.4501341406691E-03  0.0000000000000E+00
 0.0000000000000E+00  7.2587189964099E+01  1.0000000000000E+00  1.4501341406710E-03  0.0000000000000E+00
 0.0000000000000E+00  7.8010805313165E+01  1.0000000000000E+00  1.4501341406720E-03  0.0000000000000E+00
 0.0000000000000E+00  8.0000000000000E+01  1.0000000000000E+00  1.4501341406725E-03  0.0000000000000E+00
   64  3.5468637976437E+02
 0.0000000000000E+00  0.0000000000000E+00  0.0000000000000E+00  1.0000000000000E+00
 0.0000000000000E+00  0.0000000000000E+00  0.0000000000000E+00  0.0000000000000E+00  0.0000000000000E+00
 0.0000000000000E+00  1.2134956257652E-03  6.7659491334019E-04  5.7823199749415E-10  0.0000000000000E+00
 0.0000000000000E+00  4.8598042576750E-03  2.7096256167134E-03  9.2800048426791E-09  0.0000000000000E+00
 0.0000000000000E+00  1.0956449776219E-02  6.1088624778063E-03  4.7173860265652E-08  0.0000000000000E+00
 0.0000000000000E+00  1.9532835037547E-02  1.0890697423667E-02  1.4993681979268E-07  0.0000000000000E+00
 0.0000000000000E+00  3.0630539981632E-02  1.7078304833395E-02  3.6871642538577E-07  0.0000000000000E+00
 0.0000000000000E+00  4.4303746127476E-02  2.4701864233819E-02  7.7137357800131E-07  0.0000000000000E+00
 0.0000000000000E+00  6.0619794820640E-02  3.3798841263118E-02  1.4441426605179E-06  0.0000000000000E+00
 0.0000000000000E+00  7.9659889028125E-02  4.4414320806281E-02  2.4937563115488E-06  0.0000000000000E+00
 0.0000000000000E+00  1.0151995116565E-01  5.6601382198306E-02  4.0500928960950E-06  0.0000000000000E+00
 0.0000000000000E+00  1.2631165246940E-01  7.0421500252278E-02  6.2694143830833E-06  0.0000000000000E+00
 0.0000000000000E+00  1.5416363287784E-01  8.5944946713686E-02  9.3382719375487E-06  0.0000000000000E+00
 0.0000000000000E+00  1.8522293437556E-01  1.0325115342933E-01  1.3478170491440E-05  0.0000000000000E+00
 0.0000000000000E+00  2.1965667539691E-01  1.2242897841346E-01  1.8951068198642E-05  0.0000000000000E+00
 0.0000000000000E+00  2.5765399934730E-01  1.4357678781371E-01  2.6065776947850E-05  0.0000000000000E+00
 0.0000000000000E+00  2.9942833676086E-01  1.6680222598777E-01  3.5185294860307E-05  0.0000000000000E+00
 0.0000000000000E+00  3.4522002830748E-01  1.9222148824325E-01  4.6735021528716E-05  0.0000000000000E+00
 0.0000000000000E+00  3.9529936507288E-01  2.1995783049284E-01  6.1211666074746E-05  0.0000000000000E+00
 0.0000000000000E+00  4.4997011361895E-01  2.5013893940912E-01  7.9192420693145E-05  0.0000000000000E+00
 0.0000000000000E+00  5.0957360672842E-01  2.8289263773020E-01  1.0134357615484E-04  0.0000000000000E+00
 0.0000000000000E+00  5.7449349700374E-01  3.1834020507869E-01  1.2842713011244E-04  0.0000000000000E+00
 0.0000000000000E+00  6.4516129032258E-01  3.5658635332399E-01  1.6130297419967E-04  0.0000000000000E+00
 0.0000000000000E+00  7.2206280043514E-01  3.9770461619100E-01  2.0092280932418E-04  0.0000000000000E+00
 0.0000000000000E+00  8.0574569584327E-01  4.4171664384234E-01  2.4830990703064E-04  0.0000000000000E+00
 0.0000000000000E+00  8.9682834696002E-01  4.8856372445330E-01  3.0451612251589E-04  0.0000000000000E+00
 0.0000000000000E+00  9.9601022724332E-01  5.3806900990203E-01  3.7054434668973E-04  0.0000000000000E+00
 0.0000000000000E+00  1.1040841788897E+00  5.8988976581162E-01  4.4722152750903E-04  0.0000000000000E+00
 0.0000000000000E+00  1.2219509248095E+00  6.4346113419823E-01  5.3500630236515E-04  0.0000000000000E+00
 0.0000000000000E+00  1.3506362979409E+00  6.9793724507250E-01  6.3371984088356E-04  0.0000000000000E+00
 0.0000000000000E+00  1.4913117716510E+00  7.5214294470552E-01  7.4220508359159E-04  0.0000000000000E+00
 0.0000000000000E+00  1.6453190177622E+00  8.0456005138693E-01  8.5795678272180E-04  0.0000000000000E+00
 0.0000000000000E+00  1.8141994004940E+00  8.5338363507080E-01  9.7682933484799E-04  0.0000000000000E+00
 0.0000000000000E+00  1.9997295470214E+00  8.9668892296985E-01  1.0930139270735E-03  0.0000000000000E+00
 0.0000000000000E+00  2.2039644338840E+00  9.3273373681077E-01  1.1995379197753E-03  0.0000000000000E+00
 0.0000000000000E+00  2.4292898137085E+00  9.6036782529510E-01  1.2894806455499E-03  0.0000000000000E+00
 0.0000000000000E+00  2.6784863059733E+00  9.7942767075050E-01  1.3578007057927E-03  0.0000000000000E+00
 0.0000000000000E+00  2.9548081253617E+00  9.9090858568499E-01  1.4031292822510E-03  0.0000000000000E+00
 0.0000000000000E+00  3.2620802702989E+00  9.9672672404764E-01  1.4284377860055E-03  0.0000000000000E+00
 0.0000000000000E+00  3.6048191074170E+00  9.9909290800431E-01  1.4397825092857E-03  0.0000000000000E+00
 0.0000000000000E+00  3.9883827509977E+00  9.9982030793034E-01  1.4436285202880E-03  0.0000000000000E+00
 0.0000000000000E+00  4.4191595630774E+00  9.9997690417712E-01  1.4445422031574E-03  0.0000000000000E+00
 0.0000000000000E+00  4.9048056364975E+00  9.9999830535168E-01  1.4446801105911E-03  0.0000000000000E+00
 0.0000000000000E+00  5.4545454545455E+00  9.9999994013688E-01  1.4446917578187E-03  0.0000000000000E+00
 0.0000000000000E+00  6.0795542687962E+00  9.9999999919013E-01  1.4446922237059E-03  0.0000000000000E+00
 0.0000000000000E+00  6.7934463423832E+00  9.9999999999693E-01  1.4446922307692E-03  0.0000000000000E+00
 0.0000000000000E+00  7.6129002726496E+00  1.0000000000000E+00  1.4446922307991E-03  0.0000000000000E+00
 0.0000000000000E+00  8.5584611558500E+00  1.0000000000000E+00  1.4446922307991E-03  0.0000000000000E+00
 0.0000000000000E+00  9.6555688906727E+00  1.0000000000000E+00  1.4446922307991E-03  0.0000000000000E+00
 0.0000000000000E+00  1.0935870685435E+01  1.0000000000000E+00  1.4446922307991E-03  0.0000000000000E+00
 0.0000000000000E+00  1.2438879256439E+01  1.0000000000000E+00  1.4446922307992E-03  0.0000000000000E+00
 0.0000000000000E+00  1.4214025594877E+01  1.0000000000000E+00  1.4446922307992E-03  0.0000000000000E+00
 0.0000000000000E+00  1.6323103064291E+01  1.0000000000000E+00  1.4446922307992E-03  0.0000000000000E+00
 0.0000000000000E+00  1.8842958547214E+01  1.0000000000000E+00  1.4446922307991E-03  0.0000000000000E+00
 0.0000000000000E+00  2.1867956415951E+01  1.0000000000000E+00  1.4446922307996E-03  0.0000000000000E+00
 0.0000000000000E+00  2.5511030361867E+01  1.0000000000000E+00  1.4446922308005E-03  0.0000000000000E+00
 0.0000000000000E+00  2.9900709274659E+01  1.0000000000000E+00  1.4446922308015E-03  0.0000000000000E+00
 0.0000000000000E+00  3.5168864215715E+01  1.0000000000000E+00  1.4446922308028E-03  0.0000000000000E+00
 0.0000000000000E+00  4.1419695291531E+01  1.0000000000000E+00  1.4446922308041E-03  0.0000000000000E+00
 0.0000000000000E+00  4.8665626607709E+01  1.0000000000000E+00  1.4446922308058E-03  0.0000000000000E+00
 0.0000000000000E+00  5.6716111653915E+01  1.0000000000000E+00  1.4446922308078E-03  0.0000000000000E+00
 0.0000000000000E+00  6.5027225430406E+01  1.0000000000000E+00  1.4446922308098E-03  0.0000000000000E+00
 0.0000000000000E+00  7.2587189964099E+01  1.0000000000000E+00  1.4446922308116E-03  0.0000000000000E+00
 0.0000000000000E+00  7.8010805313165E+01  1.0000000000000E+00  1.4446922308127E-03  0.0000000000000E+00
 0.0000000000000E+00  8.0000000000000E+01  1.0000000000000E+00  1.4446922308131E-03  0.0000000000000E+00
   64  3.5734344379962E+02
 0.0000000000000E+00  0.0000000000000E+00  0.0000000000000E+00  1.0000000000000E+00
 0.0000000000000E+00  0.0000000000000E+00  0.0000000000000E+00  0.0000000000000E+00  0.0000000000000E+00
 0.0000000000000E+00  1.2134956257652E-03  6.7407477427651E-04  5.7179286943124E-10  0.0000000000000E+00
 0.0000000000000E+00  4.8598042576750E-03  2.6995329701917E-03  9.1766864378205E-09  0.0000000000000E+00
 0.0000000000000E+00  1.0956449776219E-02  6.0861085659222E-03  4.6648674759813E-08  0.0000000000000E+00
 0.0000000000000E+00  1.9532835037547E-02  1.0850132453935E-02  1.4826760315165E-07  0.0000000000000E+00
 0.0000000000000E+00  3.0630539981632E-02  1.7014692793360E-02  3.6461161558728E-07  0.0000000000000E+00
 0.0000000000000E+00  4.4303746127476E-02  2.4609857031236E-02  7.6278616906661E-07  0.0000000000000E+00
 0.0000000000000E+00  6.0619794820640E-02  3.3672952155511E-02  1.4280657163053E-06  0.0000000000000E+00
 0.0000000000000E+00  7.9659889028125E-02  4.4248897234556E-02  2.4659949474254E-06  0.0000000000000E+00
 0.0000000000000E+00  1.0151995116565E-01  5.6390578366033E-02  4.0050070986922E-06  0.0000000000000E+00
 0.0000000000000E+00  1.2631165246940E-01  7.0159250128737E-02  6.1996264920654E-06  0.0000000000000E+00
 0.0000000000000E+00  1.5416363287784E-01  8.5624938628171E-02  9.2343319948424E-06  0.0000000000000E+00
 0.0000000000000E+00  1.8522293437556E-01  1.0286680813837E-01  1.3328172191907E-05  0.0000000000000E+00
 0.0000000000000E+00  2.1965667539691E-01  1.2197343355128E-01  1.8740208476015E-05  0.0000000000000E+00
 0.0000000000000E+00  2.5765399934730E-01  1.4304289311165E-01  2.5775852899498E-05  0.0000000000000E+00
 0.0000000000000E+00  2.9942833676086E-01  1.6618255571686E-01  3.4794133768144E-05  0.0000000000000E+00
 0.0000000000000E+00  3.4522002830748E-01  1.9150838026100E-01  4.6215844541984E-05  0.0000000000000E+00
 0.0000000000000E+00  3.9529936507288E-01  2.1914346530586E-01  6.0532394359626E-05  0.0000000000000E+00
 0.0000000000000E+00  4.4997011361895E-01  2.4921547812962E-01  7.8314947382164E-05  0.0000000000000E+00
 0.0000000000000E+00  5.0957360672842E-01  2.8185244504899E-01  1.0022305139382E-04  0.0000000000000E+00
 0.0000000000000E+00  5.7449349700374E-01  3.1717619254342E-01  1.2701134447192E-04  0.0000000000000E+00
 0.0000000000000E+00  6.4516129032258E-01  3.5529248922213E-01  1.5953198412897E-04  0.0000000000000E+00
 0.0000000000000E+00  7.2206280043514E-01  3.9627666027124E-01  1.9872903468367E-04  0.0000000000000E+00
 0.0000000000000E+00  8.0574569584327E-01  4.4015317419606E-01  2.4561905045892E-04  0.0000000000000E+00
 0.0000000000000E+00  8.9682834696002E-01  4.8686752595315E-01  3.0124941845741E-04  0.0000000000000E+00
 0.0000000000000E+00  9.9601022724332E-01  5.3624887392904E-01  3.6662282630529E-04  0.0000000000000E+00
 0.0000000000000E+00  1.1040841788897E+00  5.8796269135520E-01  4.4257313966116E-04  0.0000000000000E+00
 0.0000000000000E+00  1.2219509248095E+00  6.4145478897330E-01  5.2957674318010E-04  0.0000000000000E+00
 0.0000000000000E+00  1.3506362979409E+00  6.9589230413781E-01  6.2748759073386E-04  0.0000000000000E+00
 0.0000000000000E+00  1.4913117716510E+00  7.5011454641006E-01  7.3520007106234E-04  0.0000000000000E+00
 0.0000000000000E+00  1.6453190177622E+00  8.0261713401670E-01  8.5027987113837E-04  0.0000000000000E+00
 0.0000000000000E+00  1.8141994004940E+00  8.5160452504051E-01  9.6866628223232E-04  0.0000000000000E+00
 0.0000000000000E+00  1.9997295470214E+00  8.9515168792471E-01  1.0846334495791E-03  0.0000000000000E+00
 0.0000000000000E+00  2.2039644338840E+00  9.3150118508911E-01  1.1912619005532E-03  0.0000000000000E+00
 0.0000000000000E+00  2.4292898137085E+00  9.5947013411976E-01  1.2816206415629E-03  0.0000000000000E+00
 0.0000000000000E+00  2.6784863059733E+00  9.7884969658355E-01  1.3505731022140E-03  0.0000000000000E+00
 0.0000000000000E+00  2.9548081253617E+00  9.9059079593413E-01  1.3965866760031E-03  0.0000000000000E+00
 0.0000000000000E+00  3.2620802702989E+00  9.9658394675646E-01  1.4224643330887E-03  0.0000000000000E+00
 0.0000000000000E+00  3.6048191074170E+00  9.9904338161588E-01  1.4341694260368E-03  0.0000000000000E+00
 0.0000000000000E+00  3.9883827509977E+00  9.9980798441625E-01  1.4381824818267E-03  0.0000000000000E+00
 0.0000000000000E+00  4.4191595630774E+00  9.9997490638807E-01  1.4391492855053E-03  0.0000000000000E+00
 0.0000000000000E+00  4.9048056364975E+00  9.9999811953870E-01  1.4392977775356E-03  0.0000000000000E+00
 0.0000000000000E+00  5.4545454545455E+00  9.9999993176552E-01  1.4393105949277E-03  0.0000000000000E+00
 0.0000000000000E+00  6.0795542687962E+00  9.9999999904459E-01  1.4393111218471E-03  0.0000000000000E+00
 0.0000000000000E+00  6.7934463423832E+00  9.9999999999621E-01  1.4393111301175E-03  0.0000000000000E+00
 0.0000000000000E+00  7.6129002726496E+00  1.0000000000000E+00  1.4393111301542E-03  0.0000000000000E+00
 0.0000000000000E+00  8.5584611558500E+00  1.0000000000000E+00  1.4393111301542E-03  0.0000000000000E+00
 0.0000000000000E+00  9.6555688906727E+00  1.0000000000000E+00  1.4393111301542E-03  0.0000000000000E+00
 0.0000000000000E+00  1.0935870685435E+01  1.0000000000000E+00  1.4393111301541E-03  0.0000000000000E+00
 0.0000000000000E+00  1.2438879256439E+01  1.0000000000000E+00  1.4393111301542E-03  0.0000000000000E+00
 0.0000000000000E+00  1.4214025594877E+01  1.0000000000000E+00  1.4393111301542E-03  0.0000000000000E+00
 0.0000000000000E+00  1.6323103064291E+01  1.0000000000000E+00  1.4393111301542E-03  0.0000000000000E+00
 0.0000000000000E+00  1.8842958547214E+01  1.0000000000000E+00  1.4393111301542E-03  0.0000000000000E+00
 0.0000000000000E+00  2.1867956415951E+01  1.0000000000000E+00  1.4393111301546E-03  0.0000000000000E+00
 0.0000000000000E+00  2.5511030361867E+01  1.0000000000000E+00  1.4393111301555E-03  0.0000000000000E+00
 0.0000000000000E+00  2.9900709274659E+01  1.0000000000000E+00  1.4393111301565E-03  0.0000000000000E+00
 0.0000000000000E+00  3.5168864215715E+01  1.0000000000000E+00  1.4393111301578E-03  0.0000000000000E+00
 0.0000000000000E+00  4.1419695291531E+01  1.0000000000000E+00  1.4393111301590E-03  0.0000000000000E+00
 0.0000000000000E+00  4.8665626607709E+01  1.0000000000000E+00  1.4393111301607E-03  0.0000000000000E+00
 0.0000000000000E+00  5.6716111653915E+01  1.0000000000000E+00  1.4393111301627E-03  0.0000000000000E+00
 0.0000000000000E+00  6.5027225430406E+01  1.0000000000000E+00  1.4393111301647E-03  0.0000000000000E+00
 0.0000000000000E+00  7.2587189964099E+01  1.0000000000000E+00  1.4393111301665E-03  0.0000000000000E+00
 0.0000000000000E+00  7.8010805313165E+01  1.0000000000000E+00  1.4393111301676E-03  0.0000000000000E+00
 0.0000000000000E+00  8.0000000000000E+01  1.0000000000000E+00  1.4393111301681E-03  0.0000000000000E+00
   64  3.6000050783488E+02
 0.0000000000000E+00  0.0000000000000E+00  0.0000000000000E+00  1.0000000000000E+00
 0.0000000000000E+00  0.0000000000000E+00  0.0000000000000E+00  0.0000000000000E+00  0.0000000000000E+00
 0.0000000000000E+00  1.2134956257652E-03  6.7158258762247E-04  5.6547234892457E-10  0.0000000000000E+00
 0.0000000000000E+00  4.8598042576750E-03  2.6895522674076E-03  9.0752709714048E-09  0.0000000000000E+00
 0.0000000000000E+00  1.0956449776219E-02  6.0636070316027E-03  4.6133162056227E-08  0.0000000000000E+00
 0.0000000000000E+00  1.9532835037547E-02  1.0810017414757E-02  1.4662912972272E-07  0.0000000000000E+00
 0.0000000000000E+00  3.0630539981632E-02  1.6951786310905E-02  3.6058240679366E-07  0.0000000000000E+00
 0.0000000000000E+00  4.4303746127476E-02  2.4518870325594E-02  7.5435691932263E-07  0.0000000000000E+00
 0.0000000000000E+00  6.0619794820640E-02  3.3548459321214E-02  1.4122848677350E-06  0.0000000000000E+00
 0.0000000000000E+00  7.9659889028125E-02  4.4085308357745E-02  2.4387448670309E-06  0.0000000000000E+00
 0.0000000000000E+00  1.0151995116565E-01  5.6182112373343E-02  3.9607516236727E-06  0.0000000000000E+00
 0.0000000000000E+00  1.2631165246940E-01  6.9899908027183E-02  6.1311237722748E-06  0.0000000000000E+00
 0.0000000000000E+00  1.5416363287784E-01  8.5308478273561E-02  9.1323059522343E-06  0.0000000000000E+00
 0.0000000000000E+00  1.8522293437556E-01  1.0248672236748E-01  1.3180935431053E-05  0.0000000000000E+00
 0.0000000000000E+00  2.1965667539691E-01  1.2152293451916E-01  1.8533229764435E-05  0.0000000000000E+00
 0.0000000000000E+00  2.5765399934730E-01  1.4251490711784E-01  2.5491262954825E-05  0.0000000000000E+00
 0.0000000000000E+00  2.9942833676086E-01  1.6556973482715E-01  3.4410165049400E-05  0.0000000000000E+00
 0.0000000000000E+00  3.4522002830748E-01  1.9080313989707E-01  4.5706205382830E-05  0.0000000000000E+00
 0.0000000000000E+00  3.9529936507288E-01  2.1833806092069E-01  5.9865585730343E-05  0.0000000000000E+00
 0.0000000000000E+00  4.4997011361895E-01  2.4830213944407E-01  7.7453544626339E-05  0.0000000000000E+00
 0.0000000000000E+00  5.0957360672842E-01  2.8082359343382E-01  9.9122996516160E-05  0.0000000000000E+00
 0.0000000000000E+00  5.7449349700374E-01  3.1602477615408E-01  1.2562133141929E-04  0.0000000000000E+00
 0.0000000000000E+00  6.4516129032258E-01  3.5401248131815E-01  1.5779307621915E-04  0.0000000000000E+00
 0.0000000000000E+00  7.2206280043514E-01  3.9486377806655E-01  1.9657473753900E-04  0.0000000000000E+00
 0.0000000000000E+00  8.0574569584327E-01  4.3860588469707E-01  2.4297618053600E-04  0.0000000000000E+00
 0.0000000000000E+00  8.9682834696002E-01  4.8518840794303E-01  2.9804026232029E-04  0.0000000000000E+00
 0.0000000000000E+00  9.9601022724332E-01  5.3444638675563E-01  3.6276926169107E-04  0.0000000000000E+00
 0.0000000000000E+00  1.1040841788897E+00  5.8605334433318E-01  4.3800354456494E-04  0.0000000000000E+00
 0.0000000000000E+00  1.2219509248095E+00  6.3946557822972E-01  5.2423654042555E-04  0.0000000000000E+00
 0.0000000000000E+00  1.3506362979409E+00  6.9386304986841E-01  6.2135394726285E-04  0.0000000000000E+00
 0.0000000000000E+00  1.4913117716510E+00  7.4809939329078E-01  7.2830024058730E-04  0.0000000000000E+00
 0.0000000000000E+00  1.6453190177622E+00  8.0068400711368E-01  8.4271052316406E-04  0.0000000000000E+00
 0.0000000000000E+00  1.8141994004940E+00  8.4983093234924E-01  9.6060769890241E-04  0.0000000000000E+00
 0.0000000000000E+00  1.9997295470214E+00  8.9361536831704E-01  1.0763484722429E-03  0.0000000000000E+00
 0.0000000000000E+00  2.2039644338840E+00  9.3026539551251E-01  1.1830677459203E-03  0.0000000000000E+00
 0.0000000000000E+00  2.4292898137085E+00  9.5856638391447E-01  1.2738273364074E-03  0.0000000000000E+00
 0.0000000000000E+00  2.6784863059733E+00  9.7826478640316E-01  1.3433998137008E-03  0.0000000000000E+00
 0.0000000000000E+00  2.9548081253617E+00  9.9026707381566E-01  1.3900922468035E-03  0.0000000000000E+00
 0.0000000000000E+00  3.2620802702989E+00  9.9643729698262E-01  1.4165395580290E-03  0.0000000000000E+00
 0.0000000000000E+00  3.6048191074170E+00  9.9899198028636E-01  1.4286091963618E-03  0.0000000000000E+00
 0.0000000000000E+00  3.9883827509977E+00  9.9979502580530E-01  1.4327933241764E-03  0.0000000000000E+00
 0.0000000000000E+00  4.4191595630774E+00  9.9997277062577E-01  1.4338153356182E-03  0.0000000000000E+00
 0.0000000000000E+00  4.9048056364975E+00  9.9999791668619E-01  1.4339750269507E-03  0.0000000000000E+00
 0.0000000000000E+00  5.4545454545455E+00  9.9999992237942E-01  1.4339891101167E-03  0.0000000000000E+00
 0.0000000000000E+00  6.0795542687962E+00  9.9999999887574E-01  1.4339897048956E-03  0.0000000000000E+00
 0.0000000000000E+00  6.7934463423832E+00  9.9999999999534E-01  1.4339897145555E-03  0.0000000000000E+00
 0.0000000000000E+00  7.6129002726496E+00  1.0000000000000E+00  1.4339897146003E-03  0.0000000000000E+00
 0.0000000000000E+00  8.5584611558500E+00  1.0000000000000E+00  1.4339897146003E-03  0.0000000000000E+00
 0.0000000000000E+00  9.6555688906727E+00  1.0000000000000E+00  1.4339897146003E-03  0.0000000000000E+00
 0.0000000000000E+00  1.0935870685435E+01  1.0000000000000E+00  1.4339897146002E-03  0.0000000000000E+00
 0.0000000000000E+00  1.2438879256439E+01  1.0000000000000E+00  1.4339897146003E-03  0.0000000000000E+00
 0.0000000000000E+00  1.4214025594877E+01  1.0000000000000E+00  1.4339897146003E-03  0.0000000000000E+00
 0.0000000000000E+00  1.6323103064291E+01  1.0000000000000E+00  1.4339897146003E-03  0.0000000000000E+00
 0.0000000000000E+00  1.8842958547214E+01  1.0000000000000E+00  1.4339897146003E-03  0.0000000000000E+00
 0.0000000000000E+00  2.1867956415951E+01  1.0000000000000E+00  1.4339897146007E-03  0.0000000000000E+00
 0.0000000000000E+00  2.5511030361867E+01  1.0000000000000E+00  1.4339897146015E-03  0.0000000000000E+00
 0.0000000000000E+00  2.9900709274659E+01  1.0000000000000E+00  1.4339897146026E-03  0.0000000000000E+00
 0.0000000000000E+00  3.5168864215715E+01  1.0000000000000E+00  1.4339897146038E-03  0.0000000000000E+00
 0.0000000000000E+00  4.1419695291531E+01  1.0000000000000E+00  1.4339897146051E-03  0.0000000000000E+00
 0.0000000000000E+00  4.8665626607709E+01  1.0000000000000E+00  1.4339897146068E-03  0.0000000000000E+00
 0.0000000000000E+00  5.6716111653915E+01  1.0000000000000E+00  1.4339897146087E-03  0.0000000000000E+00
 0.0000000000000E+00  6.5027225430406E+01  1.0000000000000E+00  1.4339897146107E-03  0.0000000000000E+00
 0.0000000000000E+00  7.2587189964099E+01  1.0000000000000E+00  1.4339897146125E-03  0.0000000000000E+00
 0.0000000000000E+00  7.8010805313165E+01  1.0000000000000E+00  1.4339897146136E-03  0.0000000000000E+00
 0.0000000000000E+00  8.0000000000000E+01  1.0000000000000E+00  1.4339897146140E-03  0.0000000000000E+00
