#  1.0000000000000E+00  0.0000000000000E+00  2.3181424059429E-01 -6.4182155740488E-03  8.0000000000000E-02  4.1182793525941E-01  2.4679389434511E-02
 0.0000000000000E+00  3.2093227502584E-16 -2.0860597876679E-15  4.0186302264105E-15  1.5628006436041E-15 -2.9143539870865E-32  6.2722755556794E-33 -1.0721845350231E+00 -1.4352927447543E+00
 1.2134956257652E-03 -3.5643292330081E-02 -3.4768026599868E-02 -5.2251785265553E-06  8.7299904760078E-06 -1.4125610407996E-19  1.8718666724707E-20 -1.0721884423733E+00 -1.4352887858374E+00
 4.8598042576750E-03 -1.3964236865314E-01 -1.3939277720249E-01 -7.2192868390549E-05  9.4666991553732E-05 -5.4845459074588E-19  1.3023373773876E-19 -1.0722128146050E+00 -1.4352597261414E+00
 1.0956449776219E-02 -3.0338001034854E-01 -3.1459989948685E-01 -3.6932441626534E-04  4.7362171219217E-04 -1.2423481964287E-18  2.6744664702790E-19 -1.0722487141075E+00 -1.4352144466509E+00
 1.9532835037547E-02 -5.1308468450854E-01 -5.6085345980633E-01 -1.1776581308554E-03  1.4514926937837E-03 -2.2019320061318E-18  5.3386695791533E-19 -1.0723050106968E+00 -1.4351555083114E+00
 3.0630539981632E-02 -7.5074212849584E-01 -8.7738128645153E-01 -2.9116416462967E-03  3.4329207888943E-03 -3.4567267333658E-18  8.0628271576356E-19 -1.0723749822153E+00 -1.4350892799339E+00
 4.4303746127476E-02 -9.9539002440256E-01 -1.2610795742573E+00 -6.1140705109158E-03  6.8308069783176E-03 -4.9676367564532E-18  1.3131329179639E-18 -1.0724681723299E+00 -1.4350215739208E+00
 6.0619794820640E-02 -1.2247820307483E+00 -1.7055341749050E+00 -1.1467499283403E-02  1.2056183152834E-02 -6.7700137223433E-18  1.8457678190132E-18 -1.0725783968213E+00 -1.4349621858852E+00
 7.9659889028125E-02 -1.4173213627149E+00 -2.2003942601426E+00 -1.9771093797788E-02  1.9417618114697E-02 -8.7802921858568E-18  2.8525501563612E-18 -1.0727154691164E+00 -1.4349204860301E+00
 1.0151995116565E-01 -1.5541267797713E+00 -2.7313196066336E+00 -3.1926989909973E-02  2.9112447921187E-02 -1.1014577735808E-17  4.0219503595008E-18 -1.0728729938926E+00 -1.4349098339378E+00
 1.2631165246940E-01 -1.6209776275211E+00 -3.2806101595981E+00 -4.8889558039593E-02  4.1141254357881E-02 -1.3280515913155E-17  6.1287887338057E-18 -1.0730598485024E+00 -1.4349429357195E+00
 1.5416363287784E-01 -1.6099019486052E+00 -3.8285418513464E+00 -7.1627103147478E-02  5.5328509391055E-02 -1.5487964037951E-17  8.7309472297442E-18 -1.0732676536527E+00 -1.4350358763428E+00
 1.8522293437556E-01 -1.5201202787047E+00 -4.3552233391821E+00 -1.0105610320589E-01  7.1279044845334E-02 -1.7177330875441E-17  1.3002302197722E-17 -1.0735019324072E+00 -1.4352029085415E+00
 2.1965667539691E-01 -1.3582056356905E+00 -4.8427102983850E+00 -1.3800275726066E-01  8.8449123050132E-02 -1.7935184448491E-17  1.8236275729315E-17 -1.0737492019946E+00 -1.4354596886080E+00
 2.5765399934730E-01 -1.1373843682495E+00 -5.2769149875074E+00 -1.8315489719673E-01  1.0615503922946E-01 -1.6724008126491E-17  2.5871760507982E-17 -1.0740077967659E+00 -1.4358169940038E+00
 2.9942833676086E-01 -8.7613271196754E-01 -5.6489181050995E+00 -2.3705732901594E-01  1.2369091356360E-01 -1.2467582391682E-17  3.4403551742328E-17 -1.0742545808630E+00 -1.4362825657891E+00
 3.4522002830748E-01 -5.9629257285660E-01 -5.9552268793080E+00 -3.0010651391617E-01  1.4037157431137E-01 -3.2788944707566E-18  4.4762890173406E-17 -1.0744754437287E+00 -1.4368530388892E+00
 3.9529936507288E-01 -3.2102566875473E-01 -6.1968217018051E+00 -3.7258545689849E-01  1.5566827365612E-01  1.2464557936520E-17  5.3184560020757E-17 -1.0746315907113E+00 -1.4375135348894E+00
 4.4997011361895E-01 -7.2796122058351E-02 -6.3769309955025E+00 -4.5467818946477E-01  1.6925102797919E-01  3.6485400364037E-17  5.8311413508575E-17 -1.0746895817386E+00 -1.4382267579613E+00
 5.0957360672842E-01  1.2860895264535E-01 -6.4979728625060E+00 -5.4648896695507E-01  1.8110486178981E-01  6.8248068153693E-17  5.2131829080755E-17 -1.0745868916512E+00 -1.4389290869758E+00
 5.7449349700374E-01  2.6822673285422E-01 -6.5583154171938E+00 -6.4799400783167E-01  1.9152974537854E-01  1.0424684247434E-16  3.0549380014044E-17 -1.0742609521911E+00 -1.4395153860657E+00
 6.4516129032258E-01  3.3845958263052E-01 -6.5501076543959E+00 -7.5895489679679E-01  2.0118196211093E-01  1.3463226510239E-16 -1.5486145254401E-17 -1.0736131240611E+00 -1.4398301143179E+00
 7.2206280043514E-01  3.4174556107859E-01 -6.4594412235791E+00 -8.7874670504605E-01  2.1095311557572E-01  1.4433464024556E-16 -8.2358834136213E-17 -1.0725356009106E+00 -1.4396466884293E+00
 8.0574569584327E-01  2.9220333407727E-01 -6.2699558708740E+00 -1.0061861559477E+00  2.2184202635042E-01  1.1563745179307E-16 -1.6191139749554E-16 -1.0708725205407E+00 -1.4386535113447E+00
 8.9682834696002E-01  2.1406252413409E-01 -5.9692943961245E+00 -1.1393819661994E+00  2.3465127704579E-01  4.0730740899735E-17 -2.2259119662552E-16 -1.0684438662248E+00 -1.4364299386018E+00
 9.9601022724332E-01  1.3517395401112E-01 -5.5556302714358E+00 -1.2757360437315E+00  2.4975857295110E-01 -6.6175563156387E-17 -2.3537983295800E-16 -1.0650041808859E+00 -1.4324329096845E+00
 1.1040841788897E+00  7.6669518467752E-02 -5.0394059329180E+00 -1.4120584233757E+00  2.6692163317876E-01 -1.6208792730072E-16 -1.7598601211338E-16 -1.0602666036993E+00 -1.4259803540327E+00
 1.2219509248095E+00  4.4589767867978E-02 -4.4376502045445E+00 -1.5447422567334E+00  2.8541476202631E-01 -1.9718093764083E-16 -7.0609563146008E-17 -1.0538661247765E+00 -1.4162558038506E+00
 1.3506362979409E+00  3.0448695852174E-02 -3.7645646380439E+00 -1.6697638636618E+00  3.0428883101345E-01 -1.5255831076061E-16  3.1702068921053E-17 -1.0453947669871E+00 -1.4023241346590E+00
 1.4913117716510E+00  2.1520358358015E-02 -3.0283005145313E+00 -1.7825074819998E+00  3.2270610707159E-01 -6.6636756395001E-17  7.4803809371792E-17 -1.0343832343878E+00 -1.3831867203725E+00
 1.6453190177622E+00  1.1375494655991E-02 -2.2392209316642E+00 -1.8775940885166E+00  3.3994154428569E-01 -2.5015126381226E-18  7.1688139285723E-17 -1.0203617380155E+00 -1.3578668726257E+00
 1.8141994004940E+00  1.3719271855569E-03 -1.4227164748777E+00 -1.9491563055285E+00  3.5526859593169E-01  7.9505698395414E-18  5.9582693145627E-17 -1.0028719638237E+00 -1.3255464434526E+00
 1.9997295470214E+00 -4.8883307042301E-03 -6.2402967250277E-01 -1.9916571505697E+00  3.6781197302745E-01 -1.6461288909796E-17  6.9384397655218E-17 -9.8155696898765E-01 -1.2857203792797E+00
 2.2039644338840E+00 -5.3271099497319E-03  9.7990030141817E-02 -2.0011130696070E+00  3.7668947288380E-01 -5.2981878670390E-17  5.3545846803354E-17 -9.5618694639996E-01 -1.2383469129077E+00
 2.4292898137085E+00  3.3076975513175E-04  6.8457619513116E-01 -1.9762937196804E+00  3.8116916804459E-01 -7.1200607958230E-17 -6.6483517660769E-18 -9.2672906572852E-01 -1.1839124166523E+00
 2.6784863059733E+00  1.0784963348110E-02  1.0946990563005E+00 -1.9194851752454E+00  3.8090402506770E-01 -2.0971653630264E-17 -9.1367759921717E-17 -8.9330615514502E-01 -1.1233716352815E+00
 2.9548081253617E+00  2.3348344736089E-02  1.3210918261811E+00 -1.8362114075114E+00  3.7598677263777E-01  3.5822186156823E-17 -1.0820697019888E-16 -8.5616551615969E-01 -1.0579393829821E+00
 3.2620802702989E+00  3.5014257477281E-02  1.3936455563235E+00 -1.7337559984541E+00  3.6693284119697E-01  2.6484482807153E-17 -3.1205463651164E-17 -8.1554838302392E-01 -9.8882786378663E-01
 3.6048191074170E+00  4.3868278226670E-02  1.3645566744832E+00 -1.6190175920157E+00  3.5439344454962E-01  5.4460971216998E-17  1.0558866018293E-17 -7.7164121430035E-01 -9.1704130582278E-01
 3.9883827509977E+00  4.9603772131110E-02  1.2838406760313E+00 -1.4969511997434E+00  3.3891146996214E-01 -3.0098362584789E-17 -1.4629275073490E-16 -7.2452148783380E-01 -8.4333568161586E-01
 4.4191595630774E+00  5.2820693511957E-02  1.1830239268100E+00 -1.3703540435931E+00  3.2072604311554E-01 -1.9096585817652E-16 -4.0837173510268E-17 -6.7423507932201E-01 -7.6830799980119E-01
 4.9048056364975E+00  5.4024691728865E-02  1.0753736228258E+00 -1.2407225299391E+00  2.9988082819845E-01 -1.1776561369923E-16  1.0585934640223E-16 -6.2083774407448E-01 -6.9253242114655E-01
 5.4545454545455E+00  5.3352454798371E-02  9.6484290689915E-01 -1.1091656804924E+00  2.7634016858370E-01 -2.3463964463128E-17 -1.3139326431897E-16 -5.6449911466244E-01 -6.1664569892463E-01
 6.0795542687962E+00  5.0767013558469E-02  8.5283107252297E-01 -9.7690651455129E-01  2.5017034894658E-01 -2.9802838147335E-17 -8.0407482056435E-17 -5.0552694076833E-01 -5.4138527769098E-01
 6.7934463423832E+00  4.6293613655177E-02  7.4058128971719E-01 -8.4541970887249E-01  2.2157472478858E-01  7.2339811616541E-17  3.9316907289357E-17 -4.4445494231914E-01 -4.6758788302252E-01
 7.6129002726496E+00  4.0079784431517E-02  6.2958926281619E-01 -7.1647740651333E-01  1.9100177517825E-01  5.9897866128335E-17  7.7777573981636E-17 -3.8206379601247E-01 -3.9618096173911E-01
 8.5584611558500E+00  3.2468056271184E-02  5.2167107412370E-01 -5.9213126386701E-01  1.5915043315702E-01 -1.4134574891972E-16  3.2953260094699E-17 -3.1946579127670E-01 -3.2815620750605E-01
 9.6555688906727E+00  2.3988516629363E-02  4.1892823244882E-01 -4.7468810297464E-01  1.2705097164772E-01 -1.6777935319502E-17 -1.2083015610713E-16 -2.5810119841376E-01 -2.6454093101277E-01
 1.0935870685435E+01  1.5380775758294E-02  3.2370329689859E-01 -3.6661011039094E-01  9.6006280985028E-02 -4.4799278335485E-17  4.6444252786172E-17 -1.9975854795152E-01 -2.0635351645118E-01
 1.2438879256439E+01  7.4951185440374E-03  2.3841924462027E-01 -2.7037422504570E-01  6.7551415560382E-02 -9.6872855201882E-18  3.4257928251392E-17 -1.4644541582632E-01 -1.5455870893603E-01
 1.4214025594877E+01  1.1855573783589E-03  1.6535573989622E-01 -1.8821666215860E-01  4.3208371298628E-02  7.1063122031316E-17 -2.9040216353234E-17 -1.0021128433303E-01 -1.1000565332816E-01
 1.6323103064291E+01 -2.9343893598336E-03  1.0627102475449E-01 -1.2180811160317E-01  2.4223217378181E-02 -3.8606977439015E-17  1.0080037519780E-16 -6.2763843829207E-02 -7.3352913290556E-02
 1.8842958547214E+01 -4.6824700014682E-03  6.1978477110627E-02 -7.1829563198857E-02  1.1149353819705E-02  3.7716248579442E-18 -4.1264389446584E-17 -3.5058171249730E-02 -4.4947091806367E-02
 2.1867956415951E+01 -4.4681034665213E-03  3.1918717197727E-02 -3.7599561488501E-02  3.6203603907151E-03 -8.1962175400199E-18  1.1053543422399E-17 -1.6858925137349E-02 -2.4659634760057E-02
 2.5511030361867E+01 -3.1470356267698E-03  1.4022963022335E-02 -1.6893812930284E-02  3.2838396797127E-04  1.7206588629773E-18 -7.1691518456880E-18 -6.6572214653650E-03 -1.1707927987901E-02
 2.9900709274659E+01 -1.6812382877915E-03  5.0375315139359E-03 -6.2546375826284E-03 -4.7887253562277E-04 -2.5100339722289E-18  1.8245136770625E-18 -2.0170684400410E-03 -4.6110430693006E-03
 3.5168864215715E+01 -6.6424778648173E-04  1.4138471278601E-03 -1.8224744794502E-03 -3.5323460130983E-04 -1.2264720019457E-17 -2.0473673313059E-18 -4.2629285415317E-04 -1.4349386253119E-03
 4.1419695291531E+01 -1.9001984153905E-04  2.9766002173226E-04 -4.0232732332168E-04 -1.2938224635903E-04  2.5441311791946E-18  1.7601523357019E-18 -5.0927582462580E-05 -3.3771420220303E-04
 4.8665626607709E+01 -3.7071178295861E-05  4.7597351083327E-05 -6.6560210478687E-05 -3.1365966605055E-05  2.0889122983245E-18  7.1535467275718E-18 -2.2705028754055E-06 -5.8751980107599E-05
 5.6716111653915E+01 -6.3313097646712E-06  5.9540685207109E-06 -9.1304177687186E-06 -3.8880905469947E-06 -3.2430208438012E-18  3.1463012087850E-19  1.0514994444470E-06 -8.2775566632396E-06
 6.5027225430406E+01 -8.4099752796884E-08  1.0658288089208E-06 -1.0957587805986E-06 -1.4709543997339E-06  4.3211110586980E-18  6.6774129145002E-20 -5.0763598896424E-07 -8.8661446615781E-07
 7.2587189964099E+01 -5.3695429180680E-07 -1.5452510347570E-08 -2.7733128896963E-07  4.5995670004221E-07 -1.4226754580005E-18  2.2798763873628E-18  3.7123539684976E-07 -2.6622797371871E-07
 7.8010805313165E+01  7.8003838965937E-07  3.1370207141885E-07  2.9349788140655E-08 -1.0721686253032E-06 -1.4684245352071E-18  7.8534977738546E-18 -6.9101156941360E-07  1.8492055006620E-07
 8.0000000000000E+01  0.0000000000000E+00  0.0000000000000E+00  0.0000000000000E+00  0.0000000000000E+00  0.0000000000000E+00  0.0000000000000E+00  0.0000000000000E+00  0.0000000000000E+00
