#  1.0000000000000E+00  0.0000000000000E+00  2.3181424059429E-01 -6.4182155740488E-03  8.0000000000000E-02  4.1182793525941E-01  2.4679389434511E-02
 0.0000000000000E+00  7.4651637886444E-16 -2.6511796632569E-16  2.4558295828064E-15  2.2325723480058E-16 -1.8105787228743E-32  5.5703132165971E-33 -1.0709502003527E+00 -1.4345702040769E+00
 1.2134956257652E-03 -3.5611801209990E-02 -3.4765714133170E-02 -5.2300665906236E-06  8.7239216229163E-06 -1.4091183670554E-19  1.8767686732728E-20 -1.0709541096691E+00 -1.4345662488236E+00
 4.8598042576750E-03 -1.3951769467313E-01 -1.3938100239066E-01 -7.2242971207506E-05  9.4591627373361E-05 -5.4708268762498E-19  1.3041098193726E-19 -1.0709784967481E+00 -1.4345372137358E+00
 1.0956449776219E-02 -3.0310451981791E-01 -3.1456425067492E-01 -3.6956920376113E-04  4.7323572355824E-04 -1.2392545468771E-18  2.6785168664290E-19 -1.0710144184535E+00 -1.4344919725017E+00
 1.9532835037547E-02 -5.1260806320863E-01 -5.6076845922580E-01 -1.1783802393900E-03  1.4502652419425E-03 -2.1964290928121E-18  5.3455231966162E-19 -1.0710707397022E+00 -1.4344330918293E+00
 3.0630539981632E-02 -7.5002525230792E-01 -8.7720811149235E-01 -2.9132630405210E-03  3.4298922195227E-03 -3.4481203315917E-18  8.0731243361917E-19 -1.0711407322320E+00 -1.4343669363940E+00
 4.4303746127476E-02 -9.9440927588799E-01 -1.2607658134233E+00 -6.1170730587789E-03  6.8244731778948E-03 -4.9552648195894E-18  1.3144261692124E-18 -1.0712339302989E+00 -1.4342993242902E+00
 6.0619794820640E-02 -1.2235335663728E+00 -1.7050159593793E+00 -1.1472304949721E-02  1.2044374106589E-02 -6.7532407059612E-18  1.8472000681627E-18 -1.0713441384907E+00 -1.4342400462571E+00
 7.9659889028125E-02 -1.4158245590043E+00 -2.1996008172184E+00 -1.9777850547058E-02  1.9397435506636E-02 -8.7585897738266E-18  2.8536546012152E-18 -1.0714811552253E+00 -1.4341984764851E+00
 1.0151995116565E-01 -1.5524259011702E+00 -2.7301798839131E+00 -3.1935328203403E-02  2.9080240971348E-02 -1.0987544212245E-17  4.0221032421325E-18 -1.0716385681032E+00 -1.4341879666498E+00
 1.2631165246940E-01 -1.6191408253407E+00 -3.2790607018275E+00 -4.8898287578286E-02  4.1092697933698E-02 -1.3248038758342E-17  6.1267428222847E-18 -1.0718252337443E+00 -1.4342212221421E+00
 1.5416363287784E-01 -1.6080169712219E+00 -3.8265346970849E+00 -7.1633938889718E-02  5.5258750307399E-02 -1.5450309721361E-17  8.7251973827145E-18 -1.0720327509070E+00 -1.4343143133220E+00
 1.8522293437556E-01 -1.5182868645636E+00 -4.3527324764929E+00 -1.0105740849219E-01  7.1182953402472E-02 -1.7135456149920E-17  1.2990500987594E-17 -1.0722666188951E+00 -1.4344814833579E+00
 2.1965667539691E-01 -1.3565252291555E+00 -4.8397353077944E+00 -1.3799339988108E-01  8.8321578229643E-02 -1.7890951862356E-17  1.8215996456712E-17 -1.0725133330851E+00 -1.4347383629807E+00
 2.5765399934730E-01 -1.1359485419952E+00 -5.2734810116110E+00 -1.8312819605344E-01  1.0599124417306E-01 -1.6680665493217E-17  2.5839992777438E-17 -1.0727712088884E+00 -1.4350957074116E+00
 2.9942833676086E-01 -8.7501210706841E-01 -5.6450721162866E+00 -2.3700516101790E-01  1.2348663744203E-01 -1.2430000690432E-17  3.4358258775919E-17 -1.0730171000074E+00 -1.4355612184697E+00
 3.4522002830748E-01 -5.9552830217493E-01 -5.9510312633067E+00 -3.0001952127474E-01  1.4012330609968E-01 -3.2538821768799E-18  4.4702905485820E-17 -1.0732368971431E+00 -1.4361314953251E+00
 3.9529936507288E-01 -3.2062473122435E-01 -6.1923469915942E+00 -3.7245338792933E-01  1.5537320312295E-01  1.2468703093134E-17  5.3112293887643E-17 -1.0733918266699E+00 -1.4367916084676E+00
 4.4997011361895E-01 -7.2731733526306E-02 -6.3722499759193E+00 -4.5449028928821E-01  1.6890689340020E-01  3.6459921832706E-17  5.8232973825749E-17 -1.0734484954454E+00 -1.4375042180087E+00
 5.0957360672842E-01  1.2839204417714E-01 -6.4931577679340E+00 -5.4623444804798E-01  1.8070966122045E-01  6.8186415119860E-17  5.2059966278582E-17 -1.0733444626378E+00 -1.4382056490252E+00
 5.7449349700374E-01  2.6780257447693E-01 -6.5534387693835E+00 -6.4766252987888E-01  1.9108144545053E-01  1.0414834458282E-16  3.0501290855952E-17 -1.0730172920029E+00 -1.4387907267989E+00
 6.4516129032258E-01  3.3790827261544E-01 -6.5452455051520E+00 -7.5853709681165E-01  2.0067828175621E-01  1.3450670728288E-16 -1.5489703934573E-17 -1.0723685402208E+00 -1.4391038720578E+00
 7.2206280043514E-01  3.4113940599523E-01 -6.4546761601031E+00 -8.7823469402629E-01  2.1039155447969E-01  1.4420468432835E-16 -8.2303033395708E-17 -1.0712906765302E+00 -1.4389184908378E+00
 8.0574569584327E-01  2.9159479358501E-01 -6.2653767036715E+00 -1.0055739751493E+00  2.2122017131568E-01  1.1553609984635E-16 -1.6179420220216E-16 -1.0696282153086E+00 -1.4379229912042E+00
 8.9682834696002E-01  2.1347751703837E-01 -5.9649910652917E+00 -1.1386658664242E+00  2.3396741352291E-01  4.0690220082141E-17 -2.2243435434842E-16 -1.0672016367514E+00 -1.4356967795717E+00
 9.9601022724332E-01  1.3461352481406E-01 -5.5516855628415E+00 -1.2749145889475E+00  2.4901241606506E-01 -6.6140730011618E-17 -2.3522335883078E-16 -1.0637661221885E+00 -1.4316968826255E+00
 1.1040841788897E+00  7.6119895821595E-02 -5.0358886931337E+00 -1.4111324209199E+00  2.6611500731048E-01 -1.6199444421443E-16 -1.7587560007259E-16 -1.0590356025204E+00 -1.4252413851958E+00
 1.2219509248095E+00  4.4036192167320E-02 -4.4346144270471E+00 -1.5437147579907E+00  2.8455200983233E-01 -1.9707220812221E-16 -7.0567057659961E-17 -1.0526460138917E+00 -1.4155140334203E+00
 1.3506362979409E+00  2.9885542378911E-02 -3.7620542263684E+00 -1.6686404110580E+00  3.0337699564270E-01 -1.5247908566008E-16  3.1687615135548E-17 -1.0441904529144E+00 -1.4015800036388E+00
 1.4913117716510E+00  2.0952824665950E-02 -3.0263534552149E+00 -1.7812967176704E+00  3.2175499521234E-01 -6.6604107129326E-17  7.4768507466646E-17 -1.0332007643501E+00 -1.3824410387121E+00
 1.6453190177622E+00  1.0815053877910E-02 -2.2378661241179E+00 -1.8763084465056E+00  3.3896383287932E-01 -2.4999996442679E-18  7.1656476948590E-17 -1.0192082563219E+00 -1.3571208995757E+00
 1.8141994004940E+00  8.3159778720067E-04 -1.4219625615558E+00 -1.9478124339702E+00  3.5427981642901E-01  7.9471950121846E-18  5.9558056732052E-17 -1.0017555133290E+00 -1.3248019244948E+00
 1.9997295470214E+00 -5.3959745665690E-03 -6.2385192374569E-01 -1.9902756606772E+00  3.6683012178110E-01 -1.6454945911271E-17  6.9357247016746E-17 -9.8048610737596E-01 -1.2849795650146E+00
 2.2039644338840E+00 -5.7907672408764E-03  9.7658012307072E-02 -1.9997174800542E+00  3.7573397059197E-01 -5.2961960903996E-17  5.3525533369364E-17 -9.5517019994929E-01 -1.2376125080441E+00
 2.4292898137085E+00 -8.0115681713560E-05  6.8384104203336E-01 -1.9749085502563E+00  3.8025923568346E-01 -7.1174427902030E-17 -6.6459826213813E-18 -9.2577430793466E-01 -1.1831875060927E+00
 2.6784863059733E+00  1.0432002017522E-02  1.0936936906916E+00 -1.9181335544612E+00  3.8005673783220E-01 -2.0964052631787E-17 -9.1334762279761E-17 -8.9242006518548E-01 -1.1226595722745E+00
 2.9548081253617E+00  2.3054714231127E-02  1.3199508683587E+00 -1.8349128447760E+00  3.7521539980474E-01  3.5809363282651E-17 -1.0816820261232E-16 -8.5535326744516E-01 -1.0572437219026E+00
 3.2620802702989E+00  3.4778641352806E-02  1.3924795225271E+00 -1.7325252216638E+00  3.6624602342311E-01  2.6475045309381E-17 -3.1194337130244E-17 -8.1481362567684E-01 -9.8815232846804E-01
 3.6048191074170E+00  4.3688070314776E-02  1.3634376282957E+00 -1.6178648185703E+00  3.5379549116096E-01  5.4441595343304E-17  1.0555109775839E-17 -7.7098626248599E-01 -9.1638983604667E-01
 3.9883827509977E+00  4.9476011360098E-02  1.2828051077312E+00 -1.4958834847444E+00  3.3840335734924E-01 -3.0087668151234E-17 -1.4624073046672E-16 -7.2394753362983E-01 -8.4271247887533E-01
 4.4191595630774E+00  5.2742109203699E-02  1.1820863287292E+00 -1.3693766903500E+00  3.2030644517030E-01 -1.9089795990284E-16 -4.0822640170268E-17 -6.7374227906255E-01 -7.6771756298122E-01
 4.9048056364975E+00  5.3991318607461E-02  1.0745391310667E+00 -1.2398399040902E+00  2.9954665527624E-01 -1.1772373463315E-16  1.0582171293826E-16 -6.2042514687547E-01 -6.9197949387770E-01
 5.4545454545455E+00  5.3359297010237E-02  9.6411347987123E-01 -1.1083813205144E+00  2.7608668197443E-01 -2.3455628541736E-17 -1.3134654370825E-16 -5.6416448694185E-01 -6.1613515866293E-01
 6.0795542687962E+00  5.0807942900991E-02  8.5220698975462E-01 -9.7622289389413E-01  2.4999106760385E-01 -2.9792246336668E-17 -8.0378891811523E-17 -5.0526656331656E-01 -5.4092192021371E-01
 6.7934463423832E+00  4.6361399778014E-02  7.4006107081490E-01 -8.4483781887926E-01  2.2146137424923E-01  7.2314092771141E-17  3.9302924843796E-17 -4.4426343101976E-01 -4.6717613759378E-01
 7.6129002726496E+00  4.0166286469382E-02  6.2916930868785E-01 -7.1599630667181E-01  1.9094433617331E-01  5.9876573198606E-17  7.7749914769864E-17 -3.8193399888802E-01 -3.9582448707736E-01
 8.5584611558500E+00  3.2564554669767E-02  5.2134534750820E-01 -5.9174759358278E-01  1.5913740573719E-01 -1.4129548992897E-16  3.2941552130929E-17 -3.1938881712386E-01 -3.2785741717914E-01
 9.6555688906727E+00  2.4086265292432E-02  4.1868805258091E-01 -4.7439569120869E-01  1.2706987063150E-01 -1.6771976508532E-17 -1.2078719332107E-16 -2.5806665109742E-01 -2.6430043825032E-01
 1.0935870685435E+01  1.5471721689717E-02  3.2353738899552E-01 -3.6639974350769E-01  9.6044448224275E-02 -4.4783346683167E-17  4.6427742141837E-17 -1.9975503246259E-01 -2.0616961871663E-01
 1.2438879256439E+01  7.5727808899819E-03  2.3831414141269E-01 -2.7023379139855E-01  6.7597082516925E-02 -9.6838392123404E-18  3.4245747501413E-17 -1.4646136005196E-01 -1.5442700262921E-01
 1.4214025594877E+01  1.2458590455178E-03  1.6529667025015E-01 -1.8813177828178E-01  4.3251891680663E-02  7.1037853052003E-17 -2.9029894461038E-17 -1.0023603695448E-01 -1.0991900943950E-01
 1.6323103064291E+01 -2.8925373617484E-03  1.0624325985876E-01 -1.2176338574173E-01  2.4258151302920E-02 -3.8593244563633E-17  1.0076453626108E-16 -6.2788882269766E-02 -7.3301966114800E-02
 1.8842958547214E+01 -4.6571907893501E-03  6.1968975591758E-02 -7.1810337032015E-02  1.1173055962687E-02  3.7702815078399E-18 -4.1249717377787E-17 -3.5078083520843E-02 -4.4921384119301E-02
 2.1867956415951E+01 -4.4553278920354E-03  3.1917589822933E-02 -3.7593786644884E-02  3.6336505760900E-03 -8.1933026685569E-18  1.1049613501643E-17 -1.6871740069183E-02 -2.4649222849338E-02
 2.5511030361867E+01 -3.1419551871803E-03  1.4024201959206E-02 -1.6893322630850E-02  3.3427447092439E-04  1.7200466741723E-18 -7.1666027363448E-18 -6.6637861140269E-03 -1.1704987178486E-02
 2.9900709274659E+01 -1.6798066246326E-03  5.0385811245365E-03 -6.2552524325659E-03 -4.7696403584128E-04 -2.5091414077323E-18  1.8238649989265E-18 -2.0196325946081E-03 -4.6107236631102E-03
 3.5168864215715E+01 -6.6403115158254E-04  1.4142812137265E-03 -1.8228608761043E-03 -3.5284572699030E-04 -1.2260359241048E-17 -2.0466385977302E-18 -4.2700583516802E-04 -1.4350955464699E-03
 4.1419695291531E+01 -1.9002912978452E-04  2.9776332388106E-04 -4.0244261578751E-04 -1.2935660300257E-04  2.5432266717685E-18  1.7595262957123E-18 -5.1054941439993E-05 -3.3780119571229E-04
 4.8665626607709E+01 -3.7083697634189E-05  4.7610433664160E-05 -6.6577711685727E-05 -3.1373513090083E-05  2.0881699706947E-18  7.1510031068731E-18 -2.2821474113161E-06 -5.8772545163305E-05
 5.6716111653915E+01 -6.3331666006055E-06  5.9541281610383E-06 -9.1319341817915E-06 -3.8910911286666E-06 -3.2418677314358E-18  3.1451840701814E-19  1.0512585075167E-06 -8.2796822573294E-06
 6.5027225430406E+01 -8.4803994626104E-08  1.0657683364151E-06 -1.0953406614875E-06 -1.4708411288714E-06  4.3195746376898E-18  6.6750161913710E-20 -5.0738177485753E-07 -8.8700857902984E-07
 7.2587189964099E+01 -5.3663314533488E-07 -1.5624469033894E-08 -2.7754767504849E-07  4.5961054545650E-07 -1.4221694801164E-18  2.2790658107901E-18  3.7115260567163E-07 -2.6600740069371E-07
 7.8010805313165E+01  7.7949022360556E-07  3.1378878938842E-07  2.9681080724870E-08 -1.0716099586900E-06 -1.4679019683717E-18  7.8507054579481E-18 -6.9078517861551E-07  1.8465439099066E-07
 8.0000000000000E+01  0.0000000000000E+00  0.0000000000000E+00  0.0000000000000E+00  0.0000000000000E+00  0.0000000000000E+00  0.0000000000000E+00  0.0000000000000E+00  0.0000000000000E+00
