#  1.0000000000000E+00  0.0000000000000E+00  2.3181424059429E-01 -6.4182155740487E-03  8.0000000000000E-02  4.1182793525941E-01  2.4679389434508E-02
 0.0000000000000E+00 -1.1511701169405E-15 -6.9767885875182E-17  4.1302588438108E-15  3.3488585220087E-15 -7.5254677917490E-39 -2.6200631728942E-39 -1.0709502003527E+00 -1.4345702040769E+00
 1.2134956257652E-03 -3.5611801209992E-02 -3.4765714133170E-02 -5.2300665889168E-06  8.7239216261827E-06 -8.6606104451538E-26  4.7030653612930E-26 -1.0709541096691E+00 -1.4345662488236E+00
 4.8598042576750E-03 -1.3951769467313E-01 -1.3938100239066E-01 -7.2242971205526E-05  9.4591627376409E-05 -1.8025394611824E-25  6.8634991383560E-26 -1.0709784967481E+00 -1.4345372137358E+00
 1.0956449776219E-02 -3.0310451981791E-01 -3.1456425067492E-01 -3.6956920375961E-04  4.7323572356159E-04 -5.0889707484776E-25  2.1637860153408E-25 -1.0710144184535E+00 -1.4344919725017E+00
 1.9532835037547E-02 -5.1260806320862E-01 -5.6076845922580E-01 -1.1783802393882E-03  1.4502652419457E-03 -7.2286122730652E-25  2.7981418376810E-25 -1.0710707397022E+00 -1.4344330918292E+00
 3.0630539981632E-02 -7.5002525230791E-01 -8.7720811149235E-01 -2.9132630405192E-03  3.4298922195262E-03 -1.3561312693450E-24  5.7175033665351E-25 -1.0711407322320E+00 -1.4343669363940E+00
 4.4303746127476E-02 -9.9440927588798E-01 -1.2607658134233E+00 -6.1170730587768E-03  6.8244731778978E-03 -1.6240175790620E-24  6.7225455765248E-25 -1.0712339302989E+00 -1.4342993242902E+00
 6.0619794820640E-02 -1.2235335663728E+00 -1.7050159593793E+00 -1.1472304949719E-02  1.2044374106592E-02 -2.6136763681595E-24  1.1928440882760E-24 -1.0713441384907E+00 -1.4342400462571E+00
 7.9659889028125E-02 -1.4158245590043E+00 -2.1996008172184E+00 -1.9777850547056E-02  1.9397435506638E-02 -2.8402220253017E-24  1.3886799431797E-24 -1.0714811552253E+00 -1.4341984764851E+00
 1.0151995116565E-01 -1.5524259011702E+00 -2.7301798839131E+00 -3.1935328203402E-02  2.9080240971351E-02 -4.1945294514393E-24  2.3172695650851E-24 -1.0716385681032E+00 -1.4341879666497E+00
 1.2631165246940E-01 -1.6191408253407E+00 -3.2790607018275E+00 -4.8898287578284E-02  4.1092697933701E-02 -4.1985928606315E-24  2.7928027951151E-24 -1.0718252337443E+00 -1.4342212221420E+00
 1.5416363287784E-01 -1.6080169712219E+00 -3.8265346970849E+00 -7.1633938889717E-02  5.5258750307401E-02 -5.7923694926681E-24  4.4717460688340E-24 -1.0720327509070E+00 -1.4343143133220E+00
 1.8522293437556E-01 -1.5182868645636E+00 -4.3527324764929E+00 -1.0105740849219E-01  7.1182953402474E-02 -5.1557484956619E-24  5.5951059472875E-24 -1.0722666188951E+00 -1.4344814833579E+00
 2.1965667539691E-01 -1.3565252291554E+00 -4.8397353077944E+00 -1.3799339988108E-01  8.8321578229644E-02 -6.4934096162400E-24  8.5497648657713E-24 -1.0725133330851E+00 -1.4347383629807E+00
 2.5765399934730E-01 -1.1359485419952E+00 -5.2734810116110E+00 -1.8312819605343E-01  1.0599124417306E-01 -4.1929161079592E-24  1.0797073726323E-23 -1.0727712088884E+00 -1.4350957074116E+00
 2.9942833676086E-01 -8.7501210706839E-01 -5.6450721162866E+00 -2.3700516101790E-01  1.2348663744203E-01 -3.8825267560291E-24  1.5462514355233E-23 -1.0730171000074E+00 -1.4355612184697E+00
 3.4522002830748E-01 -5.9552830217490E-01 -5.9510312633067E+00 -3.0001952127474E-01  1.4012330609968E-01  2.4056304005713E-24  1.8767936431086E-23 -1.0732368971431E+00 -1.4361314953251E+00
 3.9529936507288E-01 -3.2062473122433E-01 -6.1923469915942E+00 -3.7245338792933E-01  1.5537320312295E-01  7.4170716703894E-24  2.4184167869733E-23 -1.0733918266699E+00 -1.4367916084676E+00
 4.4997011361895E-01 -7.2731733526288E-02 -6.3722499759193E+00 -4.5449028928821E-01  1.6890689340020E-01  2.1852225890913E-23  2.5589330635837E-23 -1.0734484954454E+00 -1.4375042180087E+00
 5.0957360672842E-01  1.2839204417716E-01 -6.4931577679340E+00 -5.4623444804798E-01  1.8070966122045E-01  3.5839652675005E-23  2.5582312843741E-23 -1.0733444626378E+00 -1.4382056490252E+00
 5.7449349700374E-01  2.6780257447695E-01 -6.5534387693835E+00 -6.4766252987888E-01  1.9108144545053E-01  6.1574755577414E-23  1.3764406330928E-23 -1.0730172920029E+00 -1.4387907267989E+00
 6.4516129032258E-01  3.3790827261545E-01 -6.5452455051519E+00 -7.5853709681165E-01  2.0067828175621E-01  8.2398261623812E-23 -9.4306880930821E-24 -1.0723685402208E+00 -1.4391038720578E+00
 7.2206280043514E-01  3.4113940599524E-01 -6.4546761601031E+00 -8.7823469402628E-01  2.1039155447970E-01  1.0607934733672E-22 -5.8466962079771E-23 -1.0712906765302E+00 -1.4389184908378E+00
 8.0574569584327E-01  2.9159479358502E-01 -6.2653767036715E+00 -1.0055739751493E+00  2.2122017131568E-01  9.9636791902271E-23 -1.2938630734950E-22 -1.0696282153086E+00 -1.4379229912042E+00
 8.9682834696002E-01  2.1347751703837E-01 -5.9649910652917E+00 -1.1386658664242E+00  2.3396741352291E-01  5.8955024356688E-23 -2.2605904150564E-22 -1.0672016367514E+00 -1.4356967795717E+00
 9.9601022724332E-01  1.3461352481406E-01 -5.5516855628415E+00 -1.2749145889475E+00  2.4901241606506E-01 -6.3884123625105E-23 -3.1377356200397E-22 -1.0637661221885E+00 -1.4316968826255E+00
 1.1040841788897E+00  7.6119895821598E-02 -5.0358886931337E+00 -1.4111324209199E+00  2.6611500731048E-01 -2.5660932778280E-22 -3.5349157639103E-22 -1.0590356025204E+00 -1.4252413851958E+00
 1.2219509248095E+00  4.4036192167326E-02 -4.4346144270471E+00 -1.5437147579907E+00  2.8455200983233E-01 -5.1761046847882E-22 -2.6711286905708E-22 -1.0526460138917E+00 -1.4155140334203E+00
 1.3506362979409E+00  2.9885542378920E-02 -3.7620542263684E+00 -1.6686404110580E+00  3.0337699564270E-01 -7.3106486355260E-22 -2.6415142346922E-23 -1.0441904529144E+00 -1.4015800036388E+00
 1.4913117716510E+00  2.0952824665959E-02 -3.0263534552149E+00 -1.7812967176704E+00  3.2175499521234E-01 -8.1336134793713E-22  3.4323340001721E-22 -1.0332007643501E+00 -1.3824410387121E+00
 1.6453190177622E+00  1.0815053877917E-02 -2.2378661241179E+00 -1.8763084465056E+00  3.3896383287932E-01 -6.7021482686684E-22  6.8445758971556E-22 -1.0192082563219E+00 -1.3571208995757E+00
 1.8141994004940E+00  8.3159778720797E-04 -1.4219625615558E+00 -1.9478124339702E+00  3.5427981642901E-01 -4.2320451543667E-22  8.6087085316272E-22 -1.0017555133290E+00 -1.3248019244948E+00
 1.9997295470214E+00 -5.3959745665648E-03 -6.2385192374568E-01 -1.9902756606772E+00  3.6683012178110E-01 -1.9723301189189E-22  8.2247239514161E-22 -9.8048610737596E-01 -1.2849795650146E+00
 2.2039644338840E+00 -5.7907672408869E-03  9.7658012307089E-02 -1.9997174800542E+00  3.7573397059197E-01 -1.2348447519105E-22  6.9051635072524E-22 -9.5517019994928E-01 -1.2376125080440E+00
 2.4292898137085E+00 -8.0115681714285E-05  6.8384104203338E-01 -1.9749085502563E+00  3.8025923568346E-01 -1.0122491514883E-22  5.0927270444865E-22 -9.2577430793466E-01 -1.1831875060926E+00
 2.6784863059733E+00  1.0432002017518E-02  1.0936936906916E+00 -1.9181335544612E+00  3.8005673783220E-01 -1.4813837097360E-22  3.1534356818231E-22 -8.9242006518548E-01 -1.1226595722745E+00
 2.9548081253617E+00  2.3054714231127E-02  1.3199508683587E+00 -1.8349128447760E+00  3.7521539980474E-01 -1.9425289172994E-22  1.5352124635151E-22 -8.5535326744516E-01 -1.0572437219026E+00
 3.2620802702989E+00  3.4778641352816E-02  1.3924795225271E+00 -1.7325252216638E+00  3.6624602342311E-01 -2.3784831667510E-22  1.5228367299338E-22 -8.1481362567684E-01 -9.8815232846803E-01
 3.6048191074170E+00  4.3688070314774E-02  1.3634376282957E+00 -1.6178648185703E+00  3.5379549116096E-01 -1.4440069646985E-22  2.5379238519475E-22 -7.7098626248599E-01 -9.1638983604666E-01
 3.9883827509977E+00  4.9476011360090E-02  1.2828051077312E+00 -1.4958834847443E+00  3.3840335734924E-01  1.1801191753601E-23  4.8127210993591E-22 -7.2394753362984E-01 -8.4271247887533E-01
 4.4191595630774E+00  5.2742109203698E-02  1.1820863287292E+00 -1.3693766903500E+00  3.2030644517030E-01  3.1913976070458E-22  7.8642535999136E-22 -6.7374227906256E-01 -7.6771756298121E-01
 4.9048056364975E+00  5.3991318607467E-02  1.0745391310667E+00 -1.2398399040902E+00  2.9954665527624E-01  4.4343348535149E-22  8.7720681988662E-22 -6.2042514687548E-01 -6.9197949387770E-01
 5.4545454545455E+00  5.3359297010239E-02  9.6411347987123E-01 -1.1083813205143E+00  2.7608668197443E-01  5.4900384796820E-23  4.9119133638705E-22 -5.6416448694185E-01 -6.1613515866292E-01
 6.0795542687962E+00  5.0807942900990E-02  8.5220698975463E-01 -9.7622289389412E-01  2.4999106760385E-01 -4.0162788941469E-22  2.4530232024710E-22 -5.0526656331656E-01 -5.4092192021370E-01
 6.7934463423832E+00  4.6361399778016E-02  7.4006107081489E-01 -8.4483781887925E-01  2.2146137424923E-01 -5.4313218156898E-23 -3.9249365066788E-22 -4.4426343101976E-01 -4.6717613759377E-01
 7.6129002726496E+00  4.0166286469382E-02  6.2916930868785E-01 -7.1599630667180E-01  1.9094433617331E-01  3.5223671287641E-22 -5.0928373527527E-22 -3.8193399888802E-01 -3.9582448707736E-01
 8.5584611558500E+00  3.2564554669767E-02  5.2134534750820E-01 -5.9174759358278E-01  1.5913740573719E-01  5.0554154987811E-22  5.2817784415403E-22 -3.1938881712386E-01 -3.2785741717914E-01
 9.6555688906727E+00  2.4086265292433E-02  4.1868805258091E-01 -4.7439569120869E-01  1.2706987063150E-01 -2.6703396043602E-22  5.2209881764656E-22 -2.5806665109742E-01 -2.6430043825032E-01
 1.0935870685435E+01  1.5471721689718E-02  3.2353738899551E-01 -3.6639974350769E-01  9.6044448224274E-02  4.1367662968357E-22  7.5581567405989E-23 -1.9975503246259E-01 -2.0616961871663E-01
 1.2438879256439E+01  7.5727808899819E-03  2.3831414141269E-01 -2.7023379139855E-01  6.7597082516925E-02  1.9040683844036E-22 -1.0372545167673E-22 -1.4646136005196E-01 -1.5442700262921E-01
 1.4214025594877E+01  1.2458590455172E-03  1.6529667025015E-01 -1.8813177828178E-01  4.3251891680662E-02 -4.5134718896251E-22 -2.9346273309000E-22 -1.0023603695448E-01 -1.0991900943950E-01
 1.6323103064291E+01 -2.8925373617486E-03  1.0624325985876E-01 -1.2176338574173E-01  2.4258151302920E-02  6.5201336162265E-22 -2.8354195330483E-22 -6.2788882269766E-02 -7.3301966114800E-02
 1.8842958547214E+01 -4.6571907893505E-03  6.1968975591758E-02 -7.1810337032014E-02  1.1173055962686E-02 -1.9712820792477E-22  1.5301291108243E-22 -3.5078083520842E-02 -4.4921384119301E-02
 2.1867956415951E+01 -4.4553278920357E-03  3.1917589822932E-02 -3.7593786644884E-02  3.6336505760897E-03  9.0459141980750E-23  5.2783095786151E-24 -1.6871740069183E-02 -2.4649222849338E-02
 2.5511030361867E+01 -3.1419551871801E-03  1.4024201959206E-02 -1.6893322630850E-02  3.3427447092410E-04 -3.9793378172244E-23  1.9630358677025E-23 -6.6637861140268E-03 -1.1704987178485E-02
 2.9900709274659E+01 -1.6798066246326E-03  5.0385811245362E-03 -6.2552524325659E-03 -4.7696403584139E-04  2.1685910806062E-23  9.4902433109343E-24 -2.0196325946081E-03 -4.6107236631102E-03
 3.5168864215715E+01 -6.6403115158261E-04  1.4142812137267E-03 -1.8228608761043E-03 -3.5284572699044E-04  6.1526965757488E-23  6.8256859435250E-23 -4.2700583516805E-04 -1.4350955464698E-03
 4.1419695291531E+01 -1.9002912978462E-04  2.9776332388116E-04 -4.0244261578729E-04 -1.2935660300256E-04 -6.3765308706159E-24 -2.0036119264489E-23 -5.1054941439979E-05 -3.3780119571231E-04
 4.8665626607709E+01 -3.7083697634178E-05  4.7610433664092E-05 -6.6577711685657E-05 -3.1373513090165E-05  2.4233909740665E-23 -5.3830256203781E-23 -2.2821474112729E-06 -5.8772545163250E-05
 5.6716111653915E+01 -6.3331666007172E-06  5.9541281608436E-06 -9.1319341817108E-06 -3.8910911286397E-06  1.9592821437309E-23  1.5594243814600E-23  1.0512585075232E-06 -8.2796822573409E-06
 6.5027225430406E+01 -8.4803994607777E-08  1.0657683364140E-06 -1.0953406615967E-06 -1.4708411288503E-06 -2.4051898237345E-23 -2.3014009394516E-23 -5.0738177485707E-07 -8.8700857901291E-07
 7.2587189964099E+01 -5.3663314540571E-07 -1.5624469052212E-08 -2.7754767508674E-07  4.5961054550318E-07  1.9057554396486E-23 -5.6465342488900E-24  3.7115260566198E-07 -2.6600740072741E-07
 7.8010805313165E+01  7.7949022374347E-07  3.1378878949544E-07  2.9681080589372E-08 -1.0716099586882E-06  4.7764855742694E-23 -3.6907544512488E-23 -6.9078517860185E-07  1.8465439100222E-07
 8.0000000000000E+01  0.0000000000000E+00  0.0000000000000E+00  0.0000000000000E+00  0.0000000000000E+00  0.0000000000000E+00  0.0000000000000E+00  0.0000000000000E+00  0.0000000000000E+00
