#  1.0000000000000E+00  0.0000000000000E+00  2.3181424059429E-01 -6.4182155740488E-03  8.0000000000000E-02  4.1182793525941E-01  2.4679389434510E-02
 0.0000000000000E+00 -3.9070016090102E-16 -1.1860540598781E-16  3.0139726698079E-15  3.3488585220087E-15  9.3489394230553E-36  2.4391749348079E-36 -1.0709502003527E+00 -1.4345702040769E+00
 1.2134956257652E-03 -3.5611801209991E-02 -3.4765714133170E-02 -5.2300665900303E-06  8.7239216261825E-06  3.1522431930999E-23  8.4025044624610E-24 -1.0709541096691E+00 -1.4345662488236E+00
 4.8598042576750E-03 -1.3951769467313E-01 -1.3938100239066E-01 -7.2242971206669E-05  9.4591627376561E-05  1.8514146205350E-22  8.6748762846812E-23 -1.0709784967481E+00 -1.4345372137358E+00
 1.0956449776219E-02 -3.0310451981791E-01 -3.1456425067493E-01 -3.6956920376069E-04  4.7323572356138E-04  3.8477494538850E-22  1.6414695494503E-22 -1.0710144184535E+00 -1.4344919725017E+00
 1.9532835037547E-02 -5.1260806320862E-01 -5.6076845922580E-01 -1.1783802393891E-03  1.4502652419454E-03  7.4560811652752E-22  3.4530312491143E-22 -1.0710707397022E+00 -1.4344330918293E+00
 3.0630539981632E-02 -7.5002525230792E-01 -8.7720811149235E-01 -2.9132630405204E-03  3.4298922195258E-03  1.1034079897074E-21  4.6661096908782E-22 -1.0711407322320E+00 -1.4343669363940E+00
 4.4303746127476E-02 -9.9440927588799E-01 -1.2607658134233E+00 -6.1170730587780E-03  6.8244731778974E-03  1.7058000899759E-21  7.4925592770099E-22 -1.0712339302989E+00 -1.4342993242902E+00
 6.0619794820640E-02 -1.2235335663728E+00 -1.7050159593793E+00 -1.1472304949720E-02  1.2044374106591E-02  2.2296182047016E-21  8.5386572574433E-22 -1.0713441384907E+00 -1.4342400462571E+00
 7.9659889028125E-02 -1.4158245590043E+00 -2.1996008172184E+00 -1.9777850547057E-02  1.9397435506637E-02  3.1341345432493E-21  1.1784456626488E-21 -1.0714811552253E+00 -1.4341984764851E+00
 1.0151995116565E-01 -1.5524259011702E+00 -2.7301798839131E+00 -3.1935328203403E-02  2.9080240971349E-02  3.8620588365534E-21  1.1122534506007E-21 -1.0716385681032E+00 -1.4341879666498E+00
 1.2631165246940E-01 -1.6191408253407E+00 -3.2790607018276E+00 -4.8898287578285E-02  4.1092697933699E-02  5.1604134413212E-21  1.2835600872377E-21 -1.0718252337443E+00 -1.4342212221421E+00
 1.5416363287784E-01 -1.6080169712219E+00 -3.8265346970849E+00 -7.1633938889718E-02  5.5258750307400E-02  6.1432360356307E-21  6.9534222998009E-22 -1.0720327509070E+00 -1.4343143133220E+00
 1.8522293437556E-01 -1.5182868645636E+00 -4.3527324764929E+00 -1.0105740849219E-01  7.1182953402473E-02  7.8958640144096E-21  2.5060145455972E-22 -1.0722666188951E+00 -1.4344814833579E+00
 2.1965667539691E-01 -1.3565252291554E+00 -4.8397353077944E+00 -1.3799339988108E-01  8.8321578229643E-02  9.0495871900778E-21 -1.5688859506676E-21 -1.0725133330851E+00 -1.4347383629807E+00
 2.5765399934730E-01 -1.1359485419952E+00 -5.2734810116110E+00 -1.8312819605344E-01  1.0599124417306E-01  1.0995510829138E-20 -3.5302531362433E-21 -1.0727712088884E+00 -1.4350957074116E+00
 2.9942833676086E-01 -8.7501210706838E-01 -5.6450721162866E+00 -2.3700516101790E-01  1.2348663744203E-01  1.1585270910515E-20 -7.7770810654374E-21 -1.0730171000074E+00 -1.4355612184697E+00
 3.4522002830748E-01 -5.9552830217490E-01 -5.9510312633067E+00 -3.0001952127474E-01  1.4012330609968E-01  1.2305084071486E-20 -1.2553552320479E-20 -1.0732368971431E+00 -1.4361314953251E+00
 3.9529936507288E-01 -3.2062473122432E-01 -6.1923469915942E+00 -3.7245338792933E-01  1.5537320312294E-01  9.7096616486542E-21 -2.0457151179164E-20 -1.0733918266699E+00 -1.4367916084676E+00
 4.4997011361895E-01 -7.2731733526280E-02 -6.3722499759193E+00 -4.5449028928821E-01  1.6890689340020E-01  5.0328263743719E-21 -2.8442177362704E-20 -1.0734484954454E+00 -1.4375042180087E+00
 5.0957360672842E-01  1.2839204417717E-01 -6.4931577679340E+00 -5.4623444804798E-01  1.8070966122044E-01 -6.8534240004114E-21 -3.8473836425953E-20 -1.0733444626378E+00 -1.4382056490252E+00
 5.7449349700374E-01  2.6780257447696E-01 -6.5534387693835E+00 -6.4766252987888E-01  1.9108144545053E-01 -2.4438864587985E-20 -4.4141531585587E-20 -1.0730172920029E+00 -1.4387907267989E+00
 6.4516129032258E-01  3.3790827261546E-01 -6.5452455051519E+00 -7.5853709681165E-01  2.0067828175621E-01 -5.2687718392301E-20 -4.4471528810772E-20 -1.0723685402208E+00 -1.4391038720578E+00
 7.2206280043514E-01  3.4113940599525E-01 -6.4546761601031E+00 -8.7823469402629E-01  2.1039155447969E-01 -8.5012017457338E-20 -2.7630887834091E-20 -1.0712906765302E+00 -1.4389184908378E+00
 8.0574569584327E-01  2.9159479358503E-01 -6.2653767036715E+00 -1.0055739751493E+00  2.2122017131568E-01 -1.1842028404247E-19  8.7484156889233E-21 -1.0696282153086E+00 -1.4379229912042E+00
 8.9682834696002E-01  2.1347751703839E-01 -5.9649910652917E+00 -1.1386658664242E+00  2.3396741352291E-01 -1.3190151120819E-19  7.3088420469842E-20 -1.0672016367514E+00 -1.4356967795717E+00
 9.9601022724332E-01  1.3461352481408E-01 -5.5516855628415E+00 -1.2749145889475E+00  2.4901241606506E-01 -1.1187909484319E-19  1.4852046611191E-19 -1.0637661221885E+00 -1.4316968826255E+00
 1.1040841788897E+00  7.6119895821613E-02 -5.0358886931337E+00 -1.4111324209199E+00  2.6611500731047E-01 -4.0526339728302E-20  2.1270138730577E-19 -1.0590356025204E+00 -1.4252413851958E+00
 1.2219509248095E+00  4.4036192167339E-02 -4.4346144270471E+00 -1.5437147579907E+00  2.8455200983232E-01  5.6053755257203E-20  2.1714407182220E-19 -1.0526460138917E+00 -1.4155140334203E+00
 1.3506362979409E+00  2.9885542378931E-02 -3.7620542263684E+00 -1.6686404110580E+00  3.0337699564269E-01  1.2716576002690E-19  1.5206527513338E-19 -1.0441904529144E+00 -1.4015800036388E+00
 1.4913117716510E+00  2.0952824665966E-02 -3.0263534552149E+00 -1.7812967176704E+00  3.2175499521234E-01  9.5806675703502E-20  5.1557088688071E-20 -1.0332007643501E+00 -1.3824410387121E+00
 1.6453190177622E+00  1.0815053877924E-02 -2.2378661241179E+00 -1.8763084465056E+00  3.3896383287931E-01 -2.9606440876796E-20  2.2600730177088E-20 -1.0192082563219E+00 -1.3571208995757E+00
 1.8141994004940E+00  8.3159778721526E-04 -1.4219625615558E+00 -1.9478124339702E+00  3.5427981642901E-01 -1.6058669482773E-19  1.0090413588997E-19 -1.0017555133290E+00 -1.3248019244948E+00
 1.9997295470214E+00 -5.3959745665636E-03 -6.2385192374568E-01 -1.9902756606772E+00  3.6683012178109E-01 -1.8346204201338E-19  2.1017375344156E-19 -9.8048610737595E-01 -1.2849795650146E+00
 2.2039644338840E+00 -5.7907672408856E-03  9.7658012307081E-02 -1.9997174800542E+00  3.7573397059196E-01 -1.4025596311599E-19  1.9955741954707E-19 -9.5517019994928E-01 -1.2376125080441E+00
 2.4292898137085E+00 -8.0115681704132E-05  6.8384104203339E-01 -1.9749085502563E+00  3.8025923568345E-01 -1.1111961902426E-19  8.0004221042830E-20 -9.2577430793466E-01 -1.1831875060927E+00
 2.6784863059733E+00  1.0432002017536E-02  1.0936936906916E+00 -1.9181335544612E+00  3.8005673783219E-01 -1.1936635737569E-19 -5.7304398033020E-20 -8.9242006518548E-01 -1.1226595722745E+00
 2.9548081253617E+00  2.3054714231122E-02  1.3199508683587E+00 -1.8349128447760E+00  3.7521539980473E-01 -1.0012553291547E-19 -1.1203114524293E-19 -8.5535326744515E-01 -1.0572437219026E+00
 3.2620802702989E+00  3.4778641352811E-02  1.3924795225271E+00 -1.7325252216638E+00  3.6624602342310E-01 -8.5628984230135E-20 -9.4762132686754E-20 -8.1481362567684E-01 -9.8815232846804E-01
 3.6048191074170E+00  4.3688070314768E-02  1.3634376282957E+00 -1.6178648185703E+00  3.5379549116095E-01 -9.5650108596313E-20 -3.6636276268647E-20 -7.7098626248599E-01 -9.1638983604667E-01
 3.9883827509977E+00  4.9476011360092E-02  1.2828051077312E+00 -1.4958834847444E+00  3.3840335734923E-01 -1.8904925767552E-19  1.8006731615568E-20 -7.2394753362983E-01 -8.4271247887533E-01
 4.4191595630774E+00  5.2742109203694E-02  1.1820863287292E+00 -1.3693766903500E+00  3.2030644517029E-01 -2.4374492451305E-19  2.6158236539439E-19 -6.7374227906255E-01 -7.6771756298122E-01
 4.9048056364975E+00  5.3991318607454E-02  1.0745391310667E+00 -1.2398399040902E+00  2.9954665527624E-01 -1.5740475923070E-19  3.7425855333018E-19 -6.2042514687547E-01 -6.9197949387770E-01
 5.4545454545455E+00  5.3359297010236E-02  9.6411347987123E-01 -1.1083813205143E+00  2.7608668197443E-01 -1.7076413102902E-19  1.7492409965384E-20 -5.6416448694184E-01 -6.1613515866293E-01
 6.0795542687962E+00  5.0807942900986E-02  8.5220698975462E-01 -9.7622289389412E-01  2.4999106760384E-01 -2.1249789040394E-19 -8.1847556699860E-20 -5.0526656331656E-01 -5.4092192021371E-01
 6.7934463423832E+00  4.6361399778012E-02  7.4006107081489E-01 -8.4483781887925E-01  2.2146137424923E-01  1.5029862109993E-19 -9.6390913254613E-20 -4.4426343101975E-01 -4.6717613759377E-01
 7.6129002726496E+00  4.0166286469380E-02  6.2916930868785E-01 -7.1599630667180E-01  1.9094433617331E-01  2.4739004045608E-19 -3.9918476783978E-21 -3.8193399888802E-01 -3.9582448707736E-01
 8.5584611558500E+00  3.2564554669764E-02  5.2134534750820E-01 -5.9174759358278E-01  1.5913740573719E-01 -9.7513384898725E-20  3.0922203812674E-19 -3.1938881712386E-01 -3.2785741717914E-01
 9.6555688906727E+00  2.4086265292432E-02  4.1868805258091E-01 -4.7439569120869E-01  1.2706987063150E-01 -2.5936266705263E-19 -4.7298821697738E-20 -2.5806665109742E-01 -2.6430043825032E-01
 1.0935870685435E+01  1.5471721689716E-02  3.2353738899551E-01 -3.6639974350769E-01  9.6044448224273E-02  4.8046581872162E-20  1.5553513659748E-19 -1.9975503246259E-01 -2.0616961871663E-01
 1.2438879256439E+01  7.5727808899810E-03  2.3831414141269E-01 -2.7023379139855E-01  6.7597082516924E-02  6.8853002749686E-20  5.5330253218656E-20 -1.4646136005196E-01 -1.5442700262921E-01
 1.4214025594877E+01  1.2458590455162E-03  1.6529667025015E-01 -1.8813177828177E-01  4.3251891680661E-02  1.9601177660296E-20 -2.0190088137901E-19 -1.0023603695448E-01 -1.0991900943950E-01
 1.6323103064291E+01 -2.8925373617490E-03  1.0624325985876E-01 -1.2176338574173E-01  2.4258151302919E-02  1.9974543212183E-19  1.9195514823689E-19 -6.2788882269765E-02 -7.3301966114800E-02
 1.8842958547214E+01 -4.6571907893510E-03  6.1968975591758E-02 -7.1810337032014E-02  1.1173055962686E-02 -8.9207669323760E-20 -4.9043849483272E-20 -3.5078083520842E-02 -4.4921384119301E-02
 2.1867956415951E+01 -4.4553278920357E-03  3.1917589822932E-02 -3.7593786644884E-02  3.6336505760896E-03  1.4768957621700E-20  3.1910288774265E-20 -1.6871740069183E-02 -2.4649222849338E-02
 2.5511030361867E+01 -3.1419551871802E-03  1.4024201959206E-02 -1.6893322630850E-02  3.3427447092411E-04 -1.4064797027269E-20 -1.1370480925630E-20 -6.6637861140268E-03 -1.1704987178485E-02
 2.9900709274659E+01 -1.6798066246326E-03  5.0385811245360E-03 -6.2552524325659E-03 -4.7696403584147E-04  7.7026588407318E-22  8.5212178221610E-21 -2.0196325946080E-03 -4.6107236631101E-03
 3.5168864215715E+01 -6.6403115158267E-04  1.4142812137267E-03 -1.8228608761043E-03 -3.5284572699044E-04 -1.6155847969618E-20  2.9551309773734E-20 -4.2700583516802E-04 -1.4350955464699E-03
 4.1419695291531E+01 -1.9002912978457E-04  2.9776332388108E-04 -4.0244261578740E-04 -1.2935660300260E-04  6.4332827800460E-21 -4.7353774942767E-21 -5.1054941439955E-05 -3.3780119571226E-04
 4.8665626607709E+01 -3.7083697634188E-05  4.7610433664132E-05 -6.6577711685638E-05 -3.1373513090122E-05  2.0971156793177E-20  1.4148000887622E-21 -2.2821474112772E-06 -5.8772545163266E-05
 5.6716111653915E+01 -6.3331666007239E-06  5.9541281608273E-06 -9.1319341817543E-06 -3.8910911286355E-06 -2.5976633736768E-21  8.6852520809715E-21  1.0512585075380E-06 -8.2796822573524E-06
 6.5027225430406E+01 -8.4803994638036E-08  1.0657683364543E-06 -1.0953406615519E-06 -1.4708411288516E-06  4.5794130777800E-21 -1.1114427131578E-20 -5.0738177486576E-07 -8.8700857904159E-07
 7.2587189964099E+01 -5.3663314537412E-07 -1.5624469081836E-08 -2.7754767509843E-07  4.5961054549511E-07  4.4045086477367E-21  5.8329241274467E-21  3.7115260566882E-07 -2.6600740068902E-07
 7.8010805313165E+01  7.7949022373463E-07  3.1378878952526E-07  2.9681080654206E-08 -1.0716099586677E-06  1.8751054178644E-20  1.1439721820608E-20 -6.9078517862624E-07  1.8465439099993E-07
 8.0000000000000E+01  0.0000000000000E+00  0.0000000000000E+00  0.0000000000000E+00  0.0000000000000E+00  0.0000000000000E+00  0.0000000000000E+00  0.0000000000000E+00  0.0000000000000E+00
