#  1.0000000000000E+00  0.0000000000000E+00  2.3181424059429E-01 -6.4182155740487E-03  8.0000000000000E-02  4.1182793525941E-01  2.4679389434511E-02
 0.0000000000000E+00  1.8837329186299E-16 -3.0628101899205E-15  4.2418874612110E-15 -1.3395434088035E-15  8.5145081673439E-35 -2.7912080077734E-34 -1.0709502003527E+00 -1.4345702040769E+00
 1.2134956257652E-03 -3.5611801209991E-02 -3.4765714133173E-02 -5.2300665886933E-06  8.7239216211351E-06  1.7221453264868E-22 -2.4886883722806E-21 -1.0709541096691E+00 -1.4345662488236E+00
 4.8598042576750E-03 -1.3951769467313E-01 -1.3938100239066E-01 -7.2242971205602E-05  9.4591627371381E-05  1.6870136286430E-21 -8.0063689258022E-21 -1.0709784967481E+00 -1.4345372137358E+00
 1.0956449776219E-02 -3.0310451981791E-01 -3.1456425067493E-01 -3.6956920375939E-04  4.7323572355629E-04  3.3174425838706E-21 -1.9104878081137E-20 -1.0710144184535E+00 -1.4344919725017E+00
 1.9532835037547E-02 -5.1260806320863E-01 -5.6076845922580E-01 -1.1783802393883E-03  1.4502652419404E-03  6.6227600059943E-21 -3.2208617049481E-20 -1.0710707397022E+00 -1.4344330918292E+00
 3.0630539981632E-02 -7.5002525230792E-01 -8.7720811149235E-01 -2.9132630405192E-03  3.4298922195209E-03  9.1177991485022E-21 -5.2759612448327E-20 -1.0711407322320E+00 -1.4343669363940E+00
 4.4303746127476E-02 -9.9440927588799E-01 -1.2607658134233E+00 -6.1170730587773E-03  6.8244731778927E-03  1.3474106201909E-20 -7.3328125662089E-20 -1.0712339302989E+00 -1.4342993242902E+00
 6.0619794820640E-02 -1.2235335663728E+00 -1.7050159593793E+00 -1.1472304949719E-02  1.2044374106587E-02  1.4636957271646E-20 -1.0460366753102E-19 -1.0713441384907E+00 -1.4342400462571E+00
 7.9659889028125E-02 -1.4158245590043E+00 -2.1996008172184E+00 -1.9777850547057E-02  1.9397435506633E-02  1.6658714564035E-20 -1.3295321929902E-19 -1.0714811552253E+00 -1.4341984764851E+00
 1.0151995116565E-01 -1.5524259011702E+00 -2.7301798839131E+00 -3.1935328203402E-02  2.9080240971345E-02  1.0233982566743E-20 -1.7661523540649E-19 -1.0716385681032E+00 -1.4341879666497E+00
 1.2631165246940E-01 -1.6191408253407E+00 -3.2790607018275E+00 -4.8898287578285E-02  4.1092697933695E-02  7.0536672229027E-22 -2.1289178785026E-19 -1.0718252337443E+00 -1.4342212221421E+00
 1.5416363287784E-01 -1.6080169712219E+00 -3.8265346970849E+00 -7.1633938889717E-02  5.5258750307395E-02 -2.7596869284224E-20 -2.6926202569117E-19 -1.0720327509070E+00 -1.4343143133220E+00
 1.8522293437556E-01 -1.5182868645636E+00 -4.3527324764929E+00 -1.0105740849219E-01  7.1182953402468E-02 -6.8385524195570E-20 -3.0952893217270E-19 -1.0722666188951E+00 -1.4344814833579E+00
 2.1965667539691E-01 -1.3565252291554E+00 -4.8397353077944E+00 -1.3799339988108E-01  8.8321578229639E-02 -1.4576295084574E-19 -3.7001439158461E-19 -1.0725133330851E+00 -1.4347383629807E+00
 2.5765399934730E-01 -1.1359485419952E+00 -5.2734810116110E+00 -1.8312819605343E-01  1.0599124417305E-01 -2.5172728787087E-19 -3.9278959638433E-19 -1.0727712088884E+00 -1.4350957074116E+00
 2.9942833676086E-01 -8.7501210706840E-01 -5.6450721162866E+00 -2.3700516101790E-01  1.2348663744202E-01 -4.1776390511261E-19 -4.1797494478796E-19 -1.0730171000074E+00 -1.4355612184697E+00
 3.4522002830748E-01 -5.9552830217492E-01 -5.9510312633067E+00 -3.0001952127474E-01  1.4012330609967E-01 -6.2615618206270E-19 -3.5147473237824E-19 -1.0732368971431E+00 -1.4361314953251E+00
 3.9529936507288E-01 -3.2062473122434E-01 -6.1923469915942E+00 -3.7245338792933E-01  1.5537320312294E-01 -9.0084695380222E-19 -2.2770335961163E-19 -1.0733918266699E+00 -1.4367916084676E+00
 4.4997011361895E-01 -7.2731733526305E-02 -6.3722499759193E+00 -4.5449028928821E-01  1.6890689340019E-01 -1.1825880172170E-18  9.7199199325129E-20 -1.0734484954454E+00 -1.4375042180087E+00
 5.0957360672842E-01  1.2839204417714E-01 -6.4931577679340E+00 -5.4623444804798E-01  1.8070966122044E-01 -1.4383429846903E-18  5.8585900329404E-19 -1.0733444626378E+00 -1.4382056490252E+00
 5.7449349700374E-01  2.6780257447693E-01 -6.5534387693835E+00 -6.4766252987888E-01  1.9108144545053E-01 -1.4968423969543E-18  1.3949356669852E-18 -1.0730172920029E+00 -1.4387907267989E+00
 6.4516129032258E-01  3.3790827261543E-01 -6.5452455051520E+00 -7.5853709681165E-01  2.0067828175621E-01 -1.2017730086384E-18  2.3699798503398E-18 -1.0723685402208E+00 -1.4391038720578E+00
 7.2206280043514E-01  3.4113940599522E-01 -6.4546761601031E+00 -8.7823469402628E-01  2.1039155447969E-01 -2.6236657780433E-19  3.4791647635018E-18 -1.0712906765302E+00 -1.4389184908378E+00
 8.0574569584327E-01  2.9159479358501E-01 -6.2653767036715E+00 -1.0055739751493E+00  2.2122017131568E-01  1.4302601895890E-18  4.1609788194099E-18 -1.0696282153086E+00 -1.4379229912042E+00
 8.9682834696002E-01  2.1347751703836E-01 -5.9649910652917E+00 -1.1386658664242E+00  2.3396741352291E-01  3.8036327995546E-18  3.9838961043542E-18 -1.0672016367514E+00 -1.4356967795717E+00
 9.9601022724332E-01  1.3461352481406E-01 -5.5516855628415E+00 -1.2749145889475E+00  2.4901241606506E-01  6.0973096380145E-18  2.1735351003483E-18 -1.0637661221885E+00 -1.4316968826255E+00
 1.1040841788897E+00  7.6119895821594E-02 -5.0358886931337E+00 -1.4111324209199E+00  2.6611500731047E-01  7.1113246159503E-18 -1.0169960755349E-18 -1.0590356025204E+00 -1.4252413851958E+00
 1.2219509248095E+00  4.4036192167323E-02 -4.4346144270471E+00 -1.5437147579907E+00  2.8455200983232E-01  5.5213280312495E-18 -4.5917885989222E-18 -1.0526460138917E+00 -1.4155140334203E+00
 1.3506362979409E+00  2.9885542378916E-02 -3.7620542263684E+00 -1.6686404110580E+00  3.0337699564269E-01  1.4925295630384E-18 -5.9909733557506E-18 -1.0441904529144E+00 -1.4015800036388E+00
 1.4913117716510E+00  2.0952824665953E-02 -3.0263534552149E+00 -1.7812967176704E+00  3.2175499521234E-01 -2.8784840485256E-18 -3.8906125572690E-18 -1.0332007643501E+00 -1.3824410387121E+00
 1.6453190177622E+00  1.0815053877911E-02 -2.2378661241179E+00 -1.8763084465056E+00  3.3896383287931E-01 -4.6187745688699E-18  8.8032734145999E-19 -1.0192082563219E+00 -1.3571208995757E+00
 1.8141994004940E+00  8.3159778720129E-04 -1.4219625615558E+00 -1.9478124339702E+00  3.5427981642901E-01 -3.4904352940301E-18  4.4534826874503E-18 -1.0017555133290E+00 -1.3248019244948E+00
 1.9997295470214E+00 -5.3959745665744E-03 -6.2385192374568E-01 -1.9902756606772E+00  3.6683012178110E-01 -2.0055922004312E-18  5.0057245806088E-18 -9.8048610737595E-01 -1.2849795650146E+00
 2.2039644338840E+00 -5.7907672409004E-03  9.7658012307087E-02 -1.9997174800542E+00  3.7573397059196E-01 -2.2008736380433E-18  2.8605118028272E-18 -9.5517019994928E-01 -1.2376125080440E+00
 2.4292898137085E+00 -8.0115681706952E-05  6.8384104203338E-01 -1.9749085502563E+00  3.8025923568346E-01 -2.6881350653330E-18  5.0388014575795E-20 -9.2577430793466E-01 -1.1831875060926E+00
 2.6784863059733E+00  1.0432002017514E-02  1.0936936906916E+00 -1.9181335544612E+00  3.8005673783220E-01 -2.0716040031454E-18 -2.8937157579766E-18 -8.9242006518548E-01 -1.1226595722745E+00
 2.9548081253617E+00  2.3054714231135E-02  1.3199508683587E+00 -1.8349128447760E+00  3.7521539980474E-01 -6.2532296009253E-19 -3.8022816816024E-18 -8.5535326744515E-01 -1.0572437219026E+00
 3.2620802702989E+00  3.4778641352816E-02  1.3924795225271E+00 -1.7325252216638E+00  3.6624602342310E-01 -1.7462154182184E-20 -2.5818455563746E-18 -8.1481362567684E-01 -9.8815232846803E-01
 3.6048191074170E+00  4.3688070314782E-02  1.3634376282957E+00 -1.6178648185703E+00  3.5379549116096E-01 -2.2655810068652E-19 -1.3376414945946E-18 -7.7098626248599E-01 -9.1638983604666E-01
 3.9883827509977E+00  4.9476011360100E-02  1.2828051077312E+00 -1.4958834847443E+00  3.3840335734924E-01 -3.6049984285831E-18 -3.1069407724774E-18 -7.2394753362983E-01 -8.4271247887533E-01
 4.4191595630774E+00  5.2742109203697E-02  1.1820863287292E+00 -1.3693766903500E+00  3.2030644517030E-01 -7.7324277862480E-18  2.1031603555932E-18 -6.7374227906255E-01 -7.6771756298121E-01
 4.9048056364975E+00  5.3991318607462E-02  1.0745391310667E+00 -1.2398399040902E+00  2.9954665527624E-01 -5.2227145642719E-18  6.2294448909364E-18 -6.2042514687547E-01 -6.9197949387770E-01
 5.4545454545455E+00  5.3359297010241E-02  9.6411347987123E-01 -1.1083813205143E+00  2.7608668197443E-01 -3.1929475148221E-18 -3.0656552751060E-18 -5.6416448694185E-01 -6.1613515866292E-01
 6.0795542687962E+00  5.0807942900991E-02  8.5220698975462E-01 -9.7622289389413E-01  2.4999106760385E-01 -3.2783309147216E-18 -3.2829622527347E-18 -5.0526656331656E-01 -5.4092192021371E-01
 6.7934463423832E+00  4.6361399778016E-02  7.4006107081489E-01 -8.4483781887925E-01  2.2146137424923E-01  3.8802391448762E-18 -1.1061221361742E-19 -4.4426343101976E-01 -4.6717613759377E-01
 7.6129002726496E+00  4.0166286469380E-02  6.2916930868785E-01 -7.1599630667180E-01  1.9094433617331E-01  4.4149718150870E-18  2.1600939280456E-18 -3.8193399888802E-01 -3.9582448707736E-01
 8.5584611558500E+00  3.2564554669769E-02  5.2134534750820E-01 -5.9174759358278E-01  1.5913740573719E-01 -5.0310800222568E-18  4.6299646169632E-18 -3.1938881712386E-01 -3.2785741717914E-01
 9.6555688906727E+00  2.4086265292435E-02  4.1868805258091E-01 -4.7439569120869E-01  1.2706987063150E-01 -3.9045601334717E-18 -4.0900884001016E-18 -2.5806665109742E-01 -2.6430043825032E-01
 1.0935870685435E+01  1.5471721689718E-02  3.2353738899551E-01 -3.6639974350769E-01  9.6044448224275E-02 -7.5204917187670E-19  3.1351419738331E-18 -1.9975503246259E-01 -2.0616961871663E-01
 1.2438879256439E+01  7.5727808899825E-03  2.3831414141269E-01 -2.7023379139855E-01  6.7597082516925E-02  5.3466725708227E-19  1.6951863644963E-18 -1.4646136005196E-01 -1.5442700262921E-01
 1.4214025594877E+01  1.2458590455177E-03  1.6529667025015E-01 -1.8813177828177E-01  4.3251891680663E-02  2.3598456717728E-18 -3.1646795076727E-18 -1.0023603695448E-01 -1.0991900943950E-01
 1.6323103064291E+01 -2.8925373617481E-03  1.0624325985876E-01 -1.2176338574173E-01  2.4258151302920E-02  1.1860161938484E-18  5.3388979307253E-18 -6.2788882269766E-02 -7.3301966114799E-02
 1.8842958547214E+01 -4.6571907893504E-03  6.1968975591758E-02 -7.1810337032014E-02  1.1173055962686E-02 -9.6105875725078E-19 -1.8158385311432E-18 -3.5078083520842E-02 -4.4921384119301E-02
 2.1867956415951E+01 -4.4553278920356E-03  3.1917589822932E-02 -3.7593786644884E-02  3.6336505760897E-03 -7.3140159102720E-20  6.9219780244694E-19 -1.6871740069183E-02 -2.4649222849338E-02
 2.5511030361867E+01 -3.1419551871802E-03  1.4024201959206E-02 -1.6893322630850E-02  3.3427447092422E-04 -1.1582422134196E-19 -3.4669302541846E-19 -6.6637861140268E-03 -1.1704987178486E-02
 2.9900709274659E+01 -1.6798066246326E-03  5.0385811245361E-03 -6.2552524325660E-03 -4.7696403584148E-04 -6.8864618215392E-20  1.4851882133146E-19 -2.0196325946081E-03 -4.6107236631102E-03
 3.5168864215715E+01 -6.6403115158268E-04  1.4142812137267E-03 -1.8228608761042E-03 -3.5284572699047E-04 -5.8062910599802E-19  2.8227644816404E-19 -4.2700583516803E-04 -1.4350955464699E-03
 4.1419695291531E+01 -1.9002912978456E-04  2.9776332388107E-04 -4.0244261578742E-04 -1.2935660300261E-04  1.5631748598449E-19 -1.8226133224471E-21 -5.1054941439974E-05 -3.3780119571227E-04
 4.8665626607709E+01 -3.7083697634195E-05  4.7610433664181E-05 -6.6577711685614E-05 -3.1373513090138E-05  3.0911579147893E-19  2.4760360800012E-19 -2.2821474113227E-06 -5.8772545163301E-05
 5.6716111653915E+01 -6.3331666007030E-06  5.9541281608100E-06 -9.1319341817555E-06 -3.8910911286753E-06 -1.3317856243386E-19  1.0937600673372E-19  1.0512585075605E-06 -8.2796822573445E-06
 6.5027225430406E+01 -8.4803994648990E-08  1.0657683364270E-06 -1.0953406615227E-06 -1.4708411288536E-06  1.9070746623523E-19 -1.2547567036275E-19 -5.0738177485559E-07 -8.8700857904697E-07
 7.2587189964099E+01 -5.3663314536958E-07 -1.5624469103978E-08 -2.7754767508810E-07  4.5961054549293E-07  5.9250553290750E-21  1.4012702017242E-19  3.7115260568149E-07 -2.6600740068579E-07
 7.8010805313165E+01  7.7949022372069E-07  3.1378878951122E-07  2.9681080672379E-08 -1.0716099586738E-06  1.7071028737543E-19  3.8247637408839E-19 -6.9078517860367E-07  1.8465439099777E-07
 8.0000000000000E+01  0.0000000000000E+00  0.0000000000000E+00  0.0000000000000E+00  0.0000000000000E+00  0.0000000000000E+00  0.0000000000000E+00  0.0000000000000E+00  0.0000000000000E+00
