#  1.0000000000000E+00  0.0000000000000E+00  2.3181424059429E-01 -6.4182155740489E-03  8.0000000000000E-02
 0.0000000000000E+00  1.9395472273301E-15  1.1023325968279E-15  1.6744292610044E-15 -1.7860578784047E-15  4.4321773497418E-38  4.8753950847159E-38 -1.0709502003527E+00 -1.4345702040769E+00
 1.2134956257652E-03 -3.5611801209989E-02 -3.4765714133168E-02 -5.2300665910686E-06  8.7239216208378E-06  6.1417090799699E-25 -8.3417012750249E-27 -1.0709541096692E+00 -1.4345662488236E+00
 4.8598042576750E-03 -1.3951769467313E-01 -1.3938100239065E-01 -7.2242971207735E-05  9.4591627371076E-05  1.4261456381577E-24 -4.5078515954439E-25 -1.0709784967481E+00 -1.4345372137358E+00
 1.0956449776219E-02 -3.0310451981791E-01 -3.1456425067492E-01 -3.6956920376134E-04  4.7323572355597E-04  3.8078360459768E-24 -7.2699144112923E-25 -1.0710144184536E+00 -1.4344919725017E+00
 1.9532835037547E-02 -5.1260806320863E-01 -5.6076845922579E-01 -1.1783802393901E-03  1.4502652419400E-03  5.7248815511140E-24 -1.8419559321073E-24 -1.0710707397022E+00 -1.4344330918292E+00
 3.0630539981632E-02 -7.5002525230792E-01 -8.7720811149233E-01 -2.9132630405210E-03  3.4298922195207E-03  1.0229610522415E-23 -2.2814525378301E-24 -1.0711407322320E+00 -1.4343669363940E+00
 4.4303746127476E-02 -9.9440927588800E-01 -1.2607658134233E+00 -6.1170730587788E-03  6.8244731778925E-03  1.2907036960660E-23 -4.4669371196192E-24 -1.0712339302989E+00 -1.4342993242902E+00
 6.0619794820640E-02 -1.2235335663728E+00 -1.7050159593792E+00 -1.1472304949720E-02  1.2044374106587E-02  1.9839120947355E-23 -5.2647750569851E-24 -1.0713441384907E+00 -1.4342400462571E+00
 7.9659889028125E-02 -1.4158245590043E+00 -2.1996008172184E+00 -1.9777850547058E-02  1.9397435506633E-02  2.2780587508475E-23 -9.4228232740092E-24 -1.0714811552253E+00 -1.4341984764851E+00
 1.0151995116565E-01 -1.5524259011702E+00 -2.7301798839131E+00 -3.1935328203403E-02  2.9080240971345E-02  3.2191754170646E-23 -1.1490431968343E-23 -1.0716385681032E+00 -1.4341879666497E+00
 1.2631165246940E-01 -1.6191408253407E+00 -3.2790607018275E+00 -4.8898287578286E-02  4.1092697933696E-02  3.4384490892966E-23 -1.9544728667364E-23 -1.0718252337443E+00 -1.4342212221420E+00
 1.5416363287784E-01 -1.6080169712219E+00 -3.8265346970849E+00 -7.1633938889718E-02  5.5258750307396E-02  4.5461696921055E-23 -2.5073876782597E-23 -1.0720327509070E+00 -1.4343143133220E+00
 1.8522293437556E-01 -1.5182868645637E+00 -4.3527324764929E+00 -1.0105740849219E-01  7.1182953402471E-02  4.4317352291843E-23 -4.0518323363302E-23 -1.0722666188951E+00 -1.4344814833579E+00
 2.1965667539691E-01 -1.3565252291555E+00 -4.8397353077944E+00 -1.3799339988108E-01  8.8321578229643E-02  5.3657404314099E-23 -5.3298778306278E-23 -1.0725133330851E+00 -1.4347383629807E+00
 2.5765399934730E-01 -1.1359485419952E+00 -5.2734810116110E+00 -1.8312819605343E-01  1.0599124417306E-01  4.2276053595009E-23 -8.0926496294436E-23 -1.0727712088884E+00 -1.4350957074116E+00
 2.9942833676086E-01 -8.7501210706844E-01 -5.6450721162866E+00 -2.3700516101790E-01  1.2348663744203E-01  3.9853808720257E-23 -1.0472621412999E-22 -1.0730171000074E+00 -1.4355612184697E+00
 3.4522002830748E-01 -5.9552830217496E-01 -5.9510312633067E+00 -3.0001952127473E-01  1.4012330609968E-01  1.5365511761063E-24 -1.4641435340637E-22 -1.0732368971431E+00 -1.4361314953251E+00
 3.9529936507288E-01 -3.2062473122439E-01 -6.1923469915942E+00 -3.7245338792932E-01  1.5537320312295E-01 -3.5692177967631E-23 -1.7606766371946E-22 -1.0733918266699E+00 -1.4367916084676E+00
 4.4997011361895E-01 -7.2731733526350E-02 -6.3722499759193E+00 -4.5449028928821E-01  1.6890689340020E-01 -1.3276034754648E-22 -2.1427563622362E-22 -1.0734484954454E+00 -1.4375042180087E+00
 5.0957360672842E-01  1.2839204417709E-01 -6.4931577679340E+00 -5.4623444804797E-01  1.8070966122045E-01 -2.4000272408366E-22 -2.0821981849696E-22 -1.0733444626378E+00 -1.4382056490252E+00
 5.7449349700374E-01  2.6780257447688E-01 -6.5534387693835E+00 -6.4766252987888E-01  1.9108144545053E-01 -4.2563474541032E-22 -1.6584266145584E-22 -1.0730172920029E+00 -1.4387907267989E+00
 6.4516129032258E-01  3.3790827261538E-01 -6.5452455051520E+00 -7.5853709681165E-01  2.0067828175621E-01 -5.9992593078011E-22  2.1094434837303E-24 -1.0723685402208E+00 -1.4391038720578E+00
 7.2206280043514E-01  3.4113940599518E-01 -6.4546761601031E+00 -8.7823469402628E-01  2.1039155447970E-01 -7.9653534438679E-22  2.9764796990577E-22 -1.0712906765302E+00 -1.4389184908378E+00
 8.0574569584327E-01  2.9159479358496E-01 -6.2653767036715E+00 -1.0055739751493E+00  2.2122017131569E-01 -8.2110822531914E-22  8.1315650223575E-22 -1.0696282153086E+00 -1.4379229912042E+00
 8.9682834696002E-01  2.1347751703831E-01 -5.9649910652917E+00 -1.1386658664242E+00  2.3396741352292E-01 -6.2102296615425E-22  1.4594318870895E-21 -1.0672016367514E+00 -1.4356967795717E+00
 9.9601022724332E-01  1.3461352481401E-01 -5.5516855628415E+00 -1.2749145889475E+00  2.4901241606507E-01  8.9245499325128E-23  2.1571541181864E-21 -1.0637661221885E+00 -1.4316968826255E+00
 1.1040841788897E+00  7.6119895821544E-02 -5.0358886931337E+00 -1.4111324209199E+00  2.6611500731049E-01  1.2561200734546E-21  2.5206193073115E-21 -1.0590356025204E+00 -1.4252413851957E+00
 1.2219509248095E+00  4.4036192167277E-02 -4.4346144270471E+00 -1.5437147579907E+00  2.8455200983234E-01  2.8360283946484E-21  2.2567076503212E-21 -1.0526460138917E+00 -1.4155140334203E+00
 1.3506362979409E+00  2.9885542378877E-02 -3.7620542263684E+00 -1.6686404110580E+00  3.0337699564271E-01  4.1586534729516E-21  1.0796037166325E-21 -1.0441904529144E+00 -1.4015800036388E+00
 1.4913117716510E+00  2.0952824665919E-02 -3.0263534552149E+00 -1.7812967176704E+00  3.2175499521236E-01  4.7865857053222E-21 -5.7501546343956E-22 -1.0332007643501E+00 -1.3824410387121E+00
 1.6453190177622E+00  1.0815053877886E-02 -2.2378661241179E+00 -1.8763084465056E+00  3.3896383287933E-01  4.3817155966976E-21 -2.0094538586199E-21 -1.0192082563219E+00 -1.3571208995757E+00
 1.8141994004940E+00  8.3159778718538E-04 -1.4219625615558E+00 -1.9478124339702E+00  3.5427981642903E-01  3.7547104014632E-21 -2.4628713309406E-21 -1.0017555133290E+00 -1.3248019244948E+00
 1.9997295470214E+00 -5.3959745665812E-03 -6.2385192374568E-01 -1.9902756606772E+00  3.6683012178111E-01  3.3619063074165E-21 -2.2991066384888E-21 -9.8048610737596E-01 -1.2849795650146E+00
 2.2039644338840E+00 -5.7907672408975E-03  9.7658012307080E-02 -1.9997174800542E+00  3.7573397059198E-01  3.2631164939698E-21 -1.9285362986418E-21 -9.5517019994929E-01 -1.2376125080440E+00
 2.4292898137085E+00 -8.0115681710296E-05  6.8384104203337E-01 -1.9749085502563E+00  3.8025923568347E-01  2.5716189424655E-21 -1.3805076844852E-21 -9.2577430793467E-01 -1.1831875060926E+00
 2.6784863059733E+00  1.0432002017522E-02  1.0936936906916E+00 -1.9181335544612E+00  3.8005673783221E-01  1.8451408905454E-21 -1.7779299734259E-22 -8.9242006518549E-01 -1.1226595722745E+00
 2.9548081253617E+00  2.3054714231144E-02  1.3199508683587E+00 -1.8349128447760E+00  3.7521539980476E-01  1.4043120302718E-21  7.6763304882816E-22 -8.5535326744516E-01 -1.0572437219026E+00
 3.2620802702989E+00  3.4778641352828E-02  1.3924795225271E+00 -1.7325252216638E+00  3.6624602342312E-01  1.5953545024920E-21  8.5475142718671E-22 -8.1481362567685E-01 -9.8815232846803E-01
 3.6048191074170E+00  4.3688070314792E-02  1.3634376282957E+00 -1.6178648185703E+00  3.5379549116097E-01  1.7617704413255E-21  8.1834850031259E-25 -7.7098626248600E-01 -9.1638983604666E-01
 3.9883827509977E+00  4.9476011360106E-02  1.2828051077312E+00 -1.4958834847443E+00  3.3840335734925E-01  2.3930523022579E-21 -1.4610215341568E-21 -7.2394753362984E-01 -8.4271247887532E-01
 4.4191595630774E+00  5.2742109203715E-02  1.1820863287292E+00 -1.3693766903500E+00  3.2030644517031E-01  2.8192171397912E-21 -4.2906909555038E-21 -6.7374227906256E-01 -7.6771756298121E-01
 4.9048056364975E+00  5.3991318607473E-02  1.0745391310667E+00 -1.2398399040902E+00  2.9954665527625E-01  2.5760022198752E-21 -5.4018771558941E-21 -6.2042514687548E-01 -6.9197949387769E-01
 5.4545454545455E+00  5.3359297010249E-02  9.6411347987124E-01 -1.1083813205143E+00  2.7608668197444E-01  2.2214564989397E-21 -1.6580935434054E-21 -5.6416448694185E-01 -6.1613515866292E-01
 6.0795542687962E+00  5.0807942901000E-02  8.5220698975462E-01 -9.7622289389412E-01  2.4999106760386E-01  2.8422997077198E-21  1.0984212073803E-21 -5.0526656331656E-01 -5.4092192021370E-01
 6.7934463423832E+00  4.6361399778026E-02  7.4006107081489E-01 -8.4483781887925E-01  2.2146137424924E-01 -1.8123735964032E-21  1.6429866074225E-21 -4.4426343101976E-01 -4.6717613759377E-01
 7.6129002726496E+00  4.0166286469388E-02  6.2916930868785E-01 -7.1599630667180E-01  1.9094433617332E-01 -3.7425302624276E-21  1.9245835955780E-22 -3.8193399888802E-01 -3.9582448707735E-01
 8.5584611558500E+00  3.2564554669774E-02  5.2134534750820E-01 -5.9174759358278E-01  1.5913740573720E-01  8.5985851450672E-22 -4.4677545535894E-21 -3.1938881712386E-01 -3.2785741717914E-01
 9.6555688906727E+00  2.4086265292439E-02  4.1868805258091E-01 -4.7439569120869E-01  1.2706987063151E-01  3.6362816580577E-21 -3.0394542860886E-22 -2.5806665109742E-01 -2.6430043825032E-01
 1.0935870685435E+01  1.5471721689723E-02  3.2353738899551E-01 -3.6639974350769E-01  9.6044448224279E-02 -1.0482206415100E-21 -2.2789004067930E-21 -1.9975503246259E-01 -2.0616961871663E-01
 1.2438879256439E+01  7.5727808899855E-03  2.3831414141269E-01 -2.7023379139855E-01  6.7597082516928E-02 -1.1680360639324E-21 -6.1000641017594E-22 -1.4646136005196E-01 -1.5442700262921E-01
 1.4214025594877E+01  1.2458590455197E-03  1.6529667025015E-01 -1.8813177828177E-01  4.3251891680665E-02  1.2288653545678E-22  3.1858114703025E-21 -1.0023603695448E-01 -1.0991900943950E-01
 1.6323103064291E+01 -2.8925373617466E-03  1.0624325985876E-01 -1.2176338574173E-01  2.4258151302921E-02 -3.5818214177361E-21 -2.3006352357500E-21 -6.2788882269766E-02 -7.3301966114798E-02
 1.8842958547214E+01 -4.6571907893495E-03  6.1968975591758E-02 -7.1810337032014E-02  1.1173055962687E-02  1.4402915315973E-21  4.7200421631647E-22 -3.5078083520843E-02 -4.4921384119301E-02
 2.1867956415951E+01 -4.4553278920349E-03  3.1917589822932E-02 -3.7593786644884E-02  3.6336505760904E-03 -2.8805804332224E-22 -4.5811363322311E-22 -1.6871740069183E-02 -2.4649222849337E-02
 2.5511030361867E+01 -3.1419551871797E-03  1.4024201959206E-02 -1.6893322630850E-02  3.3427447092451E-04  2.3513800697479E-22  1.3158351441819E-22 -6.6637861140270E-03 -1.1704987178485E-02
 2.9900709274659E+01 -1.6798066246324E-03  5.0385811245361E-03 -6.2552524325659E-03 -4.7696403584133E-04 -2.8724255206388E-23 -1.3525529980312E-22 -2.0196325946082E-03 -4.6107236631100E-03
 3.5168864215715E+01 -6.6403115158254E-04  1.4142812137267E-03 -1.8228608761044E-03 -3.5284572699044E-04  1.4145134608116E-22 -5.2129046075720E-22 -4.2700583516806E-04 -1.4350955464698E-03
 4.1419695291531E+01 -1.9002912978458E-04  2.9776332388115E-04 -4.0244261578743E-04 -1.2935660300258E-04 -7.9920078806518E-23  9.6075589407525E-23 -5.1054941440003E-05 -3.3780119571228E-04
 4.8665626607709E+01 -3.7083697634219E-05  4.7610433664162E-05 -6.6577711685663E-05 -3.1373513090165E-05 -3.3986938539124E-22  5.3067096111359E-23 -2.2821474113157E-06 -5.8772545163315E-05
 5.6716111653915E+01 -6.3331666007366E-06  5.9541281608194E-06 -9.1319341817142E-06 -3.8910911286640E-06  1.2658397432756E-23 -1.4607674507835E-22  1.0512585075356E-06 -8.2796822573547E-06
 6.5027225430406E+01 -8.4803994643955E-08  1.0657683364210E-06 -1.0953406615721E-06 -1.4708411288560E-06 -3.4933737248236E-23  1.9162449759009E-22 -5.0738177485561E-07 -8.8700857905198E-07
 7.2587189964099E+01 -5.3663314538053E-07 -1.5624469077160E-08 -2.7754767508321E-07  4.5961054549540E-07 -8.9164090673681E-23 -7.5680272414709E-23  3.7115260567387E-07 -2.6600740070431E-07
 7.8010805313165E+01  7.7949022373859E-07  3.1378878951013E-07  2.9681080621818E-08 -1.0716099586769E-06 -3.3468725443039E-22 -1.1545335729177E-22 -6.9078517861522E-07  1.8465439099824E-07
 8.0000000000000E+01  0.0000000000000E+00  0.0000000000000E+00  0.0000000000000E+00  0.0000000000000E+00  0.0000000000000E+00  0.0000000000000E+00  0.0000000000000E+00  0.0000000000000E+00
