#  1.0000000000000E+00  0.0000000000000E+00  2.3181424059429E-01 -6.4182155740488E-03  8.0000000000000E-02
 0.0000000000000E+00 -1.2000076370531E-15 -7.1163243592685E-16 -8.9302893920233E-16 -2.0093151132052E-15 -3.6913536796569E-34  3.5461200922606E-33 -1.0709502003527E+00 -1.4345702040769E+00
 1.2134956257652E-03 -3.5611801209992E-02 -3.4765714133170E-02 -5.2300665938151E-06  8.7239216205404E-06 -3.3180854671054E-20  4.2469906237800E-20 -1.0709541096691E+00 -1.4345662488236E+00
 4.8598042576750E-03 -1.3951769467314E-01 -1.3938100239065E-01 -7.2242971210553E-05  9.4591627371076E-05 -1.0254017595747E-19  1.6904401837074E-19 -1.0709784967481E+00 -1.4345372137358E+00
 1.0956449776219E-02 -3.0310451981791E-01 -3.1456425067492E-01 -3.6956920376448E-04  4.7323572355607E-04 -2.4570103142073E-19  3.8068215541553E-19 -1.0710144184535E+00 -1.4344919725017E+00
 1.9532835037547E-02 -5.1260806320863E-01 -5.6076845922579E-01 -1.1783802393929E-03  1.4502652419401E-03 -4.0890636317499E-19  6.8143609426101E-19 -1.0710707397022E+00 -1.4344330918292E+00
 3.0630539981632E-02 -7.5002525230792E-01 -8.7720811149233E-01 -2.9132630405238E-03  3.4298922195205E-03 -6.6341666331988E-19  1.0705436729625E-18 -1.0711407322320E+00 -1.4343669363940E+00
 4.4303746127476E-02 -9.9440927588799E-01 -1.2607658134233E+00 -6.1170730587815E-03  6.8244731778923E-03 -8.9518025753049E-19  1.5646507558605E-18 -1.0712339302989E+00 -1.4342993242902E+00
 6.0619794820640E-02 -1.2235335663728E+00 -1.7050159593792E+00 -1.1472304949723E-02  1.2044374106587E-02 -1.2299633120760E-18  2.1616576235311E-18 -1.0713441384907E+00 -1.4342400462571E+00
 7.9659889028125E-02 -1.4158245590043E+00 -2.1996008172184E+00 -1.9777850547061E-02  1.9397435506633E-02 -1.4483303867049E-18  2.9000606899092E-18 -1.0714811552253E+00 -1.4341984764851E+00
 1.0151995116565E-01 -1.5524259011702E+00 -2.7301798839131E+00 -3.1935328203406E-02  2.9080240971345E-02 -1.7432644107649E-18  3.7751968407137E-18 -1.0716385681032E+00 -1.4341879666497E+00
 1.2631165246940E-01 -1.6191408253407E+00 -3.2790607018275E+00 -4.8898287578288E-02  4.1092697933695E-02 -1.7309047654360E-18  4.8507522424082E-18 -1.0718252337443E+00 -1.4342212221420E+00
 1.5416363287784E-01 -1.6080169712219E+00 -3.8265346970848E+00 -7.1633938889721E-02  5.5258750307396E-02 -1.6705656272055E-18  6.1019705972436E-18 -1.0720327509070E+00 -1.4343143133220E+00
 1.8522293437556E-01 -1.5182868645637E+00 -4.3527324764928E+00 -1.0105740849220E-01  7.1182953402469E-02 -9.3516691209883E-19  7.5898707056407E-18 -1.0722666188951E+00 -1.4344814833579E+00
 2.1965667539691E-01 -1.3565252291555E+00 -4.8397353077943E+00 -1.3799339988108E-01  8.8321578229640E-02  1.6183148237043E-19  9.1936322363630E-18 -1.0725133330851E+00 -1.4347383629807E+00
 2.5765399934730E-01 -1.1359485419952E+00 -5.2734810116110E+00 -1.8312819605344E-01  1.0599124417305E-01  2.5691625176856E-18  1.0849333503576E-17 -1.0727712088884E+00 -1.4350957074116E+00
 2.9942833676086E-01 -8.7501210706843E-01 -5.6450721162865E+00 -2.3700516101790E-01  1.2348663744203E-01  5.8773716927403E-18  1.2119626839880E-17 -1.0730171000074E+00 -1.4355612184697E+00
 3.4522002830748E-01 -5.9552830217495E-01 -5.9510312633067E+00 -3.0001952127474E-01  1.4012330609967E-01  1.1287348526923E-17  1.2506641329795E-17 -1.0732368971431E+00 -1.4361314953251E+00
 3.9529936507288E-01 -3.2062473122437E-01 -6.1923469915942E+00 -3.7245338792933E-01  1.5537320312294E-01  1.7909321995246E-17  1.0845454050518E-17 -1.0733918266699E+00 -1.4367916084676E+00
 4.4997011361895E-01 -7.2731733526328E-02 -6.3722499759193E+00 -4.5449028928821E-01  1.6890689340020E-01  2.6507553021434E-17  5.8402807049778E-18 -1.0734484954454E+00 -1.4375042180087E+00
 5.0957360672842E-01  1.2839204417712E-01 -6.4931577679340E+00 -5.4623444804798E-01  1.8070966122045E-01  3.4364116059950E-17 -4.4488501068976E-18 -1.0733444626378E+00 -1.4382056490252E+00
 5.7449349700374E-01  2.6780257447691E-01 -6.5534387693834E+00 -6.4766252987888E-01  1.9108144545053E-01  4.0020324333924E-17 -2.1204491501930E-17 -1.0730172920029E+00 -1.4387907267989E+00
 6.4516129032258E-01  3.3790827261541E-01 -6.5452455051519E+00 -7.5853709681165E-01  2.0067828175621E-01  3.7068571403219E-17 -4.4466739857363E-17 -1.0723685402208E+00 -1.4391038720578E+00
 7.2206280043514E-01  3.4113940599520E-01 -6.4546761601031E+00 -8.7823469402628E-01  2.1039155447969E-01  2.1778345656101E-17 -7.0187177795107E-17 -1.0712906765302E+00 -1.4389184908378E+00
 8.0574569584327E-01  2.9159479358497E-01 -6.2653767036714E+00 -1.0055739751493E+00  2.2122017131568E-01 -1.1550130258453E-17 -8.9895546943549E-17 -1.0696282153086E+00 -1.4379229912042E+00
 8.9682834696002E-01  2.1347751703833E-01 -5.9649910652916E+00 -1.1386658664242E+00  2.3396741352291E-01 -5.7117280934517E-17 -9.0463992020143E-17 -1.0672016367514E+00 -1.4356967795717E+00
 9.9601022724332E-01  1.3461352481403E-01 -5.5516855628415E+00 -1.2749145889475E+00  2.4901241606506E-01 -1.0281836251801E-16 -6.2123089854010E-17 -1.0637661221885E+00 -1.4316968826255E+00
 1.1040841788897E+00  7.6119895821561E-02 -5.0358886931337E+00 -1.4111324209199E+00  2.6611500731048E-01 -1.2249052358731E-16 -7.6564131739811E-18 -1.0590356025204E+00 -1.4252413851957E+00
 1.2219509248095E+00  4.4036192167289E-02 -4.4346144270471E+00 -1.5437147579907E+00  2.8455200983233E-01 -1.0222159399386E-16  4.9088027605953E-17 -1.0526460138917E+00 -1.4155140334203E+00
 1.3506362979409E+00  2.9885542378890E-02 -3.7620542263684E+00 -1.6686404110580E+00  3.0337699564270E-01 -4.6076107437556E-17  7.6785092147087E-17 -1.0441904529144E+00 -1.4015800036388E+00
 1.4913117716510E+00  2.0952824665931E-02 -3.0263534552148E+00 -1.7812967176704E+00  3.2175499521235E-01  9.1576567116695E-18  6.2360319285040E-17 -1.0332007643501E+00 -1.3824410387121E+00
 1.6453190177622E+00  1.0815053877895E-02 -2.2378661241179E+00 -1.8763084465056E+00  3.3896383287933E-01  3.8850921448443E-17  2.9590218172055E-17 -1.0192082563219E+00 -1.3571208995757E+00
 1.8141994004940E+00  8.3159778719206E-04 -1.4219625615557E+00 -1.9478124339702E+00  3.5427981642902E-01  4.0018093026582E-17  1.2572319351728E-17 -1.0017555133290E+00 -1.3248019244948E+00
 1.9997295470214E+00 -5.3959745665745E-03 -6.2385192374568E-01 -1.9902756606772E+00  3.6683012178111E-01  3.5413460147290E-17  2.1241575050673E-17 -9.8048610737595E-01 -1.2849795650146E+00
 2.2039644338840E+00 -5.7907672408780E-03  9.7658012307062E-02 -1.9997174800542E+00  3.7573397059198E-01  1.7487541245026E-17  3.6010500241360E-17 -9.5517019994928E-01 -1.2376125080440E+00
 2.4292898137085E+00 -8.0115681719563E-05  6.8384104203337E-01 -1.9749085502563E+00  3.8025923568347E-01 -1.5032262493493E-17  3.3402729544837E-17 -9.2577430793466E-01 -1.1831875060926E+00
 2.6784863059733E+00  1.0432002017540E-02  1.0936936906916E+00 -1.9181335544612E+00  3.8005673783221E-01 -4.8473214444123E-17 -7.9015492155141E-19 -8.9242006518548E-01 -1.1226595722745E+00
 2.9548081253617E+00  2.3054714231121E-02  1.3199508683587E+00 -1.8349128447760E+00  3.7521539980475E-01 -4.8440436294291E-17 -2.9510017923931E-17 -8.5535326744516E-01 -1.0572437219026E+00
 3.2620802702989E+00  3.4778641352820E-02  1.3924795225271E+00 -1.7325252216638E+00  3.6624602342311E-01 -1.6270896457253E-17 -1.9241431675279E-17 -8.1481362567684E-01 -9.8815232846803E-01
 3.6048191074170E+00  4.3688070314795E-02  1.3634376282957E+00 -1.6178648185703E+00  3.5379549116097E-01  5.6163555235976E-18 -2.1641382806136E-17 -7.7098626248599E-01 -9.1638983604666E-01
 3.9883827509977E+00  4.9476011360109E-02  1.2828051077312E+00 -1.4958834847443E+00  3.3840335734924E-01 -7.3975977554639E-17 -8.7455631801509E-20 -7.2394753362983E-01 -8.4271247887532E-01
 4.4191595630774E+00  5.2742109203713E-02  1.1820863287292E+00 -1.3693766903500E+00  3.2030644517030E-01 -4.3625188001004E-17  9.2863276884570E-17 -6.7374227906255E-01 -7.6771756298121E-01
 4.9048056364975E+00  5.3991318607465E-02  1.0745391310667E+00 -1.2398399040902E+00  2.9954665527625E-01  3.6485513466482E-17  7.9567038800383E-17 -6.2042514687547E-01 -6.9197949387769E-01
 5.4545454545455E+00  5.3359297010245E-02  9.6411347987123E-01 -1.1083813205143E+00  2.7608668197444E-01 -6.7391480714801E-17 -2.1365866307346E-18 -5.6416448694184E-01 -6.1613515866292E-01
 6.0795542687962E+00  5.0807942900994E-02  8.5220698975462E-01 -9.7622289389412E-01  2.4999106760385E-01 -4.7922080372787E-17  6.3046910565031E-18 -5.0526656331656E-01 -5.4092192021370E-01
 6.7934463423832E+00  4.6361399778021E-02  7.4006107081489E-01 -8.4483781887925E-01  2.2146137424924E-01  2.9116655287527E-17 -3.4106796211557E-17 -4.4426343101975E-01 -4.6717613759377E-01
 7.6129002726496E+00  4.0166286469387E-02  6.2916930868785E-01 -7.1599630667180E-01  1.9094433617331E-01  4.8927348285602E-17 -2.2575291023611E-17 -3.8193399888802E-01 -3.9582448707735E-01
 8.5584611558500E+00  3.2564554669771E-02  5.2134534750819E-01 -5.9174759358278E-01  1.5913740573720E-01  1.3575008637879E-18  7.8681136787504E-17 -3.1938881712386E-01 -3.2785741717914E-01
 9.6555688906727E+00  2.4086265292437E-02  4.1868805258091E-01 -4.7439569120869E-01  1.2706987063150E-01 -6.5855724653501E-17 -3.3944227508619E-18 -2.5806665109742E-01 -2.6430043825032E-01
 1.0935870685435E+01  1.5471721689720E-02  3.2353738899551E-01 -3.6639974350769E-01  9.6044448224276E-02  1.9847265134334E-17  2.9297346266037E-17 -1.9975503246259E-01 -2.0616961871663E-01
 1.2438879256439E+01  7.5727808899837E-03  2.3831414141269E-01 -2.7023379139855E-01  6.7597082516926E-02  1.7401290186056E-17  8.9333759703092E-18 -1.4646136005196E-01 -1.5442700262921E-01
 1.4214025594877E+01  1.2458590455187E-03  1.6529667025015E-01 -1.8813177828177E-01  4.3251891680663E-02 -7.6798416611238E-18 -4.1701298198979E-17 -1.0023603695448E-01 -1.0991900943950E-01
 1.6323103064291E+01 -2.8925373617473E-03  1.0624325985876E-01 -1.2176338574173E-01  2.4258151302921E-02  5.0255552400790E-17  3.1737518373052E-17 -6.2788882269765E-02 -7.3301966114799E-02
 1.8842958547214E+01 -4.6571907893500E-03  6.1968975591757E-02 -7.1810337032014E-02  1.1173055962687E-02 -2.1771007233472E-17 -6.4990166870988E-18 -3.5078083520842E-02 -4.4921384119301E-02
 2.1867956415951E+01 -4.4553278920350E-03  3.1917589822932E-02 -3.7593786644884E-02  3.6336505760902E-03  5.0227343668298E-18  5.6737328856776E-18 -1.6871740069183E-02 -2.4649222849338E-02
 2.5511030361867E+01 -3.1419551871800E-03  1.4024201959206E-02 -1.6893322630850E-02  3.3427447092445E-04 -3.6603675313588E-18 -1.7196715121133E-18 -6.6637861140269E-03 -1.1704987178485E-02
 2.9900709274659E+01 -1.6798066246323E-03  5.0385811245363E-03 -6.2552524325657E-03 -4.7696403584133E-04  6.9507908730966E-19  1.5789025722528E-18 -2.0196325946082E-03 -4.6107236631102E-03
 3.5168864215715E+01 -6.6403115158271E-04  1.4142812137266E-03 -1.8228608761043E-03 -3.5284572699043E-04 -2.3976263695048E-18  6.4450369050928E-18 -4.2700583516804E-04 -1.4350955464698E-03
 4.1419695291531E+01 -1.9002912978466E-04  2.9776332388111E-04 -4.0244261578740E-04 -1.2935660300251E-04  1.2165974748177E-18 -1.1885969094946E-18 -5.1054941439986E-05 -3.3780119571229E-04
 4.8665626607709E+01 -3.7083697634192E-05  4.7610433664173E-05 -6.6577711685645E-05 -3.1373513090091E-05  4.1249770353641E-18 -3.8324824711330E-19 -2.2821474113402E-06 -5.8772545163315E-05
 5.6716111653915E+01 -6.3331666006194E-06  5.9541281608028E-06 -9.1319341817384E-06 -3.8910911286493E-06 -1.7940527767968E-19  1.8017659440159E-18  1.0512585075364E-06 -8.2796822573580E-06
 6.5027225430406E+01 -8.4803994646901E-08  1.0657683364310E-06 -1.0953406615761E-06 -1.4708411288875E-06  5.0052721537901E-19 -2.3475221248288E-18 -5.0738177486614E-07 -8.8700857904463E-07
 7.2587189964099E+01 -5.3663314534904E-07 -1.5624469104329E-08 -2.7754767510009E-07  4.5961054548400E-07  1.0869665425243E-18  1.0175387561585E-18  3.7115260567433E-07 -2.6600740069570E-07
 7.8010805313165E+01  7.7949022366564E-07  3.1378878958077E-07  2.9681080608996E-08 -1.0716099587103E-06  4.1162526651860E-18  1.6341600269619E-18 -6.9078517862890E-07  1.8465439100214E-07
 8.0000000000000E+01  0.0000000000000E+00  0.0000000000000E+00  0.0000000000000E+00  0.0000000000000E+00  0.0000000000000E+00  0.0000000000000E+00  0.0000000000000E+00  0.0000000000000E+00
