#  1.0000000000000E+00  0.0000000000000E+00  2.3181424059429E-01 -6.4182155740491E-03  8.0000000000000E-02
 0.0000000000000E+00 -6.0000381852656E-16 -3.2721138475460E-15  3.0139726698079E-15  3.1256012872081E-15  6.2286865688371E-36 -2.3933757688606E-37 -1.0709502003527E+00 -1.4345702040769E+00
 1.2134956257652E-03 -3.5611801209991E-02 -3.4765714133173E-02 -5.2300665903272E-06  8.7239216260340E-06  3.1522431930997E-23  8.4025044624584E-24 -1.0709541096691E+00 -1.4345662488236E+00
 4.8598042576750E-03 -1.3951769467313E-01 -1.3938100239066E-01 -7.2242971206516E-05  9.4591627376104E-05  1.8514146205350E-22  8.6748762846809E-23 -1.0709784967481E+00 -1.4345372137358E+00
 1.0956449776219E-02 -3.0310451981791E-01 -3.1456425067493E-01 -3.6956920376059E-04  4.7323572356105E-04  3.8477494538850E-22  1.6414695494503E-22 -1.0710144184535E+00 -1.4344919725017E+00
 1.9532835037547E-02 -5.1260806320862E-01 -5.6076845922580E-01 -1.1783802393889E-03  1.4502652419450E-03  7.4560811652753E-22  3.4530312491142E-22 -1.0710707397022E+00 -1.4344330918292E+00
 3.0630539981632E-02 -7.5002525230791E-01 -8.7720811149235E-01 -2.9132630405202E-03  3.4298922195257E-03  1.1034079897075E-21  4.6661096908782E-22 -1.0711407322320E+00 -1.4343669363940E+00
 4.4303746127476E-02 -9.9440927588798E-01 -1.2607658134233E+00 -6.1170730587777E-03  6.8244731778974E-03  1.7058000899759E-21  7.4925592770099E-22 -1.0712339302989E+00 -1.4342993242902E+00
 6.0619794820640E-02 -1.2235335663728E+00 -1.7050159593793E+00 -1.1472304949720E-02  1.2044374106592E-02  2.2296182047016E-21  8.5386572574433E-22 -1.0713441384907E+00 -1.4342400462571E+00
 7.9659889028125E-02 -1.4158245590043E+00 -2.1996008172184E+00 -1.9777850547057E-02  1.9397435506638E-02  3.1341345432493E-21  1.1784456626488E-21 -1.0714811552253E+00 -1.4341984764851E+00
 1.0151995116565E-01 -1.5524259011702E+00 -2.7301798839131E+00 -3.1935328203402E-02  2.9080240971350E-02  3.8620588365535E-21  1.1122534506007E-21 -1.0716385681032E+00 -1.4341879666497E+00
 1.2631165246940E-01 -1.6191408253407E+00 -3.2790607018275E+00 -4.8898287578285E-02  4.1092697933700E-02  5.1604134413212E-21  1.2835600872377E-21 -1.0718252337443E+00 -1.4342212221420E+00
 1.5416363287784E-01 -1.6080169712219E+00 -3.8265346970849E+00 -7.1633938889718E-02  5.5258750307400E-02  6.1432360356308E-21  6.9534222998007E-22 -1.0720327509070E+00 -1.4343143133220E+00
 1.8522293437556E-01 -1.5182868645636E+00 -4.3527324764929E+00 -1.0105740849219E-01  7.1182953402473E-02  7.8958640144097E-21  2.5060145455967E-22 -1.0722666188951E+00 -1.4344814833579E+00
 2.1965667539691E-01 -1.3565252291554E+00 -4.8397353077944E+00 -1.3799339988108E-01  8.8321578229644E-02  9.0495871900779E-21 -1.5688859506676E-21 -1.0725133330851E+00 -1.4347383629807E+00
 2.5765399934730E-01 -1.1359485419952E+00 -5.2734810116110E+00 -1.8312819605344E-01  1.0599124417306E-01  1.0995510829138E-20 -3.5302531362434E-21 -1.0727712088884E+00 -1.4350957074116E+00
 2.9942833676086E-01 -8.7501210706838E-01 -5.6450721162866E+00 -2.3700516101790E-01  1.2348663744203E-01  1.1585270910516E-20 -7.7770810654375E-21 -1.0730171000074E+00 -1.4355612184697E+00
 3.4522002830748E-01 -5.9552830217490E-01 -5.9510312633067E+00 -3.0001952127474E-01  1.4012330609968E-01  1.2305084071486E-20 -1.2553552320480E-20 -1.0732368971431E+00 -1.4361314953251E+00
 3.9529936507288E-01 -3.2062473122433E-01 -6.1923469915942E+00 -3.7245338792933E-01  1.5537320312295E-01  9.7096616486543E-21 -2.0457151179164E-20 -1.0733918266699E+00 -1.4367916084676E+00
 4.4997011361895E-01 -7.2731733526289E-02 -6.3722499759193E+00 -4.5449028928821E-01  1.6890689340020E-01  5.0328263743718E-21 -2.8442177362704E-20 -1.0734484954454E+00 -1.4375042180087E+00
 5.0957360672842E-01  1.2839204417716E-01 -6.4931577679340E+00 -5.4623444804798E-01  1.8070966122045E-01 -6.8534240004115E-21 -3.8473836425954E-20 -1.0733444626378E+00 -1.4382056490252E+00
 5.7449349700374E-01  2.6780257447694E-01 -6.5534387693834E+00 -6.4766252987888E-01  1.9108144545053E-01 -2.4438864587985E-20 -4.4141531585587E-20 -1.0730172920029E+00 -1.4387907267989E+00
 6.4516129032258E-01  3.3790827261544E-01 -6.5452455051519E+00 -7.5853709681165E-01  2.0067828175621E-01 -5.2687718392301E-20 -4.4471528810772E-20 -1.0723685402208E+00 -1.4391038720578E+00
 7.2206280043514E-01  3.4113940599523E-01 -6.4546761601031E+00 -8.7823469402628E-01  2.1039155447969E-01 -8.5012017457339E-20 -2.7630887834092E-20 -1.0712906765302E+00 -1.4389184908378E+00
 8.0574569584327E-01  2.9159479358500E-01 -6.2653767036714E+00 -1.0055739751493E+00  2.2122017131568E-01 -1.1842028404247E-19  8.7484156889231E-21 -1.0696282153086E+00 -1.4379229912042E+00
 8.9682834696002E-01  2.1347751703836E-01 -5.9649910652916E+00 -1.1386658664242E+00  2.3396741352291E-01 -1.3190151120819E-19  7.3088420469842E-20 -1.0672016367514E+00 -1.4356967795717E+00
 9.9601022724332E-01  1.3461352481405E-01 -5.5516855628415E+00 -1.2749145889475E+00  2.4901241606506E-01 -1.1187909484320E-19  1.4852046611191E-19 -1.0637661221885E+00 -1.4316968826255E+00
 1.1040841788897E+00  7.6119895821590E-02 -5.0358886931336E+00 -1.4111324209199E+00  2.6611500731048E-01 -4.0526339728302E-20  2.1270138730577E-19 -1.0590356025204E+00 -1.4252413851957E+00
 1.2219509248095E+00  4.4036192167320E-02 -4.4346144270470E+00 -1.5437147579907E+00  2.8455200983233E-01  5.6053755257202E-20  2.1714407182220E-19 -1.0526460138917E+00 -1.4155140334203E+00
 1.3506362979409E+00  2.9885542378915E-02 -3.7620542263684E+00 -1.6686404110580E+00  3.0337699564270E-01  1.2716576002690E-19  1.5206527513338E-19 -1.0441904529144E+00 -1.4015800036388E+00
 1.4913117716510E+00  2.0952824665952E-02 -3.0263534552148E+00 -1.7812967176704E+00  3.2175499521234E-01  9.5806675703502E-20  5.1557088688072E-20 -1.0332007643501E+00 -1.3824410387121E+00
 1.6453190177622E+00  1.0815053877913E-02 -2.2378661241179E+00 -1.8763084465056E+00  3.3896383287932E-01 -2.9606440876795E-20  2.2600730177087E-20 -1.0192082563219E+00 -1.3571208995757E+00
 1.8141994004940E+00  8.3159778720462E-04 -1.4219625615557E+00 -1.9478124339702E+00  3.5427981642901E-01 -1.6058669482773E-19  1.0090413588997E-19 -1.0017555133290E+00 -1.3248019244948E+00
 1.9997295470214E+00 -5.3959745665650E-03 -6.2385192374568E-01 -1.9902756606772E+00  3.6683012178110E-01 -1.8346204201337E-19  2.1017375344156E-19 -9.8048610737595E-01 -1.2849795650146E+00
 2.2039644338840E+00 -5.7907672408677E-03  9.7658012307086E-02 -1.9997174800542E+00  3.7573397059197E-01 -1.4025596311599E-19  1.9955741954707E-19 -9.5517019994928E-01 -1.2376125080440E+00
 2.4292898137085E+00 -8.0115681700304E-05  6.8384104203339E-01 -1.9749085502563E+00  3.8025923568346E-01 -1.1111961902426E-19  8.0004221042829E-20 -9.2577430793466E-01 -1.1831875060926E+00
 2.6784863059733E+00  1.0432002017528E-02  1.0936936906916E+00 -1.9181335544612E+00  3.8005673783220E-01 -1.1936635737569E-19 -5.7304398033020E-20 -8.9242006518548E-01 -1.1226595722745E+00
 2.9548081253617E+00  2.3054714231143E-02  1.3199508683587E+00 -1.8349128447760E+00  3.7521539980474E-01 -1.0012553291547E-19 -1.1203114524293E-19 -8.5535326744515E-01 -1.0572437219026E+00
 3.2620802702989E+00  3.4778641352817E-02  1.3924795225271E+00 -1.7325252216638E+00  3.6624602342310E-01 -8.5628984230134E-20 -9.4762132686753E-20 -8.1481362567684E-01 -9.8815232846803E-01
 3.6048191074170E+00  4.3688070314787E-02  1.3634376282957E+00 -1.6178648185703E+00  3.5379549116096E-01 -9.5650108596312E-20 -3.6636276268647E-20 -7.7098626248599E-01 -9.1638983604666E-01
 3.9883827509977E+00  4.9476011360095E-02  1.2828051077312E+00 -1.4958834847443E+00  3.3840335734924E-01 -1.8904925767552E-19  1.8006731615567E-20 -7.2394753362983E-01 -8.4271247887532E-01
 4.4191595630774E+00  5.2742109203700E-02  1.1820863287291E+00 -1.3693766903500E+00  3.2030644517030E-01 -2.4374492451304E-19  2.6158236539439E-19 -6.7374227906255E-01 -7.6771756298121E-01
 4.9048056364975E+00  5.3991318607462E-02  1.0745391310667E+00 -1.2398399040902E+00  2.9954665527624E-01 -1.5740475923070E-19  3.7425855333017E-19 -6.2042514687547E-01 -6.9197949387769E-01
 5.4545454545455E+00  5.3359297010243E-02  9.6411347987123E-01 -1.1083813205143E+00  2.7608668197443E-01 -1.7076413102901E-19  1.7492409965384E-20 -5.6416448694184E-01 -6.1613515866292E-01
 6.0795542687962E+00  5.0807942900993E-02  8.5220698975462E-01 -9.7622289389412E-01  2.4999106760385E-01 -2.1249789040394E-19 -8.1847556699859E-20 -5.0526656331656E-01 -5.4092192021370E-01
 6.7934463423832E+00  4.6361399778016E-02  7.4006107081489E-01 -8.4483781887925E-01  2.2146137424923E-01  1.5029862109993E-19 -9.6390913254612E-20 -4.4426343101975E-01 -4.6717613759377E-01
 7.6129002726496E+00  4.0166286469384E-02  6.2916930868784E-01 -7.1599630667180E-01  1.9094433617331E-01  2.4739004045608E-19 -3.9918476783969E-21 -3.8193399888801E-01 -3.9582448707735E-01
 8.5584611558500E+00  3.2564554669766E-02  5.2134534750820E-01 -5.9174759358278E-01  1.5913740573719E-01 -9.7513384898725E-20  3.0922203812674E-19 -3.1938881712385E-01 -3.2785741717914E-01
 9.6555688906727E+00  2.4086265292435E-02  4.1868805258091E-01 -4.7439569120869E-01  1.2706987063150E-01 -2.5936266705263E-19 -4.7298821697739E-20 -2.5806665109741E-01 -2.6430043825032E-01
 1.0935870685435E+01  1.5471721689718E-02  3.2353738899551E-01 -3.6639974350769E-01  9.6044448224274E-02  4.8046581872161E-20  1.5553513659748E-19 -1.9975503246258E-01 -2.0616961871663E-01
 1.2438879256439E+01  7.5727808899818E-03  2.3831414141269E-01 -2.7023379139855E-01  6.7597082516924E-02  6.8853002749685E-20  5.5330253218656E-20 -1.4646136005195E-01 -1.5442700262921E-01
 1.4214025594877E+01  1.2458590455174E-03  1.6529667025015E-01 -1.8813177828177E-01  4.3251891680662E-02  1.9601177660297E-20 -2.0190088137901E-19 -1.0023603695448E-01 -1.0991900943950E-01
 1.6323103064291E+01 -2.8925373617482E-03  1.0624325985876E-01 -1.2176338574173E-01  2.4258151302920E-02  1.9974543212183E-19  1.9195514823689E-19 -6.2788882269765E-02 -7.3301966114799E-02
 1.8842958547214E+01 -4.6571907893503E-03  6.1968975591757E-02 -7.1810337032013E-02  1.1173055962686E-02 -8.9207669323759E-20 -4.9043849483272E-20 -3.5078083520842E-02 -4.4921384119301E-02
 2.1867956415951E+01 -4.4553278920353E-03  3.1917589822932E-02 -3.7593786644884E-02  3.6336505760897E-03  1.4768957621700E-20  3.1910288774265E-20 -1.6871740069183E-02 -2.4649222849337E-02
 2.5511030361867E+01 -3.1419551871800E-03  1.4024201959206E-02 -1.6893322630850E-02  3.3427447092423E-04 -1.4064797027268E-20 -1.1370480925630E-20 -6.6637861140267E-03 -1.1704987178485E-02
 2.9900709274659E+01 -1.6798066246325E-03  5.0385811245361E-03 -6.2552524325658E-03 -4.7696403584144E-04  7.7026588407315E-22  8.5212178221609E-21 -2.0196325946081E-03 -4.6107236631101E-03
 3.5168864215715E+01 -6.6403115158262E-04  1.4142812137267E-03 -1.8228608761043E-03 -3.5284572699049E-04 -1.6155847969618E-20  2.9551309773734E-20 -4.2700583516805E-04 -1.4350955464698E-03
 4.1419695291531E+01 -1.9002912978457E-04  2.9776332388111E-04 -4.0244261578736E-04 -1.2935660300257E-04  6.4332827800460E-21 -4.7353774942767E-21 -5.1054941439987E-05 -3.3780119571227E-04
 4.8665626607709E+01 -3.7083697634203E-05  4.7610433664163E-05 -6.6577711685596E-05 -3.1373513090156E-05  2.0971156793177E-20  1.4148000887623E-21 -2.2821474113135E-06 -5.8772545163295E-05
 5.6716111653915E+01 -6.3331666006991E-06  5.9541281607896E-06 -9.1319341817630E-06 -3.8910911286637E-06 -2.5976633736768E-21  8.6852520809714E-21  1.0512585075579E-06 -8.2796822573213E-06
 6.5027225430406E+01 -8.4803994646417E-08  1.0657683364503E-06 -1.0953406615628E-06 -1.4708411288451E-06  4.5794130777800E-21 -1.1114427131577E-20 -5.0738177487270E-07 -8.8700857906138E-07
 7.2587189964099E+01 -5.3663314538803E-07 -1.5624469085940E-08 -2.7754767508917E-07  4.5961054551301E-07  4.4045086477367E-21  5.8329241274467E-21  3.7115260568011E-07 -2.6600740070454E-07
 7.8010805313165E+01  7.7949022371804E-07  3.1378878953585E-07  2.9681080626680E-08 -1.0716099586782E-06  1.8751054178644E-20  1.1439721820608E-20 -6.9078517862850E-07  1.8465439096704E-07
 8.0000000000000E+01  0.0000000000000E+00  0.0000000000000E+00  0.0000000000000E+00  0.0000000000000E+00  0.0000000000000E+00  0.0000000000000E+00  0.0000000000000E+00  0.0000000000000E+00
