#  1.0000000000000E+00  0.0000000000000E+00  2.3181424059429E-01 -6.4182155740489E-03  8.0000000000000E-02
 0.0000000000000E+00 -1.8348953985173E-15 -3.8372337231350E-15  8.9302893920233E-16  4.2418874612110E-15  2.1237516467513E-39  1.7867214941146E-38 -1.0709502003527E+00 -1.4345702040769E+00
 1.2134956257652E-03 -3.5611801209993E-02 -3.4765714133173E-02 -5.2300665920346E-06  8.7239216269245E-06  3.7748498943461E-25 -2.6002018145527E-25 -1.0709541096691E+00 -1.4345662488236E+00
 4.8598042576750E-03 -1.3951769467314E-01 -1.3938100239066E-01 -7.2242971208725E-05  9.4591627377018E-05  7.1318975907676E-25 -7.8417243518802E-25 -1.0709784967481E+00 -1.4345372137358E+00
 1.0956449776219E-02 -3.0310451981791E-01 -3.1456425067492E-01 -3.6956920376275E-04  4.7323572356181E-04  2.0893360918744E-24 -1.8849846261277E-24 -1.0710144184535E+00 -1.4344919725017E+00
 1.9532835037547E-02 -5.1260806320863E-01 -5.6076845922580E-01 -1.1783802393914E-03  1.4502652419457E-03  2.8509468278266E-24 -3.1677827715643E-24 -1.0710707397022E+00 -1.4344330918292E+00
 3.0630539981632E-02 -7.5002525230792E-01 -8.7720811149234E-01 -2.9132630405223E-03  3.4298922195262E-03  5.4915381287046E-24 -5.2200719090947E-24 -1.0711407322320E+00 -1.4343669363940E+00
 4.4303746127476E-02 -9.9440927588799E-01 -1.2607658134233E+00 -6.1170730587801E-03  6.8244731778982E-03  6.3127101052511E-24 -7.3350343509694E-24 -1.0712339302989E+00 -1.4342993242902E+00
 6.0619794820640E-02 -1.2235335663728E+00 -1.7050159593793E+00 -1.1472304949722E-02  1.2044374106593E-02  1.0343501357128E-23 -1.0617128868698E-23 -1.0713441384907E+00 -1.4342400462571E+00
 7.9659889028125E-02 -1.4158245590043E+00 -2.1996008172184E+00 -1.9777850547059E-02  1.9397435506638E-02  1.0580561581590E-23 -1.3891613516182E-23 -1.0714811552253E+00 -1.4341984764851E+00
 1.0151995116565E-01 -1.5524259011702E+00 -2.7301798839131E+00 -3.1935328203404E-02  2.9080240971350E-02  1.5712071843645E-23 -1.9034406601897E-23 -1.0716385681032E+00 -1.4341879666497E+00
 1.2631165246940E-01 -1.6191408253407E+00 -3.2790607018275E+00 -4.8898287578286E-02  4.1092697933700E-02  1.4030629903062E-23 -2.4235704865570E-23 -1.0718252337443E+00 -1.4342212221420E+00
 1.5416363287784E-01 -1.6080169712219E+00 -3.8265346970849E+00 -7.1633938889719E-02  5.5258750307400E-02  1.8975818528159E-23 -3.2349730257435E-23 -1.0720327509070E+00 -1.4343143133220E+00
 1.8522293437556E-01 -1.5182868645636E+00 -4.3527324764929E+00 -1.0105740849220E-01  7.1182953402473E-02  1.2496829201978E-23 -4.0638636920490E-23 -1.0722666188951E+00 -1.4344814833579E+00
 2.1965667539691E-01 -1.3565252291555E+00 -4.8397353077943E+00 -1.3799339988108E-01  8.8321578229644E-02  1.3789572446549E-23 -5.2885734064120E-23 -1.0725133330851E+00 -1.4347383629807E+00
 2.5765399934730E-01 -1.1359485419952E+00 -5.2734810116110E+00 -1.8312819605344E-01  1.0599124417306E-01 -3.5058599704809E-24 -6.4655452716575E-23 -1.0727712088884E+00 -1.4350957074116E+00
 2.9942833676086E-01 -8.7501210706842E-01 -5.6450721162865E+00 -2.3700516101790E-01  1.2348663744203E-01 -1.3419780042762E-23 -7.9785236459254E-23 -1.0730171000074E+00 -1.4355612184697E+00
 3.4522002830748E-01 -5.9552830217494E-01 -5.9510312633067E+00 -3.0001952127474E-01  1.4012330609968E-01 -5.2565323857526E-23 -9.0057777876455E-23 -1.0732368971431E+00 -1.4361314953251E+00
 3.9529936507288E-01 -3.2062473122436E-01 -6.1923469915942E+00 -3.7245338792933E-01  1.5537320312295E-01 -8.6069572561823E-23 -9.6559084741537E-23 -1.0733918266699E+00 -1.4367916084676E+00
 4.4997011361895E-01 -7.2731733526324E-02 -6.3722499759193E+00 -4.5449028928821E-01  1.6890689340020E-01 -1.6044385374277E-22 -8.2797403795661E-23 -1.0734484954454E+00 -1.4375042180087E+00
 5.0957360672842E-01  1.2839204417712E-01 -6.4931577679340E+00 -5.4623444804798E-01  1.8070966122045E-01 -2.2427625487462E-22 -4.2101049754380E-23 -1.0733444626378E+00 -1.4382056490252E+00
 5.7449349700374E-01  2.6780257447691E-01 -6.5534387693834E+00 -6.4766252987888E-01  1.9108144545053E-01 -3.2439473530559E-22  5.4670624236004E-23 -1.0730172920029E+00 -1.4387907267989E+00
 6.4516129032258E-01  3.3790827261541E-01 -6.5452455051519E+00 -7.5853709681165E-01  2.0067828175621E-01 -3.7070724462056E-22  2.2020467736658E-22 -1.0723685402208E+00 -1.4391038720578E+00
 7.2206280043514E-01  3.4113940599519E-01 -6.4546761601031E+00 -8.7823469402629E-01  2.1039155447970E-01 -3.8506154750595E-22  4.7995450651539E-22 -1.0712906765302E+00 -1.4389184908378E+00
 8.0574569584327E-01  2.9159479358497E-01 -6.2653767036714E+00 -1.0055739751493E+00  2.2122017131568E-01 -2.0970443510106E-22  8.0799939710758E-22 -1.0696282153086E+00 -1.4379229912042E+00
 8.9682834696002E-01  2.1347751703833E-01 -5.9649910652916E+00 -1.1386658664242E+00  2.3396741352291E-01  1.5521474860616E-22  1.1439012334012E-21 -1.0672016367514E+00 -1.4356967795717E+00
 9.9601022724332E-01  1.3461352481403E-01 -5.5516855628415E+00 -1.2749145889475E+00  2.4901241606506E-01  8.6477317428743E-22  1.3157547148385E-21 -1.0637661221885E+00 -1.4316968826255E+00
 1.1040841788897E+00  7.6119895821565E-02 -5.0358886931337E+00 -1.4111324209199E+00  2.6611500731048E-01  1.7450520336208E-21  1.1136734484691E-21 -1.0590356025204E+00 -1.4252413851958E+00
 1.2219509248095E+00  4.4036192167297E-02 -4.4346144270471E+00 -1.5437147579907E+00  2.8455200983233E-01  2.6633402892928E-21  3.3776576333491E-22 -1.0526460138917E+00 -1.4155140334203E+00
 1.3506362979409E+00  2.9885542378894E-02 -3.7620542263684E+00 -1.6686404110580E+00  3.0337699564270E-01  3.0779148057909E-21 -9.3891332765022E-22 -1.0441904529144E+00 -1.4015800036388E+00
 1.4913117716510E+00  2.0952824665933E-02 -3.0263534552148E+00 -1.7812967176704E+00  3.2175499521235E-01  2.8466364610615E-21 -2.3101796680907E-21 -1.0332007643501E+00 -1.3824410387121E+00
 1.6453190177622E+00  1.0815053877897E-02 -2.2378661241179E+00 -1.8763084465056E+00  3.3896383287932E-01  1.9782831375540E-21 -3.1571371658864E-21 -1.0192082563219E+00 -1.3571208995757E+00
 1.8141994004940E+00  8.3159778719162E-04 -1.4219625615557E+00 -1.9478124339702E+00  3.5427981642902E-01  1.2761958176039E-21 -3.2694486303140E-21 -1.0017555133290E+00 -1.3248019244948E+00
 1.9997295470214E+00 -5.3959745665752E-03 -6.2385192374567E-01 -1.9902756606772E+00  3.6683012178111E-01  9.6676205241031E-22 -2.9777905714852E-21 -9.8048610737596E-01 -1.2849795650146E+00
 2.2039644338840E+00 -5.7907672408736E-03  9.7658012307090E-02 -1.9997174800542E+00  3.7573397059197E-01  1.0245917656864E-21 -2.6455203564093E-21 -9.5517019994929E-01 -1.2376125080440E+00
 2.4292898137085E+00 -8.0115681707999E-05  6.8384104203337E-01 -1.9749085502563E+00  3.8025923568346E-01  8.7623335230773E-22 -2.0026920500213E-21 -9.2577430793467E-01 -1.1831875060926E+00
 2.6784863059733E+00  1.0432002017523E-02  1.0936936906916E+00 -1.9181335544612E+00  3.8005673783220E-01  9.8085951635321E-22 -1.0044291459576E-21 -8.9242006518549E-01 -1.1226595722745E+00
 2.9548081253617E+00  2.3054714231131E-02  1.3199508683587E+00 -1.8349128447760E+00  3.7521539980475E-01  1.1372377693306E-21 -2.4834652704416E-22 -8.5535326744516E-01 -1.0572437219026E+00
 3.2620802702989E+00  3.4778641352820E-02  1.3924795225271E+00 -1.7325252216638E+00  3.6624602342311E-01  1.3009122349206E-21 -2.7246772708739E-22 -8.1481362567684E-01 -9.8815232846803E-01
 3.6048191074170E+00  4.3688070314790E-02  1.3634376282957E+00 -1.6178648185703E+00  3.5379549116097E-01  1.0016468402026E-21 -8.4016348006836E-22 -7.7098626248599E-01 -9.1638983604666E-01
 3.9883827509977E+00  4.9476011360104E-02  1.2828051077312E+00 -1.4958834847443E+00  3.3840335734924E-01  6.6250018882206E-22 -1.9806943122654E-21 -7.2394753362984E-01 -8.4271247887533E-01
 4.4191595630774E+00  5.2742109203702E-02  1.1820863287292E+00 -1.3693766903500E+00  3.2030644517030E-01 -3.9291266447651E-22 -3.7812525013697E-21 -6.7374227906256E-01 -7.6771756298121E-01
 4.9048056364975E+00  5.3991318607470E-02  1.0745391310667E+00 -1.2398399040902E+00  2.9954665527625E-01 -1.0081124658446E-21 -4.3118785776420E-21 -6.2042514687548E-01 -6.9197949387770E-01
 5.4545454545455E+00  5.3359297010245E-02  9.6411347987123E-01 -1.1083813205143E+00  2.7608668197444E-01  4.7323000704353E-22 -2.0252801140949E-21 -5.6416448694185E-01 -6.1613515866292E-01
 6.0795542687962E+00  5.0807942900994E-02  8.5220698975462E-01 -9.7622289389412E-01  2.4999106760385E-01  2.1289698870850E-21 -6.7451316033215E-22 -5.0526656331656E-01 -5.4092192021370E-01
 6.7934463423832E+00  4.6361399778018E-02  7.4006107081489E-01 -8.4483781887925E-01  2.2146137424923E-01 -2.6729142640186E-22  1.7846995085078E-21 -4.4426343101976E-01 -4.6717613759377E-01
 7.6129002726496E+00  4.0166286469385E-02  6.2916930868785E-01 -7.1599630667180E-01  1.9094433617331E-01 -2.0741217512879E-21  1.8459704769245E-21 -3.8193399888802E-01 -3.9582448707735E-01
 8.5584611558500E+00  3.2564554669769E-02  5.2134534750820E-01 -5.9174759358278E-01  1.5913740573720E-01 -1.5849903109840E-21 -2.9565667926656E-21 -3.1938881712386E-01 -3.2785741717914E-01
 9.6555688906727E+00  2.4086265292436E-02  4.1868805258091E-01 -4.7439569120869E-01  1.2706987063150E-01  1.9198163029188E-21 -1.8839524898638E-21 -2.5806665109742E-01 -2.6430043825032E-01
 1.0935870685435E+01  1.5471721689720E-02  3.2353738899551E-01 -3.6639974350769E-01  9.6044448224276E-02 -1.6717559332312E-21 -8.2092725226138E-22 -1.9975503246259E-01 -2.0616961871663E-01
 1.2438879256439E+01  7.5727808899838E-03  2.3831414141269E-01 -2.7023379139855E-01  6.7597082516926E-02 -9.5501804230188E-22  1.9927258859221E-22 -1.4646136005196E-01 -1.5442700262921E-01
 1.4214025594877E+01  1.2458590455184E-03  1.6529667025015E-01 -1.8813177828177E-01  4.3251891680663E-02  1.5654226537991E-21  1.7796513681595E-21 -1.0023603695448E-01 -1.0991900943950E-01
 1.6323103064291E+01 -2.8925373617475E-03  1.0624325985876E-01 -1.2176338574173E-01  2.4258151302921E-02 -3.1378769723160E-21  3.6616983387898E-22 -6.2788882269765E-02 -7.3301966114799E-02
 1.8842958547214E+01 -4.6571907893500E-03  6.1968975591757E-02 -7.1810337032014E-02  1.1173055962687E-02  1.0463172529489E-21 -4.0550130100355E-22 -3.5078083520842E-02 -4.4921384119301E-02
 2.1867956415951E+01 -4.4553278920352E-03  3.1917589822932E-02 -3.7593786644884E-02  3.6336505760900E-03 -3.8041246796892E-22 -1.2914598284462E-22 -1.6871740069183E-02 -2.4649222849338E-02
 2.5511030361867E+01 -3.1419551871799E-03  1.4024201959206E-02 -1.6893322630850E-02  3.3427447092436E-04  1.9646189319211E-22 -3.4718381469470E-23 -6.6637861140267E-03 -1.1704987178485E-02
 2.9900709274659E+01 -1.6798066246324E-03  5.0385811245361E-03 -6.2552524325658E-03 -4.7696403584140E-04 -8.0127044242699E-23 -6.4760675788795E-23 -2.0196325946081E-03 -4.6107236631101E-03
 3.5168864215715E+01 -6.6403115158255E-04  1.4142812137267E-03 -1.8228608761043E-03 -3.5284572699040E-04 -1.6579717719760E-22 -3.6629578583547E-22 -4.2700583516805E-04 -1.4350955464698E-03
 4.1419695291531E+01 -1.9002912978454E-04  2.9776332388115E-04 -4.0244261578744E-04 -1.2935660300257E-04 -3.0863785730827E-25  9.2856518703015E-23 -5.1054941439998E-05 -3.3780119571225E-04
 4.8665626607709E+01 -3.7083697634202E-05  4.7610433664150E-05 -6.6577711685616E-05 -3.1373513090137E-05 -1.7039558330374E-22  1.9162548934552E-22 -2.2821474113111E-06 -5.8772545163277E-05
 5.6716111653915E+01 -6.3331666007246E-06  5.9541281608324E-06 -9.1319341817754E-06 -3.8910911286634E-06 -6.1788174964658E-23 -9.0055204632093E-23  1.0512585075314E-06 -8.2796822573385E-06
 6.5027225430406E+01 -8.4803994664404E-08  1.0657683364421E-06 -1.0953406615534E-06 -1.4708411288418E-06  7.0571492217513E-23  1.2678435919962E-22 -5.0738177486702E-07 -8.8700857906690E-07
 7.2587189964099E+01 -5.3663314538694E-07 -1.5624469084696E-08 -2.7754767510464E-07  4.5961054549337E-07 -8.7033747641818E-23 -1.2940900645467E-24  3.7115260567562E-07 -2.6600740070955E-07
 7.8010805313165E+01  7.7949022372763E-07  3.1378878951348E-07  2.9681080657686E-08 -1.0716099586666E-06 -2.4706580841933E-22  9.1990091556353E-23 -6.9078517861759E-07  1.8465439098550E-07
 8.0000000000000E+01  0.0000000000000E+00  0.0000000000000E+00  0.0000000000000E+00  0.0000000000000E+00  0.0000000000000E+00  0.0000000000000E+00  0.0000000000000E+00  0.0000000000000E+00
