#  1.0000000000000E+00  0.0000000000000E+00  2.3181424059429E-01 -6.4182155740488E-03  8.0000000000000E-02
 0.0000000000000E+00  2.5116438915065E-16 -2.9302512067576E-16  1.8976864958049E-15 -2.0093151132052E-15  2.0786557196101E-33  3.2374987190434E-34 -1.0709502003527E+00 -1.4345702040769E+00
 1.2134956257652E-03 -3.5611801209991E-02 -3.4765714133169E-02 -5.2300665910685E-06  8.7239216203924E-06  1.0876748008999E-20  1.2252177621537E-20 -1.0709541096692E+00 -1.4345662488236E+00
 4.8598042576750E-03 -1.3951769467314E-01 -1.3938100239065E-01 -7.2242971207811E-05  9.4591627370924E-05  3.9159375513759E-20  3.8516573053489E-20 -1.0709784967481E+00 -1.4345372137358E+00
 1.0956449776219E-02 -3.0310451981791E-01 -3.1456425067492E-01 -3.6956920376167E-04  4.7323572355586E-04  9.0196606590279E-20  9.2188141529940E-20 -1.0710144184536E+00 -1.4344919725017E+00
 1.9532835037547E-02 -5.1260806320863E-01 -5.6076845922579E-01 -1.1783802393900E-03  1.4502652419400E-03  1.5814868422578E-19  1.5404990814413E-19 -1.0710707397022E+00 -1.4344330918292E+00
 3.0630539981632E-02 -7.5002525230793E-01 -8.7720811149234E-01 -2.9132630405208E-03  3.4298922195198E-03  2.5299209254597E-19  2.5092858978793E-19 -1.0711407322320E+00 -1.4343669363940E+00
 4.4303746127476E-02 -9.9440927588801E-01 -1.2607658134233E+00 -6.1170730587785E-03  6.8244731778919E-03  3.6600431886095E-19  3.4184553045272E-19 -1.0712339302989E+00 -1.4342993242902E+00
 6.0619794820640E-02 -1.2235335663728E+00 -1.7050159593792E+00 -1.1472304949720E-02  1.2044374106586E-02  5.1652381609925E-19  4.7641788024290E-19 -1.0713441384907E+00 -1.4342400462571E+00
 7.9659889028125E-02 -1.4158245590044E+00 -2.1996008172184E+00 -1.9777850547057E-02  1.9397435506632E-02  6.9239388608686E-19  5.7661420192890E-19 -1.0714811552253E+00 -1.4341984764851E+00
 1.0151995116565E-01 -1.5524259011702E+00 -2.7301798839131E+00 -3.1935328203402E-02  2.9080240971344E-02  9.2749579410421E-19  7.2217018477799E-19 -1.0716385681032E+00 -1.4341879666497E+00
 1.2631165246940E-01 -1.6191408253408E+00 -3.2790607018275E+00 -4.8898287578285E-02  4.1092697933695E-02  1.2049208129061E-18  7.7842847059252E-19 -1.0718252337443E+00 -1.4342212221420E+00
 1.5416363287784E-01 -1.6080169712219E+00 -3.8265346970849E+00 -7.1633938889717E-02  5.5258750307395E-02  1.5755144593704E-18  8.5821428663750E-19 -1.0720327509070E+00 -1.4343143133220E+00
 1.8522293437556E-01 -1.5182868645637E+00 -4.3527324764929E+00 -1.0105740849219E-01  7.1182953402469E-02  2.0094709560038E-18  7.4286389946689E-19 -1.0722666188951E+00 -1.4344814833579E+00
 2.1965667539691E-01 -1.3565252291555E+00 -4.8397353077944E+00 -1.3799339988108E-01  8.8321578229640E-02  2.5636539143715E-18  5.7419305255457E-19 -1.0725133330851E+00 -1.4347383629807E+00
 2.5765399934730E-01 -1.1359485419952E+00 -5.2734810116110E+00 -1.8312819605343E-01  1.0599124417305E-01  3.1628575883771E-18  1.3732921037712E-20 -1.0727712088884E+00 -1.4350957074116E+00
 2.9942833676086E-01 -8.7501210706847E-01 -5.6450721162866E+00 -2.3700516101790E-01  1.2348663744203E-01  3.8188783502698E-18 -7.7053441178894E-19 -1.0730171000074E+00 -1.4355612184697E+00
 3.4522002830748E-01 -5.9552830217499E-01 -5.9510312633067E+00 -3.0001952127473E-01  1.4012330609968E-01  4.3178265847913E-18 -2.2544983583516E-18 -1.0732368971431E+00 -1.4361314953251E+00
 3.9529936507288E-01 -3.2062473122441E-01 -6.1923469915942E+00 -3.7245338792932E-01  1.5537320312295E-01  4.4957087803724E-18 -4.1812137904091E-18 -1.0733918266699E+00 -1.4367916084676E+00
 4.4997011361895E-01 -7.2731733526370E-02 -6.3722499759193E+00 -4.5449028928820E-01  1.6890689340020E-01  3.8272819216764E-18 -7.0386062630201E-18 -1.0734484954454E+00 -1.4375042180087E+00
 5.0957360672842E-01  1.2839204417708E-01 -6.4931577679340E+00 -5.4623444804797E-01  1.8070966122045E-01  1.8232577146276E-18 -1.0144926474247E-17 -1.0733444626378E+00 -1.4382056490252E+00
 5.7449349700374E-01  2.6780257447688E-01 -6.5534387693835E+00 -6.4766252987888E-01  1.9108144545053E-01 -2.3527529709145E-18 -1.3462966771491E-17 -1.0730172920029E+00 -1.4387907267989E+00
 6.4516129032258E-01  3.3790827261539E-01 -6.5452455051520E+00 -7.5853709681165E-01  2.0067828175621E-01 -9.0804505624772E-18 -1.5081793570544E-17 -1.0723685402208E+00 -1.4391038720578E+00
 7.2206280043514E-01  3.4113940599519E-01 -6.4546761601031E+00 -8.7823469402628E-01  2.1039155447970E-01 -1.8273422229710E-17 -1.3746688336488E-17 -1.0712906765302E+00 -1.4389184908378E+00
 8.0574569584327E-01  2.9159479358497E-01 -6.2653767036715E+00 -1.0055739751493E+00  2.2122017131569E-01 -2.7915525014473E-17 -6.4325846361542E-18 -1.0696282153086E+00 -1.4379229912042E+00
 8.9682834696002E-01  2.1347751703833E-01 -5.9649910652917E+00 -1.1386658664242E+00  2.3396741352292E-01 -3.4220399258461E-17  6.9719676789612E-18 -1.0672016367514E+00 -1.4356967795717E+00
 9.9601022724332E-01  1.3461352481403E-01 -5.5516855628415E+00 -1.2749145889475E+00  2.4901241606507E-01 -3.1719736328622E-17  2.5064562454856E-17 -1.0637661221885E+00 -1.4316968826255E+00
 1.1040841788897E+00  7.6119895821563E-02 -5.0358886931337E+00 -1.4111324209199E+00  2.6611500731049E-01 -1.7495830986829E-17  3.9441646391738E-17 -1.0590356025204E+00 -1.4252413851958E+00
 1.2219509248095E+00  4.4036192167295E-02 -4.4346144270471E+00 -1.5437147579907E+00  2.8455200983234E-01  4.9350856046508E-18  4.1702687874426E-17 -1.0526460138917E+00 -1.4155140334203E+00
 1.3506362979409E+00  2.9885542378890E-02 -3.7620542263684E+00 -1.6686404110580E+00  3.0337699564271E-01  2.3501109731283E-17  2.6146417392852E-17 -1.0441904529144E+00 -1.4015800036388E+00
 1.4913117716510E+00  2.0952824665929E-02 -3.0263534552149E+00 -1.7812967176704E+00  3.2175499521235E-01  2.6920198973814E-17  2.1975864796969E-18 -1.0332007643501E+00 -1.3824410387121E+00
 1.6453190177622E+00  1.0815053877895E-02 -2.2378661241179E+00 -1.8763084465056E+00  3.3896383287933E-01  1.5984008622399E-17 -1.6668756444935E-17 -1.0192082563219E+00 -1.3571208995757E+00
 1.8141994004940E+00  8.3159778718899E-04 -1.4219625615558E+00 -1.9478124339702E+00  3.5427981642902E-01  5.1526452028512E-18 -2.1244598135552E-17 -1.0017555133290E+00 -1.3248019244948E+00
 1.9997295470214E+00 -5.3959745665782E-03 -6.2385192374569E-01 -1.9902756606772E+00  3.6683012178111E-01  4.5140491815915E-18 -1.8722028281213E-17 -9.8048610737596E-01 -1.2849795650146E+00
 2.2039644338840E+00 -5.7907672408736E-03  9.7658012307049E-02 -1.9997174800542E+00  3.7573397059198E-01  1.0989647274648E-17 -1.0964075495868E-17 -9.5517019994929E-01 -1.2376125080440E+00
 2.4292898137085E+00 -8.0115681700546E-05  6.8384104203336E-01 -1.9749085502563E+00  3.8025923568347E-01  1.3647212716072E-17  1.3223420903258E-18 -9.2577430793467E-01 -1.1831875060926E+00
 2.6784863059733E+00  1.0432002017524E-02  1.0936936906916E+00 -1.9181335544612E+00  3.8005673783221E-01  7.2796393007062E-18  1.6594429384882E-17 -8.9242006518549E-01 -1.1226595722745E+00
 2.9548081253617E+00  2.3054714231133E-02  1.3199508683587E+00 -1.8349128447760E+00  3.7521539980475E-01 -1.8841141714273E-18  2.0288919655913E-17 -8.5535326744516E-01 -1.0572437219026E+00
 3.2620802702989E+00  3.4778641352822E-02  1.3924795225271E+00 -1.7325252216638E+00  3.6624602342311E-01 -3.7803832889550E-18  1.0473270466868E-17 -8.1481362567684E-01 -9.8815232846803E-01
 3.6048191074170E+00  4.3688070314785E-02  1.3634376282957E+00 -1.6178648185703E+00  3.5379549116097E-01 -4.8981698596157E-18  3.6635183201328E-18 -7.7098626248599E-01 -9.1638983604666E-01
 3.9883827509977E+00  4.9476011360104E-02  1.2828051077312E+00 -1.4958834847443E+00  3.3840335734924E-01  1.2489597142301E-17  2.2866755979313E-17 -7.2394753362984E-01 -8.4271247887532E-01
 4.4191595630774E+00  5.2742109203702E-02  1.1820863287292E+00 -1.3693766903500E+00  3.2030644517030E-01  3.9223509764490E-17 -5.1024546926014E-19 -6.7374227906255E-01 -7.6771756298121E-01
 4.9048056364975E+00  5.3991318607468E-02  1.0745391310667E+00 -1.2398399040902E+00  2.9954665527625E-01  2.5618123134480E-17 -2.5255801748136E-17 -6.2042514687547E-01 -6.9197949387769E-01
 5.4545454545455E+00  5.3359297010247E-02  9.6411347987123E-01 -1.1083813205143E+00  2.7608668197444E-01  1.0718272068728E-17  2.1698491260669E-17 -5.6416448694185E-01 -6.1613515866292E-01
 6.0795542687962E+00  5.0807942900997E-02  8.5220698975462E-01 -9.7622289389412E-01  2.4999106760385E-01  1.1013824276070E-17  1.6994287650693E-17 -5.0526656331656E-01 -5.4092192021370E-01
 6.7934463423832E+00  4.6361399778021E-02  7.4006107081489E-01 -8.4483781887925E-01  2.2146137424924E-01 -1.7474786752695E-17 -4.1832266047289E-18 -4.4426343101976E-01 -4.6717613759377E-01
 7.6129002726496E+00  4.0166286469386E-02  6.2916930868785E-01 -7.1599630667180E-01  1.9094433617332E-01 -1.6959746807349E-17 -1.3918448527362E-17 -3.8193399888802E-01 -3.9582448707735E-01
 8.5584611558500E+00  3.2564554669770E-02  5.2134534750820E-01 -5.9174759358278E-01  1.5913740573720E-01  2.7823007196779E-17 -1.4682144944350E-17 -3.1938881712386E-01 -3.2785741717914E-01
 9.6555688906727E+00  2.4086265292437E-02  4.1868805258091E-01 -4.7439569120869E-01  1.2706987063150E-01  1.1408220998788E-17  2.3627511731052E-17 -2.5806665109742E-01 -2.6430043825032E-01
 1.0935870685435E+01  1.5471721689720E-02  3.2353738899551E-01 -3.6639974350769E-01  9.6044448224276E-02  6.9235953583397E-18 -1.2621371064264E-17 -1.9975503246259E-01 -2.0616961871663E-01
 1.2438879256439E+01  7.5727808899838E-03  2.3831414141269E-01 -2.7023379139855E-01  6.7597082516926E-02 -1.0965926771140E-19 -7.9623833187295E-18 -1.4646136005196E-01 -1.5442700262921E-01
 1.4214025594877E+01  1.2458590455182E-03  1.6529667025015E-01 -1.8813177828177E-01  4.3251891680663E-02 -1.3767176116505E-17  1.0659318092115E-17 -1.0023603695448E-01 -1.0991900943950E-01
 1.6323103064291E+01 -2.8925373617473E-03  1.0624325985876E-01 -1.2176338574173E-01  2.4258151302921E-02  1.7946675476183E-18 -2.4230633077430E-17 -6.2788882269765E-02 -7.3301966114799E-02
 1.8842958547214E+01 -4.6571907893500E-03  6.1968975591758E-02 -7.1810337032014E-02  1.1173055962687E-02  1.8082932107212E-18  9.0487947460758E-18 -3.5078083520842E-02 -4.4921384119301E-02
 2.1867956415951E+01 -4.4553278920353E-03  3.1917589822932E-02 -3.7593786644884E-02  3.6336505760900E-03  1.1269663303464E-18 -2.8840641932766E-18 -1.6871740069183E-02 -2.4649222849338E-02
 2.5511030361867E+01 -3.1419551871799E-03  1.4024201959206E-02 -1.6893322630850E-02  3.3427447092436E-04  6.8556271678956E-20  1.6413299657523E-18 -6.6637861140269E-03 -1.1704987178485E-02
 2.9900709274659E+01 -1.6798066246325E-03  5.0385811245361E-03 -6.2552524325658E-03 -4.7696403584135E-04  4.5483005687733E-19 -5.5076364580277E-19 -2.0196325946082E-03 -4.6107236631102E-03
 3.5168864215715E+01 -6.6403115158260E-04  1.4142812137268E-03 -1.8228608761042E-03 -3.5284572699045E-04  2.8017879267043E-18 -4.0437701545515E-19 -4.2700583516805E-04 -1.4350955464699E-03
 4.1419695291531E+01 -1.9002912978456E-04  2.9776332388110E-04 -4.0244261578732E-04 -1.2935660300257E-04 -6.6362781513214E-19 -2.0402830900493E-19 -5.1054941439943E-05 -3.3780119571226E-04
 4.8665626607709E+01 -3.7083697634190E-05  4.7610433664193E-05 -6.6577711685604E-05 -3.1373513090162E-05 -9.5637316629167E-19 -1.4270951289923E-18 -2.2821474113223E-06 -5.8772545163306E-05
 5.6716111653915E+01 -6.3331666007571E-06  5.9541281607857E-06 -9.1319341817075E-06 -3.8910911286538E-06  6.9306768455429E-19 -2.8662035561900E-19  1.0512585075358E-06 -8.2796822573499E-06
 6.5027225430406E+01 -8.4803994640408E-08  1.0657683364240E-06 -1.0953406615603E-06 -1.4708411288511E-06 -9.5407316718136E-19  2.7776930714962E-19 -5.0738177486039E-07 -8.8700857904317E-07
 7.2587189964099E+01 -5.3663314540401E-07 -1.5624469093082E-08 -2.7754767508253E-07  4.5961054551312E-07  1.5695932265743E-19 -5.9373110177223E-19  3.7115260567477E-07 -2.6600740070684E-07
 7.8010805313165E+01  7.7949022376368E-07  3.1378878952405E-07  2.9681080637192E-08 -1.0716099586759E-06 -2.1478824346545E-19 -1.8162058913400E-18 -6.9078517861369E-07  1.8465439099632E-07
 8.0000000000000E+01  0.0000000000000E+00  0.0000000000000E+00  0.0000000000000E+00  0.0000000000000E+00  0.0000000000000E+00  0.0000000000000E+00  0.0000000000000E+00  0.0000000000000E+00
