#  1.0000000000000E+00  0.0000000000000E+00  2.3181424059429E-01 -6.4182155740488E-03  8.0000000000000E-02
 0.0000000000000E+00 -8.3721463050218E-16  2.1907116164807E-15  2.5674582002067E-15 -8.9302893920233E-16  6.6414109236450E-34  3.8728956639023E-33 -1.0709502003527E+00 -1.4345702040769E+00
 1.2134956257652E-03 -3.5611801209992E-02 -3.4765714133167E-02 -5.2300665904749E-06  8.7239216217286E-06 -7.3619605274643E-21  3.4459325798907E-20 -1.0709541096692E+00 -1.4345662488236E+00
 4.8598042576750E-03 -1.3951769467314E-01 -1.3938100239065E-01 -7.2242971207049E-05  9.4591627371990E-05 -1.2420711629886E-20  1.2420322889804E-19 -1.0709784967481E+00 -1.4345372137358E+00
 1.0956449776219E-02 -3.0310451981791E-01 -3.1456425067492E-01 -3.6956920376091E-04  4.7323572355727E-04 -3.6663967630320E-20  2.8620479612462E-19 -1.0710144184536E+00 -1.4344919725017E+00
 1.9532835037547E-02 -5.1260806320863E-01 -5.6076845922579E-01 -1.1783802393897E-03  1.4502652419412E-03 -4.7524188385544E-20  4.9947245267139E-19 -1.0710707397022E+00 -1.4344330918292E+00
 3.0630539981632E-02 -7.5002525230793E-01 -8.7720811149233E-01 -2.9132630405207E-03  3.4298922195212E-03 -8.7411657200017E-20  7.9540151165769E-19 -1.0711407322320E+00 -1.4343669363940E+00
 4.4303746127476E-02 -9.9440927588801E-01 -1.2607658134233E+00 -6.1170730587788E-03  6.8244731778931E-03 -8.4131468683827E-20  1.1350265948019E-18 -1.0712339302989E+00 -1.4342993242902E+00
 6.0619794820640E-02 -1.2235335663728E+00 -1.7050159593792E+00 -1.1472304949721E-02  1.2044374106588E-02 -1.1386043612194E-19  1.5752408671378E-18 -1.0713441384907E+00 -1.4342400462571E+00
 7.9659889028125E-02 -1.4158245590044E+00 -2.1996008172184E+00 -1.9777850547058E-02  1.9397435506634E-02 -3.5416553079025E-20  2.0470314979641E-18 -1.0714811552253E+00 -1.4341984764851E+00
 1.0151995116565E-01 -1.5524259011702E+00 -2.7301798839131E+00 -3.1935328203403E-02  2.9080240971346E-02  3.2611879170721E-20  2.6411137383770E-18 -1.0716385681032E+00 -1.4341879666497E+00
 1.2631165246940E-01 -1.6191408253408E+00 -3.2790607018275E+00 -4.8898287578285E-02  4.1092697933696E-02  3.3634540260149E-19  3.2391779146380E-18 -1.0718252337443E+00 -1.4342212221420E+00
 1.5416363287784E-01 -1.6080169712219E+00 -3.8265346970849E+00 -7.1633938889717E-02  5.5258750307397E-02  7.0970645708515E-19  3.9617691461254E-18 -1.0720327509070E+00 -1.4343143133220E+00
 1.8522293437556E-01 -1.5182868645637E+00 -4.3527324764929E+00 -1.0105740849219E-01  7.1182953402472E-02  1.5434243486514E-18  4.5988804382626E-18 -1.0722666188951E+00 -1.4344814833579E+00
 2.1965667539691E-01 -1.3565252291555E+00 -4.8397353077944E+00 -1.3799339988108E-01  8.8321578229643E-02  2.6108487631410E-18  5.2611242388685E-18 -1.0725133330851E+00 -1.4347383629807E+00
 2.5765399934730E-01 -1.1359485419952E+00 -5.2734810116110E+00 -1.8312819605343E-01  1.0599124417306E-01  4.4642272864430E-18  5.5494618311519E-18 -1.0727712088884E+00 -1.4350957074116E+00
 2.9942833676086E-01 -8.7501210706848E-01 -5.6450721162865E+00 -2.3700516101790E-01  1.2348663744203E-01  6.7375601781214E-18  5.4546335634853E-18 -1.0730171000074E+00 -1.4355612184697E+00
 3.4522002830748E-01 -5.9552830217500E-01 -5.9510312633067E+00 -3.0001952127473E-01  1.4012330609968E-01  1.0032523272091E-17  4.2159590203900E-18 -1.0732368971431E+00 -1.4361314953251E+00
 3.9529936507288E-01 -3.2062473122442E-01 -6.1923469915942E+00 -3.7245338792933E-01  1.5537320312295E-01  1.3521288868228E-17  1.5613297612471E-18 -1.0733918266699E+00 -1.4367916084676E+00
 4.4997011361895E-01 -7.2731733526379E-02 -6.3722499759193E+00 -4.5449028928821E-01  1.6890689340020E-01  1.7366783526569E-17 -3.7007887613404E-18 -1.0734484954454E+00 -1.4375042180087E+00
 5.0957360672842E-01  1.2839204417707E-01 -6.4931577679340E+00 -5.4623444804797E-01  1.8070966122045E-01  1.9464203058201E-17 -1.1823444142013E-17 -1.0733444626378E+00 -1.4382056490252E+00
 5.7449349700374E-01  2.6780257447687E-01 -6.5534387693835E+00 -6.4766252987888E-01  1.9108144545053E-01  1.8663390157819E-17 -2.3506120724610E-17 -1.0730172920029E+00 -1.4387907267989E+00
 6.4516129032258E-01  3.3790827261538E-01 -6.5452455051519E+00 -7.5853709681165E-01  2.0067828175621E-01  1.1018720809428E-17 -3.6949860840947E-17 -1.0723685402209E+00 -1.4391038720578E+00
 7.2206280043514E-01  3.4113940599518E-01 -6.4546761601031E+00 -8.7823469402628E-01  2.1039155447970E-01 -4.8970786712267E-18 -4.9223462749121E-17 -1.0712906765302E+00 -1.4389184908378E+00
 8.0574569584327E-01  2.9159479358496E-01 -6.2653767036714E+00 -1.0055739751493E+00  2.2122017131569E-01 -3.0784008240505E-17 -5.3243527913750E-17 -1.0696282153086E+00 -1.4379229912042E+00
 8.9682834696002E-01  2.1347751703832E-01 -5.9649910652917E+00 -1.1386658664242E+00  2.3396741352292E-01 -6.0114634075657E-17 -4.2412060137916E-17 -1.0672016367514E+00 -1.4356967795717E+00
 9.9601022724332E-01  1.3461352481402E-01 -5.5516855628415E+00 -1.2749145889475E+00  2.4901241606507E-01 -8.2791180477714E-17 -1.2381214596662E-17 -1.0637661221885E+00 -1.4316968826255E+00
 1.1040841788897E+00  7.6119895821559E-02 -5.0358886931337E+00 -1.4111324209199E+00  2.6611500731049E-01 -8.2172703551002E-17  2.8581804048660E-17 -1.0590356025204E+00 -1.4252413851958E+00
 1.2219509248095E+00  4.4036192167288E-02 -4.4346144270471E+00 -1.5437147579907E+00  2.8455200983234E-01 -5.3881696502330E-17  6.1941093118357E-17 -1.0526460138917E+00 -1.4155140334203E+00
 1.3506362979409E+00  2.9885542378888E-02 -3.7620542263684E+00 -1.6686404110580E+00  3.0337699564271E-01 -7.9859244771827E-18  6.5889031329801E-17 -1.0441904529144E+00 -1.4015800036388E+00
 1.4913117716510E+00  2.0952824665932E-02 -3.0263534552149E+00 -1.7812967176704E+00  3.2175499521235E-01  2.6899661947982E-17  4.0222506230121E-17 -1.0332007643501E+00 -1.3824410387121E+00
 1.6453190177622E+00  1.0815053877898E-02 -2.2378661241179E+00 -1.8763084465056E+00  3.3896383287933E-01  3.8273530799679E-17  6.5284652390979E-18 -1.0192082563219E+00 -1.3571208995757E+00
 1.8141994004940E+00  8.3159778719601E-04 -1.4219625615557E+00 -1.9478124339702E+00  3.5427981642902E-01  3.3226237172686E-17 -8.3617525795066E-18 -1.0017555133290E+00 -1.3248019244948E+00
 1.9997295470214E+00 -5.3959745665757E-03 -6.2385192374568E-01 -1.9902756606772E+00  3.6683012178111E-01  3.1717634072137E-17 -2.8651454096613E-18 -9.8048610737596E-01 -1.2849795650146E+00
 2.2039644338840E+00 -5.7907672408911E-03  9.7658012307069E-02 -1.9997174800542E+00  3.7573397059198E-01  2.5675505733388E-17  1.3765851033338E-17 -9.5517019994929E-01 -1.2376125080440E+00
 2.4292898137085E+00 -8.0115681705461E-05  6.8384104203339E-01 -1.9749085502563E+00  3.8025923568347E-01  5.3697715952518E-18  2.5798910897087E-17 -9.2577430793467E-01 -1.1831875060926E+00
 2.6784863059733E+00  1.0432002017514E-02  1.0936936906916E+00 -1.9181335544612E+00  3.8005673783221E-01 -2.7791958400107E-17  2.1108326842408E-17 -8.9242006518549E-01 -1.1226595722745E+00
 2.9548081253617E+00  2.3054714231128E-02  1.3199508683587E+00 -1.8349128447760E+00  3.7521539980475E-01 -3.9892220804808E-17  5.0828497880318E-18 -8.5535326744516E-01 -1.0572437219026E+00
 3.2620802702989E+00  3.4778641352829E-02  1.3924795225271E+00 -1.7325252216638E+00  3.6624602342312E-01 -1.9081265934269E-17 -3.2854997985851E-18 -8.1481362567685E-01 -9.8815232846803E-01
 3.6048191074170E+00  4.3688070314789E-02  1.3634376282957E+00 -1.6178648185703E+00  3.5379549116097E-01 -7.3195036626026E-18 -1.2234436252565E-17 -7.7098626248600E-01 -9.1638983604666E-01
 3.9883827509977E+00  4.9476011360102E-02  1.2828051077312E+00 -1.4958834847443E+00  3.3840335734925E-01 -4.0340984321003E-17  3.3068496895585E-17 -7.2394753362984E-01 -8.4271247887532E-01
 4.4191595630774E+00  5.2742109203701E-02  1.1820863287292E+00 -1.3693766903500E+00  3.2030644517030E-01  1.7249652651372E-17  7.2399179032104E-17 -6.7374227906256E-01 -7.6771756298121E-01
 4.9048056364975E+00  5.3991318607463E-02  1.0745391310667E+00 -1.2398399040902E+00  2.9954665527625E-01  5.7021110455016E-17  3.1390520704952E-17 -6.2042514687548E-01 -6.9197949387769E-01
 5.4545454545455E+00  5.3359297010244E-02  9.6411347987123E-01 -1.1083813205143E+00  2.7608668197444E-01 -3.8060724547814E-17  2.9110802084945E-17 -5.6416448694185E-01 -6.1613515866292E-01
 6.0795542687962E+00  5.0807942900995E-02  8.5220698975463E-01 -9.7622289389412E-01  2.4999106760385E-01 -2.5152985914664E-17  2.6056259183085E-17 -5.0526656331656E-01 -5.4092192021370E-01
 6.7934463423832E+00  4.6361399778021E-02  7.4006107081489E-01 -8.4483781887925E-01  2.2146137424924E-01  8.5250691515847E-19 -3.3065304267667E-17 -4.4426343101976E-01 -4.6717613759377E-01
 7.6129002726496E+00  4.0166286469386E-02  6.2916930868785E-01 -7.1599630667180E-01  1.9094433617332E-01  1.7896801523366E-17 -3.5699680319786E-17 -3.8193399888802E-01 -3.9582448707735E-01
 8.5584611558500E+00  3.2564554669770E-02  5.2134534750820E-01 -5.9174759358278E-01  1.5913740573720E-01  3.7203027678068E-17  4.4450190496666E-17 -3.1938881712386E-01 -3.2785741717914E-01
 9.6555688906727E+00  2.4086265292436E-02  4.1868805258091E-01 -4.7439569120869E-01  1.2706987063150E-01 -3.8923309710419E-17  2.8931174056696E-17 -2.5806665109742E-01 -2.6430043825032E-01
 1.0935870685435E+01  1.5471721689720E-02  3.2353738899551E-01 -3.6639974350769E-01  9.6044448224277E-02  2.5092102391679E-17  7.5951466279329E-18 -1.9975503246259E-01 -2.0616961871663E-01
 1.2438879256439E+01  7.5727808899833E-03  2.3831414141269E-01 -2.7023379139855E-01  6.7597082516926E-02  1.4174439122936E-17 -3.0493035931185E-18 -1.4646136005196E-01 -1.5442700262921E-01
 1.4214025594877E+01  1.2458590455182E-03  1.6529667025015E-01 -1.8813177828177E-01  4.3251891680664E-02 -2.3980124241882E-17 -2.0452714344751E-17 -1.0023603695448E-01 -1.0991900943950E-01
 1.6323103064291E+01 -2.8925373617473E-03  1.0624325985876E-01 -1.2176338574173E-01  2.4258151302921E-02  4.3777737721655E-17 -5.4302005602447E-18 -6.2788882269766E-02 -7.3301966114799E-02
 1.8842958547214E+01 -4.6571907893501E-03  6.1968975591757E-02 -7.1810337032014E-02  1.1173055962687E-02 -1.5524734173320E-17  6.4888538483543E-18 -3.5078083520842E-02 -4.4921384119301E-02
 2.1867956415951E+01 -4.4553278920351E-03  3.1917589822932E-02 -3.7593786644884E-02  3.6336505760901E-03  5.5472765449681E-18  9.2234146037696E-19 -1.6871740069183E-02 -2.4649222849338E-02
 2.5511030361867E+01 -3.1419551871799E-03  1.4024201959207E-02 -1.6893322630850E-02  3.3427447092437E-04 -2.9062308820210E-18  7.2530348257889E-19 -6.6637861140269E-03 -1.1704987178485E-02
 2.9900709274659E+01 -1.6798066246323E-03  5.0385811245362E-03 -6.2552524325658E-03 -4.7696403584138E-04  1.1422880836514E-18  5.9090028748389E-19 -2.0196325946082E-03 -4.6107236631102E-03
 3.5168864215715E+01 -6.6403115158272E-04  1.4142812137268E-03 -1.8228608761043E-03 -3.5284572699040E-04  1.6765009238744E-18  4.8326213004979E-18 -4.2700583516806E-04 -1.4350955464698E-03
 4.1419695291531E+01 -1.9002912978462E-04  2.9776332388123E-04 -4.0244261578736E-04 -1.2935660300253E-04  1.3513383315722E-19 -1.2542963140384E-18 -5.1054941440030E-05 -3.3780119571230E-04
 4.8665626607709E+01 -3.7083697634217E-05  4.7610433664160E-05 -6.6577711685608E-05 -3.1373513090103E-05  2.1914058593533E-18 -2.1775243852579E-18 -2.2821474113189E-06 -5.8772545163313E-05
 5.6716111653915E+01 -6.3331666006738E-06  5.9541281607575E-06 -9.1319341817082E-06 -3.8910911286619E-06  7.4893333224536E-19  1.1230307047729E-18  1.0512585075433E-06 -8.2796822573517E-06
 6.5027225430406E+01 -8.4803994644632E-08  1.0657683364159E-06 -1.0953406616042E-06 -1.4708411288673E-06 -8.2295410049660E-19 -1.5884993483540E-18 -5.0738177484937E-07 -8.8700857903210E-07
 7.2587189964099E+01 -5.3663314537734E-07 -1.5624469095562E-08 -2.7754767511595E-07  4.5961054548419E-07  1.1060936597166E-18  7.1124848783141E-20  3.7115260566200E-07 -2.6600740071236E-07
 7.8010805313165E+01  7.7949022373733E-07  3.1378878956290E-07  2.9681080627542E-08 -1.0716099586733E-06  3.1398428889988E-18 -1.0089329126092E-18 -6.9078517860703E-07  1.8465439101806E-07
 8.0000000000000E+01  0.0000000000000E+00  0.0000000000000E+00  0.0000000000000E+00  0.0000000000000E+00  0.0000000000000E+00  0.0000000000000E+00  0.0000000000000E+00  0.0000000000000E+00
