#  1.0000000000000E+00  0.0000000000000E+00  2.3181424059429E-01 -6.4182155740489E-03  8.0000000000000E-02
 0.0000000000000E+00 -4.8837520112627E-16 -3.7325818943222E-15  7.8140032180204E-16 -1.5628006436041E-15  8.5411751010649E-40 -5.3786318879679E-39 -1.0709502003527E+00 -1.4345702040769E+00
 1.2134956257652E-03 -3.5611801209991E-02 -3.4765714133173E-02 -5.2300665924048E-06  8.7239216209860E-06 -1.3725557066088E-25 -1.2354872932446E-25 -1.0709541096691E+00 -1.4345662488236E+00
 4.8598042576750E-03 -1.3951769467313E-01 -1.3938100239066E-01 -7.2242971208877E-05  9.4591627371076E-05 -2.8727639677327E-25 -2.4857278305189E-25 -1.0709784967481E+00 -1.4345372137358E+00
 1.0956449776219E-02 -3.0310451981790E-01 -3.1456425067492E-01 -3.6956920376286E-04  4.7323572355597E-04 -7.8964000426468E-25 -7.1651244091419E-25 -1.0710144184535E+00 -1.4344919725017E+00
 1.9532835037547E-02 -5.1260806320862E-01 -5.6076845922580E-01 -1.1783802393911E-03  1.4502652419402E-03 -1.1601554327398E-24 -9.9287868188449E-25 -1.0710707397022E+00 -1.4344330918292E+00
 3.0630539981632E-02 -7.5002525230791E-01 -8.7720811149234E-01 -2.9132630405222E-03  3.4298922195207E-03 -2.1255894378999E-24 -1.8926208673377E-24 -1.0711407322320E+00 -1.4343669363940E+00
 4.4303746127476E-02 -9.9440927588798E-01 -1.2607658134233E+00 -6.1170730587798E-03  6.8244731778927E-03 -2.6833349207761E-24 -2.1921574427712E-24 -1.0712339302989E+00 -1.4342993242902E+00
 6.0619794820640E-02 -1.2235335663728E+00 -1.7050159593793E+00 -1.1472304949722E-02  1.2044374106587E-02 -4.2703746876886E-24 -3.5565147367449E-24 -1.0713441384907E+00 -1.4342400462571E+00
 7.9659889028125E-02 -1.4158245590043E+00 -2.1996008172184E+00 -1.9777850547059E-02  1.9397435506633E-02 -5.0676808317640E-24 -3.6446034980667E-24 -1.0714811552253E+00 -1.4341984764851E+00
 1.0151995116565E-01 -1.5524259011702E+00 -2.7301798839131E+00 -3.1935328203405E-02  2.9080240971345E-02 -7.5593946568455E-24 -5.3475008239166E-24 -1.0716385681032E+00 -1.4341879666497E+00
 1.2631165246940E-01 -1.6191408253407E+00 -3.2790607018275E+00 -4.8898287578287E-02  4.1092697933695E-02 -8.7939506606396E-24 -4.7279491049173E-24 -1.0718252337443E+00 -1.4342212221420E+00
 1.5416363287784E-01 -1.6080169712219E+00 -3.8265346970849E+00 -7.1633938889720E-02  5.5258750307395E-02 -1.2635579616682E-23 -6.2682381501298E-24 -1.0720327509070E+00 -1.4343143133220E+00
 1.8522293437556E-01 -1.5182868645636E+00 -4.3527324764929E+00 -1.0105740849220E-01  7.1182953402469E-02 -1.4617223152913E-23 -3.8698434205183E-24 -1.0722666188951E+00 -1.4344814833579E+00
 2.1965667539691E-01 -1.3565252291554E+00 -4.8397353077943E+00 -1.3799339988108E-01  8.8321578229639E-02 -2.0239711992541E-23 -3.9434643489932E-24 -1.0725133330851E+00 -1.4347383629807E+00
 2.5765399934730E-01 -1.1359485419952E+00 -5.2734810116110E+00 -1.8312819605344E-01  1.0599124417305E-01 -2.2934061555399E-23  2.4493460022668E-24 -1.0727712088884E+00 -1.4350957074116E+00
 2.9942833676086E-01 -8.7501210706839E-01 -5.6450721162865E+00 -2.3700516101790E-01  1.2348663744202E-01 -2.9814351916769E-23  6.6148973864222E-24 -1.0730171000074E+00 -1.4355612184697E+00
 3.4522002830748E-01 -5.9552830217492E-01 -5.9510312633066E+00 -3.0001952127474E-01  1.4012330609967E-01 -3.1106424351313E-23  2.0984713875578E-23 -1.0732368971431E+00 -1.4361314953251E+00
 3.9529936507288E-01 -3.2062473122434E-01 -6.1923469915942E+00 -3.7245338792933E-01  1.5537320312294E-01 -3.4843206791509E-23  3.3787498093964E-23 -1.0733918266699E+00 -1.4367916084676E+00
 4.4997011361895E-01 -7.2731733526307E-02 -6.3722499759192E+00 -4.5449028928821E-01  1.6890689340019E-01 -2.6031645646069E-23  6.0715431863154E-23 -1.0734484954454E+00 -1.4375042180087E+00
 5.0957360672842E-01  1.2839204417714E-01 -6.4931577679340E+00 -5.4623444804798E-01  1.8070966122044E-01 -1.2203127005092E-23  8.4036582046733E-23 -1.0733444626378E+00 -1.4382056490252E+00
 5.7449349700374E-01  2.6780257447692E-01 -6.5534387693834E+00 -6.4766252987888E-01  1.9108144545052E-01  2.8794137542381E-23  1.1900004731281E-22 -1.0730172920028E+00 -1.4387907267989E+00
 6.4516129032258E-01  3.3790827261542E-01 -6.5452455051519E+00 -7.5853709681165E-01  2.0067828175620E-01  8.8652936156494E-23  1.3358326421282E-22 -1.0723685402208E+00 -1.4391038720578E+00
 7.2206280043514E-01  3.4113940599521E-01 -6.4546761601031E+00 -8.7823469402628E-01  2.1039155447969E-01  1.9075580492684E-22  1.3298278922734E-22 -1.0712906765302E+00 -1.4389184908378E+00
 8.0574569584327E-01  2.9159479358499E-01 -6.2653767036714E+00 -1.0055739751493E+00  2.2122017131567E-01  3.0827655762757E-22  5.9940530283840E-23 -1.0696282153086E+00 -1.4379229912042E+00
 8.9682834696002E-01  2.1347751703835E-01 -5.9649910652916E+00 -1.1386658664242E+00  2.3396741352291E-01  4.3454516860184E-22 -8.9310913644588E-23 -1.0672016367513E+00 -1.4356967795717E+00
 9.9601022724332E-01  1.3461352481403E-01 -5.5516855628415E+00 -1.2749145889475E+00  2.4901241606506E-01  4.8125429667364E-22 -3.7043284143251E-22 -1.0637661221885E+00 -1.4316968826255E+00
 1.1040841788897E+00  7.6119895821563E-02 -5.0358886931336E+00 -1.4111324209199E+00  2.6611500731047E-01  3.8494423964744E-22 -7.2038640182302E-22 -1.0590356025204E+00 -1.4252413851957E+00
 1.2219509248095E+00  4.4036192167292E-02 -4.4346144270470E+00 -1.5437147579906E+00  2.8455200983232E-01  3.6005548906575E-23 -1.0784164882801E-21 -1.0526460138917E+00 -1.4155140334203E+00
 1.3506362979409E+00  2.9885542378886E-02 -3.7620542263684E+00 -1.6686404110580E+00  3.0337699564269E-01 -5.1889206075822E-22 -1.2267230069726E-21 -1.0441904529144E+00 -1.4015800036388E+00
 1.4913117716510E+00  2.0952824665925E-02 -3.0263534552148E+00 -1.7812967176703E+00  3.2175499521234E-01 -1.1493839391700E-21 -1.0775535362339E-21 -1.0332007643501E+00 -1.3824410387121E+00
 1.6453190177622E+00  1.0815053877890E-02 -2.2378661241179E+00 -1.8763084465055E+00  3.3896383287932E-01 -1.5509166388031E-21 -6.1793660583514E-22 -1.0192082563219E+00 -1.3571208995757E+00
 1.8141994004940E+00  8.3159778718670E-04 -1.4219625615557E+00 -1.9478124339702E+00  3.5427981642901E-01 -1.6224825196136E-21 -1.7045014283828E-22 -1.0017555133290E+00 -1.3248019244948E+00
 1.9997295470214E+00 -5.3959745665846E-03 -6.2385192374568E-01 -1.9902756606772E+00  3.6683012178110E-01 -1.4278456368021E-21  8.4290156407323E-23 -9.8048610737594E-01 -1.2849795650146E+00
 2.2039644338840E+00 -5.7907672408938E-03  9.7658012307067E-02 -1.9997174800542E+00  3.7573397059196E-01 -1.2131466010073E-21  7.7394322836522E-23 -9.5517019994927E-01 -1.2376125080440E+00
 2.4292898137085E+00 -8.0115681716340E-05  6.8384104203337E-01 -1.9749085502563E+00  3.8025923568346E-01 -9.1925890414375E-22  2.4275252899077E-23 -9.2577430793465E-01 -1.1831875060926E+00
 2.6784863059733E+00  1.0432002017520E-02  1.0936936906916E+00 -1.9181335544612E+00  3.8005673783220E-01 -5.8969477281637E-22 -1.5349478471734E-22 -8.9242006518547E-01 -1.1226595722745E+00
 2.9548081253617E+00  2.3054714231134E-02  1.3199508683587E+00 -1.8349128447760E+00  3.7521539980474E-01 -3.2672181993157E-22 -3.1765553635566E-22 -8.5535326744515E-01 -1.0572437219026E+00
 3.2620802702989E+00  3.4778641352824E-02  1.3924795225271E+00 -1.7325252216638E+00  3.6624602342310E-01 -3.5228147781872E-22 -3.8930557160103E-22 -8.1481362567683E-01 -9.8815232846803E-01
 3.6048191074170E+00  4.3688070314780E-02  1.3634376282957E+00 -1.6178648185703E+00  3.5379549116096E-01 -5.0081965750391E-22 -1.8087924097496E-22 -7.7098626248598E-01 -9.1638983604666E-01
 3.9883827509977E+00  4.9476011360099E-02  1.2828051077312E+00 -1.4958834847443E+00  3.3840335734923E-01 -8.4765213306885E-22  1.7338022578279E-22 -7.2394753362983E-01 -8.4271247887532E-01
 4.4191595630774E+00  5.2742109203696E-02  1.1820863287291E+00 -1.3693766903500E+00  3.2030644517029E-01 -1.2866522277779E-21  8.5591645253823E-22 -6.7374227906255E-01 -7.6771756298121E-01
 4.9048056364975E+00  5.3991318607464E-02  1.0745391310667E+00 -1.2398399040902E+00  2.9954665527624E-01 -1.3889271634185E-21  1.1361016084307E-21 -6.2042514687547E-01 -6.9197949387769E-01
 5.4545454545455E+00  5.3359297010241E-02  9.6411347987122E-01 -1.1083813205143E+00  2.7608668197443E-01 -8.4123968108675E-22  2.5318505495654E-22 -5.6416448694184E-01 -6.1613515866292E-01
 6.0795542687962E+00  5.0807942900990E-02  8.5220698975461E-01 -9.7622289389412E-01  2.4999106760384E-01 -6.0789638582611E-22 -6.3339769605187E-22 -5.0526656331655E-01 -5.4092192021370E-01
 6.7934463423832E+00  4.6361399778020E-02  7.4006107081489E-01 -8.4483781887925E-01  2.2146137424923E-01  6.8499838093803E-22 -2.4033809856875E-22 -4.4426343101975E-01 -4.6717613759377E-01
 7.6129002726496E+00  4.0166286469384E-02  6.2916930868784E-01 -7.1599630667180E-01  1.9094433617331E-01  1.0455768135276E-21  4.2544820231845E-22 -3.8193399888801E-01 -3.9582448707735E-01
 8.5584611558500E+00  3.2564554669766E-02  5.2134534750819E-01 -5.9174759358278E-01  1.5913740573719E-01 -7.6157880721867E-22  1.1082864441243E-21 -3.1938881712385E-01 -3.2785741717914E-01
 9.6555688906727E+00  2.4086265292437E-02  4.1868805258090E-01 -4.7439569120869E-01  1.2706987063150E-01 -1.0338380219166E-21 -3.0577935428178E-22 -2.5806665109741E-01 -2.6430043825032E-01
 1.0935870685435E+01  1.5471721689720E-02  3.2353738899551E-01 -3.6639974350769E-01  9.6044448224275E-02  1.7456410578380E-23  7.6231367587205E-22 -1.9975503246258E-01 -2.0616961871663E-01
 1.2438879256439E+01  7.5727808899836E-03  2.3831414141269E-01 -2.7023379139855E-01  6.7597082516925E-02  2.5368339670626E-22  3.0377880036366E-22 -1.4646136005195E-01 -1.5442700262921E-01
 1.4214025594877E+01  1.2458590455184E-03  1.6529667025015E-01 -1.8813177828177E-01  4.3251891680663E-02  3.5354432746947E-22 -9.0751344288769E-22 -1.0023603695448E-01 -1.0991900943950E-01
 1.6323103064291E+01 -2.8925373617475E-03  1.0624325985876E-01 -1.2176338574173E-01  2.4258151302920E-02  7.3616966001377E-22  1.0606473046947E-21 -6.2788882269765E-02 -7.3301966114798E-02
 1.8842958547214E+01 -4.6571907893499E-03  6.1968975591757E-02 -7.1810337032013E-02  1.1173055962687E-02 -3.4451712335300E-22 -2.9773175742543E-22 -3.5078083520842E-02 -4.4921384119300E-02
 2.1867956415951E+01 -4.4553278920351E-03  3.1917589822932E-02 -3.7593786644883E-02  3.6336505760900E-03  2.4297842035180E-23  1.6258081750125E-22 -1.6871740069183E-02 -2.4649222849337E-02
 2.5511030361867E+01 -3.1419551871798E-03  1.4024201959206E-02 -1.6893322630850E-02  3.3427447092441E-04 -4.9589395601681E-23 -6.4001700485137E-23 -6.6637861140267E-03 -1.1704987178485E-02
 2.9900709274659E+01 -1.6798066246324E-03  5.0385811245361E-03 -6.2552524325657E-03 -4.7696403584131E-04 -8.6857605703718E-24  4.1731879601126E-23 -2.0196325946081E-03 -4.6107236631100E-03
 3.5168864215715E+01 -6.6403115158260E-04  1.4142812137267E-03 -1.8228608761043E-03 -3.5284572699038E-04 -9.9900646000323E-23  1.3237500173635E-22 -4.2700583516803E-04 -1.4350955464698E-03
 4.1419695291531E+01 -1.9002912978461E-04  2.9776332388116E-04 -4.0244261578739E-04 -1.2935660300259E-04  3.3469554512522E-23 -1.8181129674447E-23 -5.1054941439990E-05 -3.3780119571232E-04
 4.8665626607709E+01 -3.7083697634192E-05  4.7610433664112E-05 -6.6577711685645E-05 -3.1373513090129E-05  1.0342188888070E-22  2.4255991399186E-23 -2.2821474112756E-06 -5.8772545163279E-05
 5.6716111653915E+01 -6.3331666007256E-06  5.9541281608487E-06 -9.1319341817447E-06 -3.8910911286735E-06 -2.0719299768413E-23  4.0097211422980E-23  1.0512585075252E-06 -8.2796822573704E-06
 6.5027225430406E+01 -8.4803994619767E-08  1.0657683364165E-06 -1.0953406615728E-06 -1.4708411288431E-06  3.2318939632863E-23 -5.0534715478211E-23 -5.0738177485523E-07 -8.8700857902838E-07
 7.2587189964099E+01 -5.3663314539443E-07 -1.5624469066348E-08 -2.7754767507946E-07  4.5961054549422E-07  1.6604237190360E-23  3.1811918052778E-23  3.7115260566064E-07 -2.6600740071466E-07
 7.8010805313165E+01  7.7949022376514E-07  3.1378878948795E-07  2.9681080652789E-08 -1.0716099586546E-06  8.1886833263121E-23  7.1725673501731E-23 -6.9078517859380E-07  1.8465439102918E-07
 8.0000000000000E+01  0.0000000000000E+00  0.0000000000000E+00  0.0000000000000E+00  0.0000000000000E+00  0.0000000000000E+00  0.0000000000000E+00  0.0000000000000E+00  0.0000000000000E+00
