#  1.0000000000000E+00  0.0000000000000E+00  2.3181424059429E-01 -6.4182155740485E-03  8.0000000000000E-02
 0.0000000000000E+00 -6.0000381852656E-16  1.9535008045051E-16  3.7953729916099E-15 -4.4651446960116E-16 -5.4017161449978E-39 -9.2423594083482E-39 -1.0709502003527E+00 -1.4345702040769E+00
 1.2134956257652E-03 -3.5611801209992E-02 -3.4765714133169E-02 -5.2300665892131E-06  8.7239216223227E-06 -1.3419517277781E-25 -1.6208330934431E-26 -1.0709541096692E+00 -1.4345662488236E+00
 4.8598042576750E-03 -1.3951769467314E-01 -1.3938100239065E-01 -7.2242971205678E-05  9.4591627372752E-05 -2.6632803935392E-25 -4.7398508630465E-26 -1.0709784967481E+00 -1.4345372137358E+00
 1.0956449776219E-02 -3.0310451981791E-01 -3.1456425067492E-01 -3.6956920375972E-04  4.7323572355770E-04 -7.5763372595153E-25 -1.2983551037608E-25 -1.0710144184536E+00 -1.4344919725017E+00
 1.9532835037547E-02 -5.1260806320864E-01 -5.6076845922580E-01 -1.1783802393883E-03  1.4502652419414E-03 -1.0714525348612E-24 -1.8463441475748E-25 -1.0710707397022E+00 -1.4344330918292E+00
 3.0630539981632E-02 -7.5002525230793E-01 -8.7720811149234E-01 -2.9132630405192E-03  3.4298922195217E-03 -2.0198978369342E-24 -3.3932635855008E-25 -1.0711407322320E+00 -1.4343669363940E+00
 4.4303746127476E-02 -9.9440927588801E-01 -1.2607658134233E+00 -6.1170730587768E-03  6.8244731778938E-03 -2.4394473285591E-24 -3.6274689218068E-25 -1.0712339302989E+00 -1.4342993242902E+00
 6.0619794820640E-02 -1.2235335663728E+00 -1.7050159593793E+00 -1.1472304949719E-02  1.2044374106588E-02 -3.9619683980017E-24 -5.3941623048956E-25 -1.0713441384907E+00 -1.4342400462571E+00
 7.9659889028125E-02 -1.4158245590044E+00 -2.1996008172184E+00 -1.9777850547056E-02  1.9397435506635E-02 -4.4234710331278E-24 -3.7989293072850E-25 -1.0714811552253E+00 -1.4341984764851E+00
 1.0151995116565E-01 -1.5524259011702E+00 -2.7301798839131E+00 -3.1935328203401E-02  2.9080240971346E-02 -6.6543122075064E-24 -3.8414903146311E-25 -1.0716385681032E+00 -1.4341879666497E+00
 1.2631165246940E-01 -1.6191408253408E+00 -3.2790607018275E+00 -4.8898287578283E-02  4.1092697933697E-02 -7.0846633556030E-24  3.2341664275732E-25 -1.0718252337443E+00 -1.4342212221420E+00
 1.5416363287784E-01 -1.6080169712219E+00 -3.8265346970849E+00 -7.1633938889716E-02  5.5258750307397E-02 -1.0118007759907E-23  9.7658997910231E-25 -1.0720327509070E+00 -1.4343143133220E+00
 1.8522293437556E-01 -1.5182868645637E+00 -4.3527324764929E+00 -1.0105740849219E-01  7.1182953402471E-02 -1.0297333619436E-23  2.9900772439912E-24 -1.0722666188951E+00 -1.4344814833579E+00
 2.1965667539691E-01 -1.3565252291555E+00 -4.8397353077944E+00 -1.3799339988108E-01  8.8321578229642E-02 -1.3919957863075E-23  5.2727827924648E-24 -1.0725133330851E+00 -1.4347383629807E+00
 2.5765399934730E-01 -1.1359485419952E+00 -5.2734810116110E+00 -1.8312819605343E-01  1.0599124417305E-01 -1.2989353464090E-23  9.9213746258289E-24 -1.0727712088884E+00 -1.4350957074116E+00
 2.9942833676086E-01 -8.7501210706846E-01 -5.6450721162866E+00 -2.3700516101790E-01  1.2348663744203E-01 -1.5856437015558E-23  1.5350889238985E-23 -1.0730171000074E+00 -1.4355612184697E+00
 3.4522002830748E-01 -5.9552830217498E-01 -5.9510312633067E+00 -3.0001952127473E-01  1.4012330609968E-01 -1.1019451829634E-23  2.4269609774787E-23 -1.0732368971431E+00 -1.4361314953251E+00
 3.9529936507288E-01 -3.2062473122440E-01 -6.1923469915943E+00 -3.7245338792932E-01  1.5537320312295E-01 -8.7990362220200E-24  3.3914888128418E-23 -1.0733918266699E+00 -1.4367916084676E+00
 4.4997011361895E-01 -7.2731733526358E-02 -6.3722499759193E+00 -4.5449028928821E-01  1.6890689340020E-01  7.0162974109327E-24  4.6644913784009E-23 -1.0734484954454E+00 -1.4375042180087E+00
 5.0957360672842E-01  1.2839204417709E-01 -6.4931577679341E+00 -5.4623444804798E-01  1.8070966122045E-01  2.3885120361986E-23  5.6282675397102E-23 -1.0733444626378E+00 -1.4382056490252E+00
 5.7449349700374E-01  2.6780257447689E-01 -6.5534387693835E+00 -6.4766252987888E-01  1.9108144545053E-01  6.2606869927994E-23  6.1743660109246E-23 -1.0730172920029E+00 -1.4387907267989E+00
 6.4516129032258E-01  3.3790827261539E-01 -6.5452455051520E+00 -7.5853709681165E-01  2.0067828175621E-01  1.0446399154764E-22  4.8827591372664E-23 -1.0723685402208E+00 -1.4391038720578E+00
 7.2206280043514E-01  3.4113940599519E-01 -6.4546761601031E+00 -8.7823469402629E-01  2.1039155447970E-01  1.6764578025493E-22  9.1374265071338E-24 -1.0712906765302E+00 -1.4389184908378E+00
 8.0574569584327E-01  2.9159479358497E-01 -6.2653767036715E+00 -1.0055739751493E+00  2.2122017131569E-01  2.1203517356493E-22 -7.9700910246366E-23 -1.0696282153086E+00 -1.4379229912042E+00
 8.9682834696002E-01  2.1347751703832E-01 -5.9649910652917E+00 -1.1386658664242E+00  2.3396741352292E-01  2.3405269112202E-22 -2.2124041669257E-22 -1.0672016367514E+00 -1.4356967795717E+00
 9.9601022724332E-01  1.3461352481402E-01 -5.5516855628415E+00 -1.2749145889475E+00  2.4901241606507E-01  1.5489594487745E-22 -4.1312412811712E-22 -1.0637661221885E+00 -1.4316968826255E+00
 1.1040841788897E+00  7.6119895821559E-02 -5.0358886931337E+00 -1.4111324209199E+00  2.6611500731049E-01 -3.9848239715417E-23 -5.9633949488155E-22 -1.0590356025204E+00 -1.4252413851957E+00
 1.2219509248095E+00  4.4036192167290E-02 -4.4346144270471E+00 -1.5437147579907E+00  2.8455200983234E-01 -4.0028361751312E-22 -6.8507948802455E-22 -1.0526460138917E+00 -1.4155140334203E+00
 1.3506362979409E+00  2.9885542378888E-02 -3.7620542263684E+00 -1.6686404110580E+00  3.0337699564271E-01 -8.1272965684756E-22 -5.6202848696571E-22 -1.0441904529144E+00 -1.4015800036388E+00
 1.4913117716510E+00  2.0952824665926E-02 -3.0263534552148E+00 -1.7812967176704E+00  3.2175499521235E-01 -1.1623466632406E-21 -2.0943577963964E-22 -1.0332007643501E+00 -1.3824410387121E+00
 1.6453190177622E+00  1.0815053877889E-02 -2.2378661241179E+00 -1.8763084465056E+00  3.3896383287933E-01 -1.2396792971594E-21  2.6112730992322E-22 -1.0192082563219E+00 -1.3571208995757E+00
 1.8141994004940E+00  8.3159778718617E-04 -1.4219625615557E+00 -1.9478124339702E+00  3.5427981642902E-01 -1.0968960788942E-21  6.0635504956933E-22 -1.0017555133290E+00 -1.3248019244948E+00
 1.9997295470214E+00 -5.3959745665821E-03 -6.2385192374567E-01 -1.9902756606772E+00  3.6683012178111E-01 -8.4265657589854E-22  7.0807451833017E-22 -9.8048610737596E-01 -1.2849795650146E+00
 2.2039644338840E+00 -5.7907672408929E-03  9.7658012307091E-02 -1.9997174800542E+00  3.7573397059198E-01 -6.8744267491280E-22  6.1487789729212E-22 -9.5517019994929E-01 -1.2376125080440E+00
 2.4292898137085E+00 -8.0115681722263E-05  6.8384104203341E-01 -1.9749085502563E+00  3.8025923568347E-01 -5.2812535307020E-22  4.4471555805834E-22 -9.2577430793467E-01 -1.1831875060926E+00
 2.6784863059733E+00  1.0432002017507E-02  1.0936936906916E+00 -1.9181335544612E+00  3.8005673783221E-01 -4.1720388226700E-22  1.9584272909950E-22 -8.9242006518549E-01 -1.1226595722745E+00
 2.9548081253617E+00  2.3054714231141E-02  1.3199508683587E+00 -1.8349128447760E+00  3.7521539980476E-01 -3.3495725113196E-22 -1.7195615171605E-23 -8.5535326744516E-01 -1.0572437219026E+00
 3.2620802702989E+00  3.4778641352832E-02  1.3924795225271E+00 -1.7325252216638E+00  3.6624602342312E-01 -3.8164668976028E-22 -5.1221542779108E-23 -8.1481362567684E-01 -9.8815232846803E-01
 3.6048191074170E+00  4.3688070314779E-02  1.3634376282957E+00 -1.6178648185703E+00  3.5379549116097E-01 -3.7002521295204E-22  1.3642189766769E-22 -7.7098626248599E-01 -9.1638983604666E-01
 3.9883827509977E+00  4.9476011360109E-02  1.2828051077312E+00 -1.4958834847443E+00  3.3840335734925E-01 -4.0172281440837E-22  5.0503902948871E-22 -7.2394753362984E-01 -8.4271247887532E-01
 4.4191595630774E+00  5.2742109203709E-02  1.1820863287292E+00 -1.3693766903500E+00  3.2030644517031E-01 -3.3745469531217E-22  1.0942918864534E-21 -6.7374227906256E-01 -7.6771756298121E-01
 4.9048056364975E+00  5.3991318607476E-02  1.0745391310667E+00 -1.2398399040902E+00  2.9954665527625E-01 -2.7523872255346E-22  1.2991781425046E-21 -6.2042514687548E-01 -6.9197949387769E-01
 5.4545454545455E+00  5.3359297010250E-02  9.6411347987123E-01 -1.1083813205143E+00  2.7608668197444E-01 -3.6285617805034E-22  5.5011670176275E-22 -5.6416448694185E-01 -6.1613515866292E-01
 6.0795542687962E+00  5.0807942900993E-02  8.5220698975462E-01 -9.7622289389412E-01  2.4999106760385E-01 -6.3749637938116E-22 -8.2687367584497E-23 -5.0526656331656E-01 -5.4092192021370E-01
 6.7934463423832E+00  4.6361399778025E-02  7.4006107081489E-01 -8.4483781887925E-01  2.2146137424924E-01  2.7931057196507E-22 -4.5775002833449E-22 -4.4426343101976E-01 -4.6717613759377E-01
 7.6129002726496E+00  4.0166286469388E-02  6.2916930868785E-01 -7.1599630667180E-01  1.9094433617332E-01  8.0127559957340E-22 -2.3876896703086E-22 -3.8193399888802E-01 -3.9582448707735E-01
 8.5584611558500E+00  3.2564554669771E-02  5.2134534750820E-01 -5.9174759358278E-01  1.5913740573720E-01  7.9889884186555E-23  9.8831595201228E-22 -3.1938881712386E-01 -3.2785741717913E-01
 9.6555688906727E+00  2.4086265292438E-02  4.1868805258091E-01 -4.7439569120869E-01  1.2706987063151E-01 -7.3069859825913E-22  3.1342678279406E-22 -2.5806665109742E-01 -2.6430043825032E-01
 1.0935870685435E+01  1.5471721689721E-02  3.2353738899551E-01 -3.6639974350769E-01  9.6044448224278E-02  3.6757414765403E-22  4.3073156063894E-22 -1.9975503246259E-01 -2.0616961871663E-01
 1.2438879256439E+01  7.5727808899854E-03  2.3831414141269E-01 -2.7023379139855E-01  6.7597082516928E-02  2.8778203398217E-22  5.4779219306531E-23 -1.4646136005196E-01 -1.5442700262921E-01
 1.4214025594877E+01  1.2458590455195E-03  1.6529667025015E-01 -1.8813177828177E-01  4.3251891680664E-02 -2.2185970896063E-22 -6.8928050378685E-22 -1.0023603695448E-01 -1.0991900943950E-01
 1.6323103064291E+01 -2.8925373617470E-03  1.0624325985876E-01 -1.2176338574173E-01  2.4258151302921E-02  9.2160246997218E-22  2.6194953970766E-22 -6.2788882269766E-02 -7.3301966114798E-02
 1.8842958547214E+01 -4.6571907893496E-03  6.1968975591757E-02 -7.1810337032013E-02  1.1173055962687E-02 -3.3697499269985E-22 -8.8656563618243E-24 -3.5078083520842E-02 -4.4921384119300E-02
 2.1867956415951E+01 -4.4553278920350E-03  3.1917589822932E-02 -3.7593786644884E-02  3.6336505760902E-03  9.0098437631932E-23  8.2325992666390E-23 -1.6871740069183E-02 -2.4649222849337E-02
 2.5511030361867E+01 -3.1419551871798E-03  1.4024201959206E-02 -1.6893322630850E-02  3.3427447092450E-04 -5.8406385716942E-23 -1.3468962316912E-23 -6.6637861140268E-03 -1.1704987178485E-02
 2.9900709274659E+01 -1.6798066246324E-03  5.0385811245360E-03 -6.2552524325659E-03 -4.7696403584136E-04  1.4570968311301E-23  2.8225724593399E-23 -2.0196325946081E-03 -4.6107236631100E-03
 3.5168864215715E+01 -6.6403115158265E-04  1.4142812137267E-03 -1.8228608761043E-03 -3.5284572699035E-04  5.3740953409775E-24  1.2333263481348E-22 -4.2700583516806E-04 -1.4350955464699E-03
 4.1419695291531E+01 -1.9002912978455E-04  2.9776332388115E-04 -4.0244261578750E-04 -1.2935660300259E-04  1.0563844053651E-23 -2.6254189069909E-23 -5.1054941439995E-05 -3.3780119571227E-04
 4.8665626607709E+01 -3.7083697634255E-05  4.7610433664189E-05 -6.6577711685637E-05 -3.1373513090115E-05  7.1003549626652E-23 -3.5064430316533E-23 -2.2821474113192E-06 -5.8772545163344E-05
 5.6716111653915E+01 -6.3331666007029E-06  5.9541281608269E-06 -9.1319341817473E-06 -3.8910911286717E-06  7.0347802883117E-24  3.2874298603407E-23  1.0512585075373E-06 -8.2796822573365E-06
 6.5027225430406E+01 -8.4803994640093E-08  1.0657683364157E-06 -1.0953406615151E-06 -1.4708411288409E-06 -5.3154377430120E-24 -4.4368791808969E-23 -5.0738177485223E-07 -8.8700857904366E-07
 7.2587189964099E+01 -5.3663314538340E-07 -1.5624469083616E-08 -2.7754767508574E-07  4.5961054547975E-07  2.4589961527203E-23  1.0420990280402E-23  3.7115260567551E-07 -2.6600740069624E-07
 7.8010805313165E+01  7.7949022372624E-07  3.1378878948939E-07  2.9681080682318E-08 -1.0716099586500E-06  8.1022974936158E-23  2.4914120233960E-24 -6.9078517859989E-07  1.8465439098428E-07
 8.0000000000000E+01  0.0000000000000E+00  0.0000000000000E+00  0.0000000000000E+00  0.0000000000000E+00  0.0000000000000E+00  0.0000000000000E+00  0.0000000000000E+00  0.0000000000000E+00
