#  1.0000000000000E+00  0.0000000000000E+00  2.3181424059429E-01 -6.4182155740491E-03  8.0000000000000E-02
 0.0000000000000E+00  1.8139650327547E-16  4.3953768101364E-16  3.2372299046084E-15  2.4558295828064E-15 -2.7957465573795E-33  2.4205597899390E-34 -1.0709502003527E+00 -1.4345702040769E+00
 1.2134956257652E-03 -3.5611801209991E-02 -3.4765714133169E-02 -5.2300665901786E-06  8.7239216251433E-06 -7.5748417009042E-20  4.0456407690384E-20 -1.0709541096691E+00 -1.4345662488236E+00
 4.8598042576750E-03 -1.3951769467313E-01 -1.3938100239065E-01 -7.2242971206669E-05  9.4591627375647E-05 -2.6908389924919E-19  1.8621919816328E-19 -1.0709784967481E+00 -1.4345372137358E+00
 1.0956449776219E-02 -3.0310451981791E-01 -3.1456425067492E-01 -3.6956920376091E-04  4.7323572356062E-04 -6.2196512713857E-19  4.0733055892709E-19 -1.0710144184535E+00 -1.4344919725017E+00
 1.9532835037547E-02 -5.1260806320863E-01 -5.6076845922580E-01 -1.1783802393893E-03  1.4502652419446E-03 -1.0779983965484E-18  7.5363074041056E-19 -1.0710707397022E+00 -1.4344330918292E+00
 3.0630539981632E-02 -7.5002525230792E-01 -8.7720811149234E-01 -2.9132630405208E-03  3.4298922195251E-03 -1.7123432146523E-18  1.1661843122846E-18 -1.0711407322320E+00 -1.4343669363940E+00
 4.4303746127476E-02 -9.9440927588799E-01 -1.2607658134233E+00 -6.1170730587786E-03  6.8244731778968E-03 -2.4091204742833E-18  1.7595104991261E-18 -1.0712339302989E+00 -1.4342993242902E+00
 6.0619794820640E-02 -1.2235335663728E+00 -1.7050159593793E+00 -1.1472304949721E-02  1.2044374106591E-02 -3.2949149747879E-18  2.4290260393169E-18 -1.0713441384907E+00 -1.4342400462571E+00
 7.9659889028125E-02 -1.4158245590043E+00 -2.1996008172184E+00 -1.9777850547058E-02  1.9397435506637E-02 -4.1461375980271E-18  3.4008362723299E-18 -1.0714811552253E+00 -1.4341984764851E+00
 1.0151995116565E-01 -1.5524259011702E+00 -2.7301798839131E+00 -3.1935328203404E-02  2.9080240971350E-02 -5.1449400084224E-18  4.5104323379015E-18 -1.0716385681032E+00 -1.4341879666497E+00
 1.2631165246940E-01 -1.6191408253407E+00 -3.2790607018275E+00 -4.8898287578286E-02  4.1092697933699E-02 -5.8875584057913E-18  6.1419055253088E-18 -1.0718252337443E+00 -1.4342212221420E+00
 1.5416363287784E-01 -1.6080169712219E+00 -3.8265346970849E+00 -7.1633938889719E-02  5.5258750307399E-02 -6.5840086413944E-18  8.0393623939084E-18 -1.0720327509070E+00 -1.4343143133220E+00
 1.8522293437556E-01 -1.5182868645636E+00 -4.3527324764929E+00 -1.0105740849219E-01  7.1182953402473E-02 -6.5299545289579E-18  1.0755136647876E-17 -1.0722666188951E+00 -1.4344814833579E+00
 2.1965667539691E-01 -1.3565252291555E+00 -4.8397353077944E+00 -1.3799339988108E-01  8.8321578229643E-02 -5.8824688716004E-18  1.3826750048295E-17 -1.0725133330851E+00 -1.4347383629807E+00
 2.5765399934730E-01 -1.1359485419952E+00 -5.2734810116110E+00 -1.8312819605344E-01  1.0599124417306E-01 -3.4643962606029E-18  1.7839877372922E-17 -1.0727712088884E+00 -1.4350957074116E+00
 2.9942833676086E-01 -8.7501210706842E-01 -5.6450721162865E+00 -2.3700516101790E-01  1.2348663744203E-01  7.0001201405060E-19  2.1757603172298E-17 -1.0730171000074E+00 -1.4355612184697E+00
 3.4522002830748E-01 -5.9552830217494E-01 -5.9510312633067E+00 -3.0001952127474E-01  1.4012330609968E-01  8.3038602302986E-18  2.5698113411950E-17 -1.0732368971431E+00 -1.4361314953251E+00
 3.9529936507288E-01 -3.2062473122436E-01 -6.1923469915942E+00 -3.7245338792933E-01  1.5537320312295E-01  1.9111200538555E-17  2.7210873337527E-17 -1.0733918266699E+00 -1.4367916084676E+00
 4.4997011361895E-01 -7.2731733526322E-02 -6.3722499759193E+00 -4.5449028928821E-01  1.6890689340020E-01  3.4449498399332E-17  2.5051802517460E-17 -1.0734484954454E+00 -1.4375042180087E+00
 5.0957360672842E-01  1.2839204417712E-01 -6.4931577679340E+00 -5.4623444804798E-01  1.8070966122045E-01  5.1881729204542E-17  1.4606386520348E-17 -1.0733444626378E+00 -1.4382056490252E+00
 5.7449349700374E-01  2.6780257447691E-01 -6.5534387693834E+00 -6.4766252987888E-01  1.9108144545053E-01  6.9223074348157E-17 -6.1958970436381E-18 -1.0730172920029E+00 -1.4387907267989E+00
 6.4516129032258E-01  3.3790827261542E-01 -6.5452455051519E+00 -7.5853709681165E-01  2.0067828175621E-01  7.7861513016361E-17 -4.1001902517922E-17 -1.0723685402208E+00 -1.4391038720578E+00
 7.2206280043514E-01  3.4113940599521E-01 -6.4546761601031E+00 -8.7823469402628E-01  2.1039155447969E-01  6.9757240382415E-17 -8.5128221343106E-17 -1.0712906765302E+00 -1.4389184908378E+00
 8.0574569584327E-01  2.9159479358499E-01 -6.2653767036714E+00 -1.0055739751493E+00  2.2122017131568E-01  3.3825465865212E-17 -1.2973811927303E-16 -1.0696282153086E+00 -1.4379229912042E+00
 8.9682834696002E-01  2.1347751703834E-01 -5.9649910652916E+00 -1.1386658664242E+00  2.3396741352291E-01 -2.8341982874357E-17 -1.5304217421937E-16 -1.0672016367514E+00 -1.4356967795717E+00
 9.9601022724332E-01  1.3461352481404E-01 -5.5516855628415E+00 -1.2749145889475E+00  2.4901241606506E-01 -1.0313317741867E-16 -1.3739527778345E-16 -1.0637661221885E+00 -1.4316968826255E+00
 1.1040841788897E+00  7.6119895821571E-02 -5.0358886931336E+00 -1.4111324209199E+00  2.6611500731048E-01 -1.5491904260646E-16 -7.4797756514658E-17 -1.0590356025204E+00 -1.4252413851958E+00
 1.2219509248095E+00  4.4036192167302E-02 -4.4346144270470E+00 -1.5437147579907E+00  2.8455200983233E-01 -1.5484218096008E-16  7.4405356366721E-18 -1.0526460138917E+00 -1.4155140334203E+00
 1.3506362979409E+00  2.9885542378902E-02 -3.7620542263684E+00 -1.6686404110580E+00  3.0337699564270E-01 -9.7238578155288E-17  6.8731279301134E-17 -1.0441904529144E+00 -1.4015800036388E+00
 1.4913117716510E+00  2.0952824665942E-02 -3.0263534552148E+00 -1.7812967176704E+00  3.2175499521234E-01 -2.3242835298912E-17  7.6960526960381E-17 -1.0332007643501E+00 -1.3824410387121E+00
 1.6453190177622E+00  1.0815053877906E-02 -2.2378661241179E+00 -1.8763084465056E+00  3.3896383287932E-01  2.5611258748637E-17  5.4248188431071E-17 -1.0192082563219E+00 -1.3571208995757E+00
 1.8141994004940E+00  8.3159778719830E-04 -1.4219625615557E+00 -1.9478124339702E+00  3.5427981642901E-01  3.2820967296522E-17  3.8480940417438E-17 -1.0017555133290E+00 -1.3248019244948E+00
 1.9997295470214E+00 -5.3959745665723E-03 -6.2385192374567E-01 -1.9902756606772E+00  3.6683012178110E-01  2.0931120505572E-17  4.9779956139965E-17 -9.8048610737595E-01 -1.2849795650146E+00
 2.2039644338840E+00 -5.7907672408749E-03  9.7658012307064E-02 -1.9997174800542E+00  3.7573397059197E-01 -9.1479489240636E-18  5.4205127500374E-17 -9.5517019994928E-01 -1.2376125080440E+00
 2.4292898137085E+00 -8.0115681716662E-05  6.8384104203336E-01 -1.9749085502563E+00  3.8025923568346E-01 -4.4200974651174E-17  2.5580218882488E-17 -9.2577430793466E-01 -1.1831875060926E+00
 2.6784863059733E+00  1.0432002017519E-02  1.0936936906916E+00 -1.9181335544612E+00  3.8005673783220E-01 -5.2345051961452E-17 -4.2432739254074E-17 -8.9242006518548E-01 -1.1226595722745E+00
 2.9548081253617E+00  2.3054714231118E-02  1.3199508683587E+00 -1.8349128447760E+00  3.7521539980475E-01 -2.7606246151450E-17 -7.5355254298893E-17 -8.5535326744516E-01 -1.0572437219026E+00
 3.2620802702989E+00  3.4778641352820E-02  1.3924795225271E+00 -1.7325252216638E+00  3.6624602342311E-01 -4.5254826283735E-20 -3.2382726334710E-17 -8.1481362567684E-01 -9.8815232846803E-01
 3.6048191074170E+00  4.3688070314783E-02  1.3634376282957E+00 -1.6178648185703E+00  3.5379549116096E-01  3.0012324157163E-17 -1.8447552516767E-17 -7.7098626248599E-01 -9.1638983604666E-01
 3.9883827509977E+00  4.9476011360110E-02  1.2828051077312E+00 -1.4958834847443E+00  3.3840335734924E-01 -8.1276168506240E-17 -6.6543439295304E-17 -7.2394753362983E-01 -8.4271247887532E-01
 4.4191595630774E+00  5.2742109203703E-02  1.1820863287292E+00 -1.3693766903500E+00  3.2030644517030E-01 -1.2680230456477E-16  6.2796615330589E-17 -6.7374227906255E-01 -7.6771756298121E-01
 4.9048056364975E+00  5.3991318607468E-02  1.0745391310667E+00 -1.2398399040902E+00  2.9954665527624E-01 -2.4016039811123E-17  1.1523230783937E-16 -6.2042514687547E-01 -6.9197949387769E-01
 5.4545454545455E+00  5.3359297010244E-02  9.6411347987123E-01 -1.1083813205143E+00  2.7608668197444E-01 -7.1690819540187E-17 -6.2120315552572E-17 -5.6416448694184E-01 -6.1613515866292E-01
 6.0795542687962E+00  5.0807942900992E-02  8.5220698975462E-01 -9.7622289389412E-01  2.4999106760385E-01 -5.5181587304318E-17 -3.3235934510978E-17 -5.0526656331656E-01 -5.4092192021370E-01
 6.7934463423832E+00  4.6361399778019E-02  7.4006107081489E-01 -8.4483781887925E-01  2.2146137424923E-01  5.9752230430912E-17 -1.1072135826093E-17 -4.4426343101975E-01 -4.6717613759377E-01
 7.6129002726496E+00  4.0166286469384E-02  6.2916930868785E-01 -7.1599630667180E-01  1.9094433617331E-01  7.0608324599068E-17  1.7372977679291E-17 -3.8193399888801E-01 -3.9582448707735E-01
 8.5584611558500E+00  3.2564554669770E-02  5.2134534750820E-01 -5.9174759358278E-01  1.5913740573719E-01 -6.5701667103515E-17  8.4256561090628E-17 -3.1938881712385E-01 -3.2785741717914E-01
 9.6555688906727E+00  2.4086265292437E-02  4.1868805258090E-01 -4.7439569120869E-01  1.2706987063150E-01 -6.6087772318317E-17 -6.0607464078304E-17 -2.5806665109741E-01 -2.6430043825032E-01
 1.0935870685435E+01  1.5471721689719E-02  3.2353738899551E-01 -3.6639974350769E-01  9.6044448224275E-02 -4.1029791038060E-18  4.7597100948119E-17 -1.9975503246258E-01 -2.0616961871663E-01
 1.2438879256439E+01  7.5727808899830E-03  2.3831414141269E-01 -2.7023379139855E-01  6.7597082516926E-02  1.0527753317586E-17  2.4194720508897E-17 -1.4646136005196E-01 -1.5442700262921E-01
 1.4214025594877E+01  1.2458590455184E-03  1.6529667025015E-01 -1.8813177828177E-01  4.3251891680663E-02  2.7367140797579E-17 -5.0051476206070E-17 -1.0023603695448E-01 -1.0991900943950E-01
 1.6323103064291E+01 -2.8925373617476E-03  1.0624325985876E-01 -1.2176338574173E-01  2.4258151302921E-02  2.5257659783352E-17  7.5998028704290E-17 -6.2788882269765E-02 -7.3301966114798E-02
 1.8842958547214E+01 -4.6571907893499E-03  6.1968975591757E-02 -7.1810337032013E-02  1.1173055962687E-02 -1.7189061118618E-17 -2.5410275083721E-17 -3.5078083520842E-02 -4.4921384119301E-02
 2.1867956415951E+01 -4.4553278920350E-03  3.1917589822932E-02 -3.7593786644884E-02  3.6336505760901E-03  4.4149016580997E-19  1.0200408124062E-17 -1.6871740069183E-02 -2.4649222849338E-02
 2.5511030361867E+01 -3.1419551871800E-03  1.4024201959206E-02 -1.6893322630850E-02  3.3427447092435E-04 -2.3647423800358E-18 -4.9210870698474E-18 -6.6637861140269E-03 -1.1704987178485E-02
 2.9900709274659E+01 -1.6798066246323E-03  5.0385811245364E-03 -6.2552524325658E-03 -4.7696403584128E-04 -6.0338224748153E-19  2.2334849351438E-18 -2.0196325946081E-03 -4.6107236631101E-03
 3.5168864215715E+01 -6.6403115158274E-04  1.4142812137266E-03 -1.8228608761041E-03 -3.5284572699043E-04 -8.0017800662764E-18  4.6305843762286E-18 -4.2700583516808E-04 -1.4350955464699E-03
 4.1419695291531E+01 -1.9002912978460E-04  2.9776332388102E-04 -4.0244261578740E-04 -1.2935660300250E-04  2.2852231365141E-18 -1.9284196039109E-19 -5.1054941439948E-05 -3.3780119571227E-04
 4.8665626607709E+01 -3.7083697634191E-05  4.7610433664174E-05 -6.6577711685564E-05 -3.1373513090077E-05  4.5944514494061E-18  3.1229860654439E-18 -2.2821474113424E-06 -5.8772545163323E-05
 5.6716111653915E+01 -6.3331666005638E-06  5.9541281608431E-06 -9.1319341818008E-06 -3.8910911286171E-06 -1.7194351369223E-18  1.7151154531152E-18  1.0512585075753E-06 -8.2796822573219E-06
 6.5027225430406E+01 -8.4803994649380E-08  1.0657683364359E-06 -1.0953406615366E-06 -1.4708411289160E-06  2.5188038305797E-18 -2.0063993916505E-18 -5.0738177487647E-07 -8.8700857905973E-07
 7.2587189964099E+01 -5.3663314532981E-07 -1.5624469084802E-08 -2.7754767511327E-07  4.5961054547237E-07  2.5970444144210E-19  1.9830759418195E-18  3.7115260568675E-07 -2.6600740069079E-07
 7.8010805313165E+01  7.7949022358579E-07  3.1378878952823E-07  2.9681080699532E-08 -1.0716099587414E-06  2.8723153462864E-18  5.2077808562090E-18 -6.9078517863728E-07  1.8465439096719E-07
 8.0000000000000E+01  0.0000000000000E+00  0.0000000000000E+00  0.0000000000000E+00  0.0000000000000E+00  0.0000000000000E+00  0.0000000000000E+00  0.0000000000000E+00  0.0000000000000E+00
