#  1.0000000000000E+00  0.0000000000000E+00  2.3181424059429E-01 -6.4182155740491E-03  8.0000000000000E-02
 0.0000000000000E+00 -1.0255879223652E-15  1.6534988952418E-15  2.2325723480058E-16  2.6790868176070E-15 -7.1284185708347E-38  2.1422190523752E-37 -1.0709502003527E+00 -1.4345702040769E+00
 1.2134956257652E-03 -3.5611801209992E-02 -3.4765714133168E-02 -5.2300665924056E-06  8.7239216257368E-06 -1.9843106554779E-24 -4.5709896773788E-24 -1.0709541096691E+00 -1.4345662488236E+00
 4.8598042576750E-03 -1.3951769467313E-01 -1.3938100239065E-01 -7.2242971209259E-05  9.4591627375799E-05 -1.9183359219720E-23 -1.4903794746973E-23 -1.0709784967481E+00 -1.4345372137358E+00
 1.0956449776219E-02 -3.0310451981791E-01 -3.1456425067492E-01 -3.6956920376286E-04  4.7323572356094E-04 -3.6555462390881E-23 -3.5314139419661E-23 -1.0710144184535E+00 -1.4344919725017E+00
 1.9532835037547E-02 -5.1260806320863E-01 -5.6076845922580E-01 -1.1783802393917E-03  1.4502652419444E-03 -7.7393901469473E-23 -5.9570351265724E-23 -1.0710707397022E+00 -1.4344330918292E+00
 3.0630539981632E-02 -7.5002525230792E-01 -8.7720811149234E-01 -2.9132630405226E-03  3.4298922195255E-03 -1.0737838084855E-22 -9.6186471529689E-23 -1.0711407322320E+00 -1.4343669363940E+00
 4.4303746127476E-02 -9.9440927588799E-01 -1.2607658134233E+00 -6.1170730587805E-03  6.8244731778972E-03 -1.7835587437501E-22 -1.3170122521951E-22 -1.0712339302989E+00 -1.4342993242902E+00
 6.0619794820640E-02 -1.2235335663728E+00 -1.7050159593793E+00 -1.1472304949722E-02  1.2044374106592E-02 -2.2127168676863E-22 -1.8147427457232E-22 -1.0713441384907E+00 -1.4342400462571E+00
 7.9659889028125E-02 -1.4158245590043E+00 -2.1996008172184E+00 -1.9777850547060E-02  1.9397435506638E-02 -3.3390710165188E-22 -2.1956974283780E-22 -1.0714811552253E+00 -1.4341984764851E+00
 1.0151995116565E-01 -1.5524259011702E+00 -2.7301798839131E+00 -3.1935328203405E-02  2.9080240971350E-02 -3.9641843481840E-22 -2.6981025699469E-22 -1.0716385681032E+00 -1.4341879666497E+00
 1.2631165246940E-01 -1.6191408253407E+00 -3.2790607018275E+00 -4.8898287578288E-02  4.1092697933700E-02 -5.7042624342730E-22 -2.8694461743685E-22 -1.0718252337443E+00 -1.4342212221421E+00
 1.5416363287784E-01 -1.6080169712219E+00 -3.8265346970849E+00 -7.1633938889720E-02  5.5258750307400E-02 -6.6690027942119E-22 -3.0283366543674E-22 -1.0720327509070E+00 -1.4343143133220E+00
 1.8522293437556E-01 -1.5182868645636E+00 -4.3527324764929E+00 -1.0105740849220E-01  7.1182953402473E-02 -9.2753125467600E-22 -2.4317552948094E-22 -1.0722666188951E+00 -1.4344814833579E+00
 2.1965667539691E-01 -1.3565252291555E+00 -4.8397353077944E+00 -1.3799339988108E-01  8.8321578229644E-02 -1.0684702552087E-21 -1.4419303162749E-22 -1.0725133330851E+00 -1.4347383629807E+00
 2.5765399934730E-01 -1.1359485419952E+00 -5.2734810116110E+00 -1.8312819605344E-01  1.0599124417306E-01 -1.4190881143639E-21  1.1025385565002E-22 -1.0727712088884E+00 -1.4350957074116E+00
 2.9942833676086E-01 -8.7501210706841E-01 -5.6450721162865E+00 -2.3700516101790E-01  1.2348663744203E-01 -1.5560483719222E-21  4.8349604105428E-22 -1.0730171000074E+00 -1.4355612184697E+00
 3.4522002830748E-01 -5.9552830217493E-01 -5.9510312633067E+00 -3.0001952127474E-01  1.4012330609968E-01 -1.8801201509591E-21  1.1388744704695E-21 -1.0732368971431E+00 -1.4361314953251E+00
 3.9529936507288E-01 -3.2062473122435E-01 -6.1923469915942E+00 -3.7245338792933E-01  1.5537320312295E-01 -1.7458081316217E-21  2.0183738862902E-21 -1.0733918266699E+00 -1.4367916084676E+00
 4.4997011361895E-01 -7.2731733526311E-02 -6.3722499759193E+00 -4.5449028928821E-01  1.6890689340020E-01 -1.5725393530784E-21  3.2800626776400E-21 -1.0734484954454E+00 -1.4375042180087E+00
 5.0957360672842E-01  1.2839204417714E-01 -6.4931577679340E+00 -5.4623444804798E-01  1.8070966122045E-01 -3.8395479241832E-22  4.7120097501012E-21 -1.0733444626378E+00 -1.4382056490252E+00
 5.7449349700374E-01  2.6780257447693E-01 -6.5534387693835E+00 -6.4766252987888E-01  1.9108144545053E-01  1.3895954591645E-21  6.2316379517910E-21 -1.0730172920029E+00 -1.4387907267989E+00
 6.4516129032258E-01  3.3790827261543E-01 -6.5452455051519E+00 -7.5853709681165E-01  2.0067828175621E-01  4.9732492786780E-21  7.1006231980343E-21 -1.0723685402208E+00 -1.4391038720578E+00
 7.2206280043514E-01  3.4113940599523E-01 -6.4546761601031E+00 -8.7823469402629E-01  2.1039155447970E-01  9.4574786050657E-21  6.5660683862934E-21 -1.0712906765302E+00 -1.4389184908378E+00
 8.0574569584327E-01  2.9159479358501E-01 -6.2653767036714E+00 -1.0055739751493E+00  2.2122017131568E-01  1.5407421123928E-20  3.1193054094834E-21 -1.0696282153086E+00 -1.4379229912042E+00
 8.9682834696002E-01  2.1347751703836E-01 -5.9649910652917E+00 -1.1386658664242E+00  2.3396741352291E-01  1.9940981195502E-20 -4.1481160146108E-21 -1.0672016367514E+00 -1.4356967795717E+00
 9.9601022724332E-01  1.3461352481405E-01 -5.5516855628415E+00 -1.2749145889475E+00  2.4901241606506E-01  2.1653659350975E-20 -1.5500098730491E-20 -1.0637661221885E+00 -1.4316968826255E+00
 1.1040841788897E+00  7.6119895821587E-02 -5.0358886931337E+00 -1.4111324209199E+00  2.6611500731048E-01  1.6066363042617E-20 -2.8201459307128E-20 -1.0590356025204E+00 -1.4252413851958E+00
 1.2219509248095E+00  4.4036192167314E-02 -4.4346144270471E+00 -1.5437147579907E+00  2.8455200983233E-01  4.3841583878008E-21 -3.7426907648690E-20 -1.0526460138917E+00 -1.4155140334203E+00
 1.3506362979409E+00  2.9885542378910E-02 -3.7620542263684E+00 -1.6686404110580E+00  3.0337699564270E-01 -1.0525778296302E-20 -3.7750456815300E-20 -1.0441904529144E+00 -1.4015800036388E+00
 1.4913117716510E+00  2.0952824665946E-02 -3.0263534552148E+00 -1.7812967176704E+00  3.2175499521234E-01 -1.7471878661642E-20 -3.0285992614786E-20 -1.0332007643501E+00 -1.3824410387121E+00
 1.6453190177622E+00  1.0815053877904E-02 -2.2378661241179E+00 -1.8763084465056E+00  3.3896383287932E-01 -1.3234353172418E-20 -2.4061806954796E-20 -1.0192082563219E+00 -1.3571208995757E+00
 1.8141994004940E+00  8.3159778719610E-04 -1.4219625615557E+00 -1.9478124339702E+00  3.5427981642901E-01 -1.8366521408498E-21 -2.9220699591683E-20 -1.0017555133290E+00 -1.3248019244948E+00
 1.9997295470214E+00 -5.3959745665748E-03 -6.2385192374568E-01 -1.9902756606772E+00  3.6683012178110E-01  1.3038351202502E-21 -4.0493101386085E-20 -9.8048610737595E-01 -1.2849795650146E+00
 2.2039644338840E+00 -5.7907672408858E-03  9.7658012307073E-02 -1.9997174800542E+00  3.7573397059197E-01 -6.4563377744254E-22 -4.1872995176308E-20 -9.5517019994928E-01 -1.2376125080440E+00
 2.4292898137085E+00 -8.0115681723472E-05  6.8384104203338E-01 -1.9749085502563E+00  3.8025923568346E-01  1.9435044374357E-21 -2.7712543409879E-20 -9.2577430793466E-01 -1.1831875060926E+00
 2.6784863059733E+00  1.0432002017511E-02  1.0936936906916E+00 -1.9181335544612E+00  3.8005673783220E-01  1.4862706965075E-20 -1.1600623934526E-20 -8.9242006518548E-01 -1.1226595722745E+00
 2.9548081253617E+00  2.3054714231139E-02  1.3199508683587E+00 -1.8349128447760E+00  3.7521539980475E-01  2.1263616919162E-20 -3.3018262833725E-21 -8.5535326744516E-01 -1.0572437219026E+00
 3.2620802702989E+00  3.4778641352815E-02  1.3924795225271E+00 -1.7325252216638E+00  3.6624602342311E-01  2.0387796659322E-20 -4.4636002492813E-21 -8.1481362567684E-01 -9.8815232846803E-01
 3.6048191074170E+00  4.3688070314778E-02  1.3634376282957E+00 -1.6178648185703E+00  3.5379549116096E-01  1.4243350678728E-20 -1.1944569313596E-20 -7.7098626248599E-01 -9.1638983604666E-01
 3.9883827509977E+00  4.9476011360107E-02  1.2828051077312E+00 -1.4958834847443E+00  3.3840335734924E-01  1.0871691163985E-20 -2.8296606382125E-20 -7.2394753362983E-01 -8.4271247887533E-01
 4.4191595630774E+00  5.2742109203703E-02  1.1820863287292E+00 -1.3693766903500E+00  3.2030644517030E-01 -1.2567288612284E-20 -5.6001154317469E-20 -6.7374227906255E-01 -7.6771756298121E-01
 4.9048056364975E+00  5.3991318607468E-02  1.0745391310667E+00 -1.2398399040902E+00  2.9954665527624E-01 -2.9699701850794E-20 -5.9694791732356E-20 -6.2042514687547E-01 -6.9197949387770E-01
 5.4545454545455E+00  5.3359297010242E-02  9.6411347987123E-01 -1.1083813205143E+00  2.7608668197443E-01  8.4080527574092E-21 -2.6864841829461E-20 -5.6416448694184E-01 -6.1613515866292E-01
 6.0795542687962E+00  5.0807942900994E-02  8.5220698975462E-01 -9.7622289389412E-01  2.4999106760385E-01  3.1384700409691E-20 -1.8046056334115E-20 -5.0526656331656E-01 -5.4092192021371E-01
 6.7934463423832E+00  4.6361399778021E-02  7.4006107081489E-01 -8.4483781887925E-01  2.2146137424923E-01 -9.9667769784613E-22  2.8198772241222E-20 -4.4426343101975E-01 -4.6717613759377E-01
 7.6129002726496E+00  4.0166286469383E-02  6.2916930868784E-01 -7.1599630667180E-01  1.9094433617331E-01 -2.4645092091710E-20  3.2940070017509E-20 -3.8193399888802E-01 -3.9582448707736E-01
 8.5584611558500E+00  3.2564554669769E-02  5.2134534750820E-01 -5.9174759358278E-01  1.5913740573719E-01 -3.1075716889765E-20 -4.1807917371318E-20 -3.1938881712386E-01 -3.2785741717914E-01
 9.6555688906727E+00  2.4086265292436E-02  4.1868805258091E-01 -4.7439569120869E-01  1.2706987063150E-01  2.8406931992906E-20 -3.0960246175752E-20 -2.5806665109741E-01 -2.6430043825032E-01
 1.0935870685435E+01  1.5471721689720E-02  3.2353738899551E-01 -3.6639974350769E-01  9.6044448224275E-02 -2.5826321727795E-20 -8.5342062379666E-21 -1.9975503246259E-01 -2.0616961871663E-01
 1.2438879256439E+01  7.5727808899825E-03  2.3831414141269E-01 -2.7023379139855E-01  6.7597082516925E-02 -1.3904269483770E-20  4.3778913072709E-21 -1.4646136005196E-01 -1.5442700262921E-01
 1.4214025594877E+01  1.2458590455177E-03  1.6529667025015E-01 -1.8813177828177E-01  4.3251891680662E-02  2.5885135173337E-20  2.2344486121463E-20 -1.0023603695448E-01 -1.0991900943950E-01
 1.6323103064291E+01 -2.8925373617481E-03  1.0624325985876E-01 -1.2176338574173E-01  2.4258151302920E-02 -4.5205478709166E-20  9.8896731716748E-21 -6.2788882269765E-02 -7.3301966114799E-02
 1.8842958547214E+01 -4.6571907893502E-03  6.1968975591757E-02 -7.1810337032014E-02  1.1173055962686E-02  1.4923157418539E-20 -7.6712277241423E-21 -3.5078083520842E-02 -4.4921384119301E-02
 2.1867956415951E+01 -4.4553278920352E-03  3.1917589822932E-02 -3.7593786644883E-02  3.6336505760898E-03 -5.7723495158652E-21 -1.0781800494963E-21 -1.6871740069183E-02 -2.4649222849338E-02
 2.5511030361867E+01 -3.1419551871800E-03  1.4024201959206E-02 -1.6893322630850E-02  3.3427447092424E-04  2.8558568733439E-21 -8.5529989237403E-22 -6.6637861140266E-03 -1.1704987178485E-02
 2.9900709274659E+01 -1.6798066246324E-03  5.0385811245361E-03 -6.2552524325656E-03 -4.7696403584145E-04 -1.2561727131994E-21 -7.4060634007492E-22 -2.0196325946081E-03 -4.6107236631101E-03
 3.5168864215715E+01 -6.6403115158260E-04  1.4142812137267E-03 -1.8228608761042E-03 -3.5284572699041E-04 -2.7380790456376E-21 -5.0330754094474E-21 -4.2700583516801E-04 -1.4350955464698E-03
 4.1419695291531E+01 -1.9002912978451E-04  2.9776332388111E-04 -4.0244261578737E-04 -1.2935660300261E-04  8.7834404802258E-23  1.3417019270502E-21 -5.1054941439966E-05 -3.3780119571220E-04
 4.8665626607709E+01 -3.7083697634199E-05  4.7610433664162E-05 -6.6577711685657E-05 -3.1373513090113E-05 -2.1697880617156E-21  2.8818795590376E-21 -2.2821474113276E-06 -5.8772545163287E-05
 5.6716111653915E+01 -6.3331666006596E-06  5.9541281608175E-06 -9.1319341817579E-06 -3.8910911286559E-06 -9.9035553505355E-22 -1.1893959833455E-21  1.0512585075404E-06 -8.2796822573093E-06
 6.5027225430406E+01 -8.4803994651526E-08  1.0657683364212E-06 -1.0953406616146E-06 -1.4708411288250E-06  1.1545249570189E-21  1.6988664751792E-21 -5.0738177485316E-07 -8.8700857904619E-07
 7.2587189964099E+01 -5.3663314538620E-07 -1.5624469055550E-08 -2.7754767509241E-07  4.5961054548499E-07 -1.2392505797045E-21  8.4324498344353E-23  3.7115260565683E-07 -2.6600740071510E-07
 7.8010805313165E+01  7.7949022372728E-07  3.1378878948862E-07  2.9681080628129E-08 -1.0716099586531E-06 -3.3848310626996E-21  1.6026253823848E-21 -6.9078517859591E-07  1.8465439099942E-07
 8.0000000000000E+01  0.0000000000000E+00  0.0000000000000E+00  0.0000000000000E+00  0.0000000000000E+00  0.0000000000000E+00  0.0000000000000E+00  0.0000000000000E+00  0.0000000000000E+00
