#  1.0000000000000E+00  0.0000000000000E+00  2.3181424059429E-01 -6.4182155740486E-03  8.0000000000000E-02
 0.0000000000000E+00  7.7442353321452E-16  2.7907154350073E-17  1.2279147914032E-15 -3.7953729916099E-15  5.2978369883632E-39 -1.3804385703883E-38 -1.0709502003527E+00 -1.4345702040769E+00
 1.2134956257652E-03 -3.5611801209991E-02 -3.4765714133169E-02 -5.2300665918848E-06  8.7239216190561E-06 -5.7378138126502E-26 -2.4458870536822E-25 -1.0709541096692E+00 -1.4345662488236E+00
 4.8598042576750E-03 -1.3951769467314E-01 -1.3938100239065E-01 -7.2242971208344E-05  9.4591627369553E-05 -1.6956766133522E-25 -5.0654217438067E-25 -1.0709784967481E+00 -1.4345372137358E+00
 1.0956449776219E-02 -3.0310451981791E-01 -3.1456425067492E-01 -3.6956920376231E-04  4.7323572355445E-04 -3.9607638914148E-25 -1.4219958483183E-24 -1.0710144184535E+00 -1.4344919725017E+00
 1.9532835037547E-02 -5.1260806320864E-01 -5.6076845922580E-01 -1.1783802393908E-03  1.4502652419384E-03 -6.9259722760676E-25 -2.0326085750585E-24 -1.0710707397022E+00 -1.4344330918293E+00
 3.0630539981632E-02 -7.5002525230793E-01 -8.7720811149234E-01 -2.9132630405219E-03  3.4298922195188E-03 -1.1175968421719E-24 -3.7877209858903E-24 -1.0711407322320E+00 -1.4343669363940E+00
 4.4303746127476E-02 -9.9440927588801E-01 -1.2607658134233E+00 -6.1170730587797E-03  6.8244731778911E-03 -1.6761882372175E-24 -4.5766945491211E-24 -1.0712339302989E+00 -1.4342993242902E+00
 6.0619794820640E-02 -1.2235335663728E+00 -1.7050159593793E+00 -1.1472304949722E-02  1.2044374106586E-02 -2.4401131413744E-24 -7.3185875811066E-24 -1.0713441384907E+00 -1.4342400462571E+00
 7.9659889028125E-02 -1.4158245590044E+00 -2.1996008172184E+00 -1.9777850547059E-02  1.9397435506632E-02 -3.5187612977429E-24 -8.0508369977309E-24 -1.0714811552253E+00 -1.4341984764851E+00
 1.0151995116565E-01 -1.5524259011702E+00 -2.7301798839131E+00 -3.1935328203405E-02  2.9080240971344E-02 -5.0244154693400E-24 -1.1826368153258E-23 -1.0716385681032E+00 -1.4341879666498E+00
 1.2631165246940E-01 -1.6191408253408E+00 -3.2790607018276E+00 -4.8898287578287E-02  4.1092697933695E-02 -7.2452843663353E-24 -1.2060106958683E-23 -1.0718252337443E+00 -1.4342212221421E+00
 1.5416363287784E-01 -1.6080169712219E+00 -3.8265346970849E+00 -7.1633938889719E-02  5.5258750307395E-02 -1.0358309056278E-23 -1.6584577367514E-23 -1.0720327509070E+00 -1.4343143133220E+00
 1.8522293437556E-01 -1.5182868645637E+00 -4.3527324764929E+00 -1.0105740849219E-01  7.1182953402470E-02 -1.4894692173741E-23 -1.5273362852855E-23 -1.0722666188951E+00 -1.4344814833579E+00
 2.1965667539691E-01 -1.3565252291555E+00 -4.8397353077944E+00 -1.3799339988108E-01  8.8321578229641E-02 -2.1040575192910E-23 -1.9292263278949E-23 -1.0725133330851E+00 -1.4347383629807E+00
 2.5765399934730E-01 -1.1359485419952E+00 -5.2734810116111E+00 -1.8312819605344E-01  1.0599124417305E-01 -2.9482664261247E-23 -1.3777294433863E-23 -1.0727712088884E+00 -1.4350957074116E+00
 2.9942833676086E-01 -8.7501210706847E-01 -5.6450721162866E+00 -2.3700516101790E-01  1.2348663744203E-01 -4.0003330934059E-23 -1.3596274606078E-23 -1.0730171000074E+00 -1.4355612184697E+00
 3.4522002830748E-01 -5.9552830217499E-01 -5.9510312633067E+00 -3.0001952127474E-01  1.4012330609968E-01 -5.2735126474959E-23  2.3822454194827E-24 -1.0732368971431E+00 -1.4361314953251E+00
 3.9529936507288E-01 -3.2062473122441E-01 -6.1923469915943E+00 -3.7245338792933E-01  1.5537320312295E-01 -6.5515128539971E-23  1.5180643244692E-23 -1.0733918266699E+00 -1.4367916084676E+00
 4.4997011361895E-01 -7.2731733526373E-02 -6.3722499759193E+00 -4.5449028928821E-01  1.6890689340020E-01 -7.5512602496746E-23  5.3312991172537E-23 -1.0734484954454E+00 -1.4375042180087E+00
 5.0957360672842E-01  1.2839204417708E-01 -6.4931577679341E+00 -5.4623444804798E-01  1.8070966122045E-01 -7.4712860066279E-23  9.1319656663684E-23 -1.0733444626378E+00 -1.4382056490252E+00
 5.7449349700374E-01  2.6780257447687E-01 -6.5534387693835E+00 -6.4766252987888E-01  1.9108144545053E-01 -5.2567952530058E-23  1.6201773486366E-22 -1.0730172920029E+00 -1.4387907267989E+00
 6.4516129032258E-01  3.3790827261538E-01 -6.5452455051520E+00 -7.5853709681165E-01  2.0067828175621E-01  9.3395108000150E-24  2.2272323211050E-22 -1.0723685402208E+00 -1.4391038720578E+00
 7.2206280043514E-01  3.4113940599518E-01 -6.4546761601032E+00 -8.7823469402629E-01  2.1039155447970E-01  1.2877313283442E-22  2.9493699694373E-22 -1.0712906765302E+00 -1.4389184908378E+00
 8.0574569584327E-01  2.9159479358496E-01 -6.2653767036715E+00 -1.0055739751493E+00  2.2122017131568E-01  3.2136776560050E-22  2.9346836069445E-22 -1.0696282153086E+00 -1.4379229912042E+00
 8.9682834696002E-01  2.1347751703832E-01 -5.9649910652917E+00 -1.1386658664242E+00  2.3396741352292E-01  5.7402962278190E-22  2.0811582092413E-22 -1.0672016367514E+00 -1.4356967795717E+00
 9.9601022724332E-01  1.3461352481401E-01 -5.5516855628416E+00 -1.2749145889475E+00  2.4901241606507E-01  8.3062953209317E-22 -8.6368734776926E-23 -1.0637661221885E+00 -1.4316968826255E+00
 1.1040841788897E+00  7.6119895821547E-02 -5.0358886931337E+00 -1.4111324209199E+00  2.6611500731048E-01  9.6392962272537E-22 -5.6023181138515E-22 -1.0590356025204E+00 -1.4252413851958E+00
 1.2219509248095E+00  4.4036192167277E-02 -4.4346144270471E+00 -1.5437147579907E+00  2.8455200983234E-01  8.1724009999822E-22 -1.2156182668332E-21 -1.0526460138917E+00 -1.4155140334203E+00
 1.3506362979409E+00  2.9885542378874E-02 -3.7620542263684E+00 -1.6686404110580E+00  3.0337699564271E-01  2.8885299850109E-22 -1.7680293016183E-21 -1.0441904529144E+00 -1.4015800036388E+00
 1.4913117716510E+00  2.0952824665916E-02 -3.0263534552149E+00 -1.7812967176704E+00  3.2175499521235E-01 -5.0944546427869E-22 -2.0322084550709E-21 -1.0332007643501E+00 -1.3824410387121E+00
 1.6453190177622E+00  1.0815053877882E-02 -2.2378661241180E+00 -1.8763084465056E+00  3.3896383287933E-01 -1.2489308061510E-21 -1.8007374370273E-21 -1.0192082563219E+00 -1.3571208995757E+00
 1.8141994004940E+00  8.3159778718003E-04 -1.4219625615558E+00 -1.9478124339702E+00  3.5427981642902E-01 -1.5963916889158E-21 -1.3874895264524E-21 -1.0017555133290E+00 -1.3248019244948E+00
 1.9997295470214E+00 -5.3959745665820E-03 -6.2385192374569E-01 -1.9902756606772E+00  3.6683012178111E-01 -1.5486459683574E-21 -1.0249079511380E-21 -9.8048610737596E-01 -1.2849795650146E+00
 2.2039644338840E+00 -5.7907672408816E-03  9.7658012307068E-02 -1.9997174800542E+00  3.7573397059198E-01 -1.3228238762457E-21 -9.1229164935891E-22 -9.5517019994929E-01 -1.2376125080441E+00
 2.4292898137085E+00 -8.0115681715575E-05  6.8384104203339E-01 -1.9749085502563E+00  3.8025923568347E-01 -9.7968272487112E-22 -7.3773897093662E-22 -9.2577430793466E-01 -1.1831875060927E+00
 2.6784863059733E+00  1.0432002017508E-02  1.0936936906916E+00 -1.9181335544612E+00  3.8005673783221E-01 -4.6875740983797E-22 -6.5463310431630E-22 -8.9242006518549E-01 -1.1226595722745E+00
 2.9548081253617E+00  2.3054714231136E-02  1.3199508683587E+00 -1.8349128447760E+00  3.7521539980476E-01 -4.9581616178188E-23 -6.1904613913485E-22 -8.5535326744516E-01 -1.0572437219026E+00
 3.2620802702989E+00  3.4778641352833E-02  1.3924795225271E+00 -1.7325252216638E+00  3.6624602342312E-01 -2.4797386462254E-23 -7.1535625736064E-22 -8.1481362567684E-01 -9.8815232846804E-01
 3.6048191074170E+00  4.3688070314788E-02  1.3634376282957E+00 -1.6178648185703E+00  3.5379549116097E-01 -3.6010939842763E-22 -6.2195985794863E-22 -7.7098626248599E-01 -9.1638983604667E-01
 3.9883827509977E+00  4.9476011360099E-02  1.2828051077312E+00 -1.4958834847444E+00  3.3840335734925E-01 -1.0204540287658E-21 -5.5217407790206E-22 -7.2394753362984E-01 -8.4271247887533E-01
 4.4191595630774E+00  5.2742109203705E-02  1.1820863287292E+00 -1.3693766903500E+00  3.2030644517031E-01 -2.0757845881600E-21 -2.0345513798010E-22 -6.7374227906256E-01 -7.6771756298122E-01
 4.9048056364975E+00  5.3991318607473E-02  1.0745391310667E+00 -1.2398399040902E+00  2.9954665527625E-01 -2.4246017707773E-21  2.3247965868059E-23 -6.2042514687548E-01 -6.9197949387770E-01
 5.4545454545455E+00  5.3359297010245E-02  9.6411347987124E-01 -1.1083813205144E+00  2.7608668197444E-01 -1.0766588274981E-21 -4.6036344186516E-22 -5.6416448694185E-01 -6.1613515866293E-01
 6.0795542687962E+00  5.0807942900992E-02  8.5220698975463E-01 -9.7622289389413E-01  2.4999106760386E-01 -1.0563703357213E-22 -1.1940408987799E-21 -5.0526656331656E-01 -5.4092192021371E-01
 6.7934463423832E+00  4.6361399778024E-02  7.4006107081490E-01 -8.4483781887926E-01  2.2146137424924E-01  9.2409459325453E-22  3.3536497956599E-22 -4.4426343101976E-01 -4.6717613759377E-01
 7.6129002726496E+00  4.0166286469388E-02  6.2916930868786E-01 -7.1599630667181E-01  1.9094433617332E-01  7.4174015200582E-22  1.3312086096548E-21 -3.8193399888802E-01 -3.9582448707736E-01
 8.5584611558500E+00  3.2564554669772E-02  5.2134534750820E-01 -5.9174759358278E-01  1.5913740573720E-01 -1.7496043824360E-21  5.1475194810023E-22 -3.1938881712386E-01 -3.2785741717914E-01
 9.6555688906727E+00  2.4086265292438E-02  4.1868805258091E-01 -4.7439569120869E-01  1.2706987063151E-01 -8.1402893652651E-22 -1.2144843688118E-21 -2.5806665109742E-01 -2.6430043825032E-01
 1.0935870685435E+01  1.5471721689722E-02  3.2353738899552E-01 -3.6639974350769E-01  9.6044448224279E-02 -6.3004436610944E-22  8.1083981175127E-22 -1.9975503246259E-01 -2.0616961871663E-01
 1.2438879256439E+01  7.5727808899851E-03  2.3831414141269E-01 -2.7023379139855E-01  6.7597082516928E-02  4.7257238122835E-24  5.3463798258511E-22 -1.4646136005196E-01 -1.5442700262921E-01
 1.4214025594877E+01  1.2458590455194E-03  1.6529667025015E-01 -1.8813177828177E-01  4.3251891680665E-02  1.1391776058551E-21 -6.4684877256684E-22 -1.0023603695448E-01 -1.0991900943950E-01
 1.6323103064291E+01 -2.8925373617472E-03  1.0624325985876E-01 -1.2176338574173E-01  2.4258151302922E-02 -1.3970476562976E-22  1.7341764283446E-21 -6.2788882269766E-02 -7.3301966114799E-02
 1.8842958547214E+01 -4.6571907893496E-03  6.1968975591758E-02 -7.1810337032014E-02  1.1173055962687E-02 -1.0510614059924E-22 -6.0601279553341E-22 -3.5078083520843E-02 -4.4921384119301E-02
 2.1867956415951E+01 -4.4553278920349E-03  3.1917589822933E-02 -3.7593786644884E-02  3.6336505760905E-03 -1.1265329870979E-22  1.9061939570624E-22 -1.6871740069184E-02 -2.4649222849338E-02
 2.5511030361867E+01 -3.1419551871799E-03  1.4024201959207E-02 -1.6893322630850E-02  3.3427447092462E-04  2.8209238941085E-24 -1.0932538763097E-22 -6.6637861140272E-03 -1.1704987178485E-02
 2.9900709274659E+01 -1.6798066246324E-03  5.0385811245363E-03 -6.2552524325659E-03 -4.7696403584120E-04 -4.4341402033926E-23  3.6138897961180E-23 -2.0196325946083E-03 -4.6107236631102E-03
 3.5168864215715E+01 -6.6403115158258E-04  1.4142812137268E-03 -1.8228608761043E-03 -3.5284572699047E-04 -2.1670363981555E-22  5.1718917602528E-23 -4.2700583516812E-04 -1.4350955464698E-03
 4.1419695291531E+01 -1.9002912978454E-04  2.9776332388108E-04 -4.0244261578750E-04 -1.2935660300259E-04  5.0311955268997E-23  9.8318509651107E-24 -5.1054941439946E-05 -3.3780119571225E-04
 4.8665626607709E+01 -3.7083697634201E-05  4.7610433664173E-05 -6.6577711685652E-05 -3.1373513090170E-05  8.6391133745745E-23  1.1332538443208E-22 -2.2821474113080E-06 -5.8772545163296E-05
 5.6716111653915E+01 -6.3331666006852E-06  5.9541281608134E-06 -9.1319341817511E-06 -3.8910911286303E-06 -5.5665666873279E-23  2.3936166849256E-23  1.0512585075526E-06 -8.2796822573192E-06
 6.5027225430406E+01 -8.4803994625775E-08  1.0657683364481E-06 -1.0953406615312E-06 -1.4708411288538E-06  7.6596570180936E-23 -2.4839114404874E-23 -5.0738177487546E-07 -8.8700857903406E-07
 7.2587189964099E+01 -5.3663314538365E-07 -1.5624469101529E-08 -2.7754767511137E-07  4.5961054551550E-07 -9.9494917819268E-24  4.7177705418454E-23  3.7115260568139E-07 -2.6600740069391E-07
 7.8010805313165E+01  7.7949022372173E-07  3.1378878956200E-07  2.9681080648804E-08 -1.0716099586885E-06  2.3700421960598E-23  1.4425236092463E-22 -6.9078517865062E-07  1.8465439097656E-07
 8.0000000000000E+01  0.0000000000000E+00  0.0000000000000E+00  0.0000000000000E+00  0.0000000000000E+00  0.0000000000000E+00  0.0000000000000E+00  0.0000000000000E+00  0.0000000000000E+00
