#  1.0000000000000E+00  0.0000000000000E+00  2.3181424059429E-01 -6.4182155740492E-03  8.0000000000000E-02
 0.0000000000000E+00 -7.3256280168941E-16 -1.5139631234914E-15  2.6790868176070E-15  2.2325723480058E-16  2.9075083414306E-36  6.8078244092033E-36 -1.0709502003527E+00 -1.4345702040769E+00
 1.2134956257652E-03 -3.5611801209992E-02 -3.4765714133171E-02 -5.2300665904009E-06  8.7239216227679E-06  3.9907695202451E-23  6.9854675195027E-23 -1.0709541096691E+00 -1.4345662488236E+00
 4.8598042576750E-03 -1.3951769467314E-01 -1.3938100239066E-01 -7.2242971207202E-05  9.4591627373209E-05  8.3045651317557E-23  4.1243961161644E-22 -1.0709784967481E+00 -1.4345372137358E+00
 1.0956449776219E-02 -3.0310451981791E-01 -3.1456425067492E-01 -3.6956920376080E-04  4.7323572355802E-04  2.3298671703835E-22  8.5647121783990E-22 -1.0710144184535E+00 -1.4344919725017E+00
 1.9532835037547E-02 -5.1260806320863E-01 -5.6076845922580E-01 -1.1783802393897E-03  1.4502652419422E-03  3.4124825185616E-22  1.6558572867904E-21 -1.0710707397022E+00 -1.4344330918292E+00
 3.0630539981632E-02 -7.5002525230793E-01 -8.7720811149234E-01 -2.9132630405204E-03  3.4298922195224E-03  6.4950905983213E-22  2.4385031785177E-21 -1.0711407322320E+00 -1.4343669363940E+00
 4.4303746127476E-02 -9.9440927588800E-01 -1.2607658134233E+00 -6.1170730587782E-03  6.8244731778946E-03  8.4874852473555E-22  3.7372100557030E-21 -1.0712339302989E+00 -1.4342993242902E+00
 6.0619794820640E-02 -1.2235335663728E+00 -1.7050159593793E+00 -1.1472304949720E-02  1.2044374106589E-02  1.4453306800522E-21  4.8083357573372E-21 -1.0713441384907E+00 -1.4342400462571E+00
 7.9659889028125E-02 -1.4158245590044E+00 -2.1996008172184E+00 -1.9777850547057E-02  1.9397435506636E-02  1.8898854138540E-21  6.6186482427803E-21 -1.0714811552253E+00 -1.4341984764851E+00
 1.0151995116565E-01 -1.5524259011702E+00 -2.7301798839131E+00 -3.1935328203403E-02  2.9080240971347E-02  3.0982572446519E-21  7.8617495601541E-21 -1.0716385681032E+00 -1.4341879666497E+00
 1.2631165246940E-01 -1.6191408253407E+00 -3.2790607018275E+00 -4.8898287578285E-02  4.1092697933698E-02  4.2045474156561E-21  1.0076357017498E-20 -1.0718252337443E+00 -1.4342212221420E+00
 1.5416363287784E-01 -1.6080169712219E+00 -3.8265346970849E+00 -7.1633938889718E-02  5.5258750307398E-02  6.6908110705254E-21  1.1149791109459E-20 -1.0720327509070E+00 -1.4343143133220E+00
 1.8522293437556E-01 -1.5182868645637E+00 -4.3527324764929E+00 -1.0105740849219E-01  7.1182953402472E-02  9.2755542681112E-21  1.3272507862572E-20 -1.0722666188951E+00 -1.4344814833579E+00
 2.1965667539691E-01 -1.3565252291555E+00 -4.8397353077944E+00 -1.3799339988108E-01  8.8321578229643E-02  1.4127568539784E-20  1.3164375460861E-20 -1.0725133330851E+00 -1.4347383629807E+00
 2.5765399934730E-01 -1.1359485419952E+00 -5.2734810116110E+00 -1.8312819605343E-01  1.0599124417306E-01  1.9320655800045E-20  1.3617889754844E-20 -1.0727712088884E+00 -1.4350957074116E+00
 2.9942833676086E-01 -8.7501210706845E-01 -5.6450721162866E+00 -2.3700516101790E-01  1.2348663744203E-01  2.7607166477868E-20  9.6369181375777E-21 -1.0730171000074E+00 -1.4355612184697E+00
 3.4522002830748E-01 -5.9552830217497E-01 -5.9510312633067E+00 -3.0001952127474E-01  1.4012330609968E-01  3.5725358047314E-20  4.4421526095723E-21 -1.0732368971431E+00 -1.4361314953251E+00
 3.9529936507288E-01 -3.2062473122439E-01 -6.1923469915942E+00 -3.7245338792933E-01  1.5537320312295E-01  4.6187070618784E-20 -9.2240483718051E-21 -1.0733918266699E+00 -1.4367916084676E+00
 4.4997011361895E-01 -7.2731733526351E-02 -6.3722499759193E+00 -4.5449028928821E-01  1.6890689340020E-01  5.2582592909728E-20 -2.7383918328634E-20 -1.0734484954454E+00 -1.4375042180087E+00
 5.0957360672842E-01  1.2839204417710E-01 -6.4931577679340E+00 -5.4623444804798E-01  1.8070966122045E-01  5.5056361463741E-20 -5.8695066456141E-20 -1.0733444626378E+00 -1.4382056490252E+00
 5.7449349700374E-01  2.6780257447689E-01 -6.5534387693835E+00 -6.4766252987888E-01  1.9108144545053E-01  4.1238937434195E-20 -9.4990891232294E-20 -1.0730172920029E+00 -1.4387907267989E+00
 6.4516129032258E-01  3.3790827261539E-01 -6.5452455051520E+00 -7.5853709681165E-01  2.0067828175621E-01  7.7338004590894E-21 -1.4024359452972E-19 -1.0723685402208E+00 -1.4391038720578E+00
 7.2206280043514E-01  3.4113940599518E-01 -6.4546761601031E+00 -8.7823469402629E-01  2.1039155447970E-01 -6.0984117263866E-20 -1.7179426169941E-19 -1.0712906765302E+00 -1.4389184908378E+00
 8.0574569584327E-01  2.9159479358496E-01 -6.2653767036715E+00 -1.0055739751493E+00  2.2122017131569E-01 -1.5892667979710E-19 -1.7828221259013E-19 -1.0696282153086E+00 -1.4379229912042E+00
 8.9682834696002E-01  2.1347751703832E-01 -5.9649910652917E+00 -1.1386658664242E+00  2.3396741352292E-01 -2.7834172416207E-19 -1.1933863311261E-19 -1.0672016367514E+00 -1.4356967795717E+00
 9.9601022724332E-01  1.3461352481402E-01 -5.5516855628415E+00 -1.2749145889475E+00  2.4901241606507E-01 -3.6682596306244E-19  8.7221881240382E-21 -1.0637661221885E+00 -1.4316968826255E+00
 1.1040841788897E+00  7.6119895821566E-02 -5.0358886931337E+00 -1.4111324209199E+00  2.6611500731049E-01 -3.7272701375872E-19  1.9900107012248E-19 -1.0590356025204E+00 -1.4252413851958E+00
 1.2219509248095E+00  4.4036192167300E-02 -4.4346144270471E+00 -1.5437147579907E+00  2.8455200983234E-01 -2.4355154798458E-19  3.5017562891877E-19 -1.0526460138917E+00 -1.4155140334203E+00
 1.3506362979409E+00  2.9885542378901E-02 -3.7620542263684E+00 -1.6686404110580E+00  3.0337699564271E-01 -3.9931284492153E-20  3.6027193024056E-19 -1.0441904529144E+00 -1.4015800036388E+00
 1.4913117716510E+00  2.0952824665940E-02 -3.0263534552149E+00 -1.7812967176704E+00  3.2175499521235E-01  9.3807155267313E-20  1.5645868694067E-19 -1.0332007643501E+00 -1.3824410387121E+00
 1.6453190177622E+00  1.0815053877904E-02 -2.2378661241179E+00 -1.8763084465056E+00  3.3896383287933E-01 -1.3451873539718E-20 -1.1637881120095E-19 -1.0192082563219E+00 -1.3571208995757E+00
 1.8141994004940E+00  8.3159778720006E-04 -1.4219625615558E+00 -1.9478124339702E+00  3.5427981642902E-01 -2.9157895303720E-19 -2.6019750160517E-19 -1.0017555133290E+00 -1.3248019244948E+00
 1.9997295470214E+00 -5.3959745665644E-03 -6.2385192374568E-01 -1.9902756606772E+00  3.6683012178111E-01 -4.9104758390151E-19 -1.8785291368579E-19 -9.8048610737596E-01 -1.2849795650146E+00
 2.2039644338840E+00 -5.7907672408682E-03  9.7658012307094E-02 -1.9997174800542E+00  3.7573397059198E-01 -4.0910560508053E-19 -1.2020618058514E-19 -9.5517019994929E-01 -1.2376125080440E+00
 2.4292898137085E+00 -8.0115681703366E-05  6.8384104203341E-01 -1.9749085502563E+00  3.8025923568347E-01 -1.7122540515217E-19 -1.6099775842365E-19 -9.2577430793466E-01 -1.1831875060926E+00
 2.6784863059733E+00  1.0432002017537E-02  1.0936936906916E+00 -1.9181335544612E+00  3.8005673783221E-01  6.5219949988246E-20 -2.4938705369401E-19 -8.9242006518548E-01 -1.1226595722745E+00
 2.9548081253617E+00  2.3054714231142E-02  1.3199508683587E+00 -1.8349128447760E+00  3.7521539980475E-01  1.7180486232817E-19 -2.2892068668153E-19 -8.5535326744516E-01 -1.0572437219026E+00
 3.2620802702989E+00  3.4778641352829E-02  1.3924795225271E+00 -1.7325252216638E+00  3.6624602342311E-01  1.4428090828323E-19 -1.8339548886996E-19 -8.1481362567684E-01 -9.8815232846803E-01
 3.6048191074170E+00  4.3688070314790E-02  1.3634376282957E+00 -1.6178648185703E+00  3.5379549116097E-01  3.6705285748574E-20 -1.7340763577473E-19 -7.7098626248599E-01 -9.1638983604666E-01
 3.9883827509977E+00  4.9476011360101E-02  1.2828051077312E+00 -1.4958834847443E+00  3.3840335734924E-01 -8.6298940393261E-20 -3.4445859553989E-19 -7.2394753362983E-01 -8.4271247887533E-01
 4.4191595630774E+00  5.2742109203708E-02  1.1820863287292E+00 -1.3693766903500E+00  3.2030644517030E-01 -5.6395318276304E-19 -3.4548681596211E-19 -6.7374227906255E-01 -7.6771756298121E-01
 4.9048056364975E+00  5.3991318607462E-02  1.0745391310667E+00 -1.2398399040902E+00  2.9954665527625E-01 -7.3198723322528E-19 -1.1327851508828E-19 -6.2042514687547E-01 -6.9197949387770E-01
 5.4545454545455E+00  5.3359297010246E-02  9.6411347987123E-01 -1.1083813205143E+00  2.7608668197444E-01 -7.3928742322175E-20 -3.1241915026308E-19 -5.6416448694185E-01 -6.1613515866292E-01
 6.0795542687962E+00  5.0807942900992E-02  8.5220698975463E-01 -9.7622289389412E-01  2.4999106760385E-01  5.7743101619644E-20 -4.1451241895581E-19 -5.0526656331656E-01 -5.4092192021370E-01
 6.7934463423832E+00  4.6361399778019E-02  7.4006107081489E-01 -8.4483781887925E-01  2.2146137424924E-01  2.3111807443811E-19  2.3643566232920E-19 -4.4426343101975E-01 -4.6717613759377E-01
 7.6129002726496E+00  4.0166286469387E-02  6.2916930868785E-01 -7.1599630667180E-01  1.9094433617331E-01  1.0505924826455E-19  4.3737791176378E-19 -3.8193399888802E-01 -3.9582448707735E-01
 8.5584611558500E+00  3.2564554669768E-02  5.2134534750820E-01 -5.9174759358278E-01  1.5913740573719E-01 -5.9369186609021E-19 -5.7247944837310E-20 -3.1938881712386E-01 -3.2785741717914E-01
 9.6555688906727E+00  2.4086265292436E-02  4.1868805258091E-01 -4.7439569120869E-01  1.2706987063150E-01 -3.7002140198970E-21 -4.8651522043403E-19 -2.5806665109741E-01 -2.6430043825032E-01
 1.0935870685435E+01  1.5471721689719E-02  3.2353738899551E-01 -3.6639974350769E-01  9.6044448224275E-02 -2.5854356086825E-19  1.4339821923797E-19 -1.9975503246259E-01 -2.0616961871663E-01
 1.2438879256439E+01  7.5727808899836E-03  2.3831414141269E-01 -2.7023379139855E-01  6.7597082516926E-02 -7.4455799591580E-20  1.4277476006868E-19 -1.4646136005196E-01 -1.5442700262921E-01
 1.4214025594877E+01  1.2458590455181E-03  1.6529667025015E-01 -1.8813177828177E-01  4.3251891680663E-02  3.6510693202307E-19 -3.9745987813063E-20 -1.0023603695448E-01 -1.0991900943950E-01
 1.6323103064291E+01 -2.8925373617478E-03  1.0624325985876E-01 -1.2176338574173E-01  2.4258151302920E-02 -2.7094976069839E-19  4.2382498903119E-19 -6.2788882269765E-02 -7.3301966114799E-02
 1.8842958547214E+01 -4.6571907893503E-03  6.1968975591757E-02 -7.1810337032014E-02  1.1173055962687E-02  5.5737094369745E-20 -1.7710407892525E-19 -3.5078083520842E-02 -4.4921384119301E-02
 2.1867956415951E+01 -4.4553278920353E-03  3.1917589822932E-02 -3.7593786644884E-02  3.6336505760899E-03 -5.1246910604911E-20  3.8122236283339E-20 -1.6871740069183E-02 -2.4649222849338E-02
 2.5511030361867E+01 -3.1419551871801E-03  1.4024201959206E-02 -1.6893322630850E-02  3.3427447092436E-04  1.5229892001887E-20 -2.9265503507083E-20 -6.6637861140267E-03 -1.1704987178485E-02
 2.9900709274659E+01 -1.6798066246324E-03  5.0385811245361E-03 -6.2552524325658E-03 -4.7696403584143E-04 -1.4756396990179E-20  4.5386111261157E-21 -2.0196325946081E-03 -4.6107236631101E-03
 3.5168864215715E+01 -6.6403115158261E-04  1.4142812137267E-03 -1.8228608761042E-03 -3.5284572699041E-04 -5.7894813846739E-20 -1.8522725676502E-20 -4.2700583516802E-04 -1.4350955464698E-03
 4.1419695291531E+01 -1.9002912978450E-04  2.9776332388111E-04 -4.0244261578736E-04 -1.2935660300259E-04  1.0621163637241E-20  9.8289759778639E-21 -5.1054941439957E-05 -3.3780119571225E-04
 4.8665626607709E+01 -3.7083697634252E-05  4.7610433664154E-05 -6.6577711685605E-05 -3.1373513090110E-05  4.7261869739225E-21  3.7522141827567E-20 -2.2821474113124E-06 -5.8772545163324E-05
 5.6716111653915E+01 -6.3331666006662E-06  5.9541281608242E-06 -9.1319341817582E-06 -3.8910911286634E-06 -1.6266755536157E-20 -1.5531967956580E-21  1.0512585075471E-06 -8.2796822573066E-06
 6.5027225430406E+01 -8.4803994662650E-08  1.0657683364288E-06 -1.0953406615253E-06 -1.4708411288147E-06  2.1245711259047E-20  4.2268524306641E-21 -5.0738177486393E-07 -8.8700857904741E-07
 7.2587189964099E+01 -5.3663314536213E-07 -1.5624469079701E-08 -2.7754767510003E-07  4.5961054549692E-07 -8.8101998666910E-21  9.8249160299896E-21  3.7115260567714E-07 -2.6600740069522E-07
 7.8010805313165E+01  7.7949022371267E-07  3.1378878951120E-07  2.9681080686256E-08 -1.0716099586328E-06 -1.3739400324428E-20  3.7151619944415E-20 -6.9078517862284E-07  1.8465439098821E-07
 8.0000000000000E+01  0.0000000000000E+00  0.0000000000000E+00  0.0000000000000E+00  0.0000000000000E+00  0.0000000000000E+00  0.0000000000000E+00  0.0000000000000E+00  0.0000000000000E+00
