#  1.0000000000000E+00  0.0000000000000E+00  2.3181424059429E-01 -6.4182155740492E-03  8.0000000000000E-02
 0.0000000000000E+00 -9.0698251637736E-16  2.9860655154578E-15  1.5628006436041E-15  2.4558295828064E-15  8.3915891155111E-37  5.9095697996557E-38 -1.0709502003527E+00 -1.4345702040769E+00
 1.2134956257652E-03 -3.5611801209992E-02 -3.4765714133167E-02 -5.2300665916631E-06  8.7239216248461E-06  4.0815406785069E-23  3.0482560027381E-23 -1.0709541096692E+00 -1.4345662488236E+00
 4.8598042576750E-03 -1.3951769467314E-01 -1.3938100239065E-01 -7.2242971208192E-05  9.4591627375342E-05  1.8037697768963E-22  2.3092848715715E-22 -1.0709784967481E+00 -1.4345372137358E+00
 1.0956449776219E-02 -3.0310451981791E-01 -3.1456425067492E-01 -3.6956920376199E-04  4.7323572356008E-04  3.9909294014450E-22  4.5854746328545E-22 -1.0710144184535E+00 -1.4344919725017E+00
 1.9532835037547E-02 -5.1260806320863E-01 -5.6076845922580E-01 -1.1783802393901E-03  1.4502652419444E-03  7.2904540925764E-22  9.2475096540512E-22 -1.0710707397022E+00 -1.4344330918292E+00
 3.0630539981632E-02 -7.5002525230792E-01 -8.7720811149234E-01 -2.9132630405213E-03  3.4298922195250E-03  1.1371366382130E-21  1.3108264669956E-21 -1.0711407322320E+00 -1.4343669363940E+00
 4.4303746127476E-02 -9.9440927588799E-01 -1.2607658134233E+00 -6.1170730587787E-03  6.8244731778972E-03  1.6942837696004E-21  2.0630946596119E-21 -1.0712339302989E+00 -1.4342993242902E+00
 6.0619794820640E-02 -1.2235335663728E+00 -1.7050159593793E+00 -1.1472304949721E-02  1.2044374106591E-02  2.3492527831003E-21  2.5346946901020E-21 -1.0713441384907E+00 -1.4342400462571E+00
 7.9659889028125E-02 -1.4158245590043E+00 -2.1996008172184E+00 -1.9777850547058E-02  1.9397435506638E-02  3.2412395241326E-21  3.5351854394746E-21 -1.0714811552253E+00 -1.4341984764851E+00
 1.0151995116565E-01 -1.5524259011702E+00 -2.7301798839131E+00 -3.1935328203404E-02  2.9080240971349E-02  4.3000220512543E-21  3.9185331596281E-21 -1.0716385681032E+00 -1.4341879666497E+00
 1.2631165246940E-01 -1.6191408253407E+00 -3.2790607018275E+00 -4.8898287578285E-02  4.1092697933700E-02  5.7611524766893E-21  4.9747410377603E-21 -1.0718252337443E+00 -1.4342212221420E+00
 1.5416363287784E-01 -1.6080169712219E+00 -3.8265346970849E+00 -7.1633938889718E-02  5.5258750307400E-02  7.5240892448062E-21  4.8506299230335E-21 -1.0720327509070E+00 -1.4343143133220E+00
 1.8522293437556E-01 -1.5182868645637E+00 -4.3527324764929E+00 -1.0105740849219E-01  7.1182953402474E-02  9.9190862252679E-21  5.4055594709283E-21 -1.0722666188951E+00 -1.4344814833579E+00
 2.1965667539691E-01 -1.3565252291555E+00 -4.8397353077944E+00 -1.3799339988108E-01  8.8321578229645E-02  1.2742891745932E-20  3.8079519633965E-21 -1.0725133330851E+00 -1.4347383629807E+00
 2.5765399934730E-01 -1.1359485419952E+00 -5.2734810116110E+00 -1.8312819605343E-01  1.0599124417306E-01  1.6301408850050E-20  2.5356966576411E-21 -1.0727712088884E+00 -1.4350957074116E+00
 2.9942833676086E-01 -8.7501210706844E-01 -5.6450721162866E+00 -2.3700516101790E-01  1.2348663744203E-01  2.0016390446441E-20 -2.5427308342583E-21 -1.0730171000074E+00 -1.4355612184697E+00
 3.4522002830748E-01 -5.9552830217496E-01 -5.9510312633067E+00 -3.0001952127474E-01  1.4012330609968E-01  2.3728625169163E-20 -8.2173225307441E-21 -1.0732368971431E+00 -1.4361314953251E+00
 3.9529936507288E-01 -3.2062473122438E-01 -6.1923469915942E+00 -3.7245338792933E-01  1.5537320312295E-01  2.5759033427519E-20 -2.0023201147679E-20 -1.0733918266699E+00 -1.4367916084676E+00
 4.4997011361895E-01 -7.2731733526345E-02 -6.3722499759193E+00 -4.5449028928821E-01  1.6890689340020E-01  2.4498712106218E-20 -3.3250075379400E-20 -1.0734484954454E+00 -1.4375042180087E+00
 5.0957360672842E-01  1.2839204417710E-01 -6.4931577679340E+00 -5.4623444804798E-01  1.8070966122045E-01  1.6044865328037E-20 -5.3672465645950E-20 -1.0733444626378E+00 -1.4382056490252E+00
 5.7449349700374E-01  2.6780257447689E-01 -6.5534387693834E+00 -6.4766252987888E-01  1.9108144545053E-01 -3.3350989711726E-21 -7.2069946828516E-20 -1.0730172920029E+00 -1.4387907267989E+00
 6.4516129032258E-01  3.3790827261539E-01 -6.5452455051519E+00 -7.5853709681165E-01  2.0067828175621E-01 -3.8744807547040E-20 -9.0314621826040E-20 -1.0723685402208E+00 -1.4391038720578E+00
 7.2206280043514E-01  3.4113940599519E-01 -6.4546761601031E+00 -8.7823469402628E-01  2.1039155447970E-01 -9.1156047474229E-20 -8.9034910541300E-20 -1.0712906765302E+00 -1.4389184908378E+00
 8.0574569584327E-01  2.9159479358497E-01 -6.2653767036714E+00 -1.0055739751493E+00  2.2122017131568E-01 -1.5570211382652E-19 -6.3385676518999E-20 -1.0696282153086E+00 -1.4379229912042E+00
 8.9682834696002E-01  2.1347751703834E-01 -5.9649910652916E+00 -1.1386658664242E+00  2.3396741352292E-01 -2.1303778610308E-19  1.0399003945266E-20 -1.0672016367514E+00 -1.4356967795717E+00
 9.9601022724332E-01  1.3461352481404E-01 -5.5516855628415E+00 -1.2749145889475E+00  2.4901241606507E-01 -2.3205049769600E-19  1.1856627140562E-19 -1.0637661221885E+00 -1.4316968826255E+00
 1.1040841788897E+00  7.6119895821578E-02 -5.0358886931337E+00 -1.4111324209199E+00  2.6611500731048E-01 -1.7926653421762E-19  2.4263006339929E-19 -1.0590356025204E+00 -1.4252413851958E+00
 1.2219509248095E+00  4.4036192167307E-02 -4.4346144270471E+00 -1.5437147579907E+00  2.8455200983234E-01 -5.5174002437901E-20  3.0300085124644E-19 -1.0526460138917E+00 -1.4155140334203E+00
 1.3506362979409E+00  2.9885542378903E-02 -3.7620542263684E+00 -1.6686404110580E+00  3.0337699564270E-01  7.5832658686154E-20  2.5514767600193E-19 -1.0441904529144E+00 -1.4015800036388E+00
 1.4913117716510E+00  2.0952824665941E-02 -3.0263534552148E+00 -1.7812967176704E+00  3.2175499521235E-01  9.7118881285396E-20  9.5611970759697E-20 -1.0332007643501E+00 -1.3824410387121E+00
 1.6453190177622E+00  1.0815053877906E-02 -2.2378661241179E+00 -1.8763084465056E+00  3.3896383287933E-01 -5.1308435061745E-20 -3.1808689460215E-20 -1.0192082563219E+00 -1.3571208995757E+00
 1.8141994004940E+00  8.3159778720111E-04 -1.4219625615557E+00 -1.9478124339702E+00  3.5427981642902E-01 -2.7096126937606E-19 -2.5262587504402E-20 -1.0017555133290E+00 -1.3248019244948E+00
 1.9997295470214E+00 -5.3959745665654E-03 -6.2385192374568E-01 -1.9902756606772E+00  3.6683012178111E-01 -3.7260325256241E-19  9.1531856773489E-20 -9.8048610737596E-01 -1.2849795650146E+00
 2.2039644338840E+00 -5.7907672408625E-03  9.7658012307082E-02 -1.9997174800542E+00  3.7573397059197E-01 -3.0505377204989E-19  1.0661906345381E-19 -9.5517019994929E-01 -1.2376125080440E+00
 2.4292898137085E+00 -8.0115681704172E-05  6.8384104203340E-01 -1.9749085502563E+00  3.8025923568346E-01 -1.7862086359816E-19 -1.1234349831870E-20 -9.2577430793466E-01 -1.1831875060926E+00
 2.6784863059733E+00  1.0432002017515E-02  1.0936936906916E+00 -1.9181335544612E+00  3.8005673783220E-01 -7.7269310782138E-20 -1.6782913129429E-19 -8.9242006518548E-01 -1.1226595722745E+00
 2.9548081253617E+00  2.3054714231134E-02  1.3199508683587E+00 -1.8349128447760E+00  3.7521539980475E-01 -8.8291740381928E-21 -2.0719344534294E-19 -8.5535326744516E-01 -1.0572437219026E+00
 3.2620802702989E+00  3.4778641352821E-02  1.3924795225271E+00 -1.7325252216638E+00  3.6624602342311E-01 -5.9187993936115E-21 -1.7253573188643E-19 -8.1481362567684E-01 -9.8815232846803E-01
 3.6048191074170E+00  4.3688070314784E-02  1.3634376282957E+00 -1.6178648185703E+00  3.5379549116096E-01 -6.4638346162940E-20 -1.1847671502990E-19 -7.7098626248599E-01 -9.1638983604666E-01
 3.9883827509977E+00  4.9476011360104E-02  1.2828051077312E+00 -1.4958834847443E+00  3.3840335734924E-01 -2.1187418963886E-19 -1.4969134093007E-19 -7.2394753362983E-01 -8.4271247887533E-01
 4.4191595630774E+00  5.2742109203698E-02  1.1820863287292E+00 -1.3693766903500E+00  3.2030644517030E-01 -4.8164127942994E-19  6.5637767934071E-20 -6.7374227906255E-01 -7.6771756298121E-01
 4.9048056364975E+00  5.3991318607466E-02  1.0745391310667E+00 -1.2398399040902E+00  2.9954665527624E-01 -4.7890162127265E-19  2.6727733410951E-19 -6.2042514687547E-01 -6.9197949387769E-01
 5.4545454545455E+00  5.3359297010243E-02  9.6411347987123E-01 -1.1083813205143E+00  2.7608668197443E-01 -1.9098425516058E-19 -1.3584917890552E-19 -5.6416448694184E-01 -6.1613515866292E-01
 6.0795542687962E+00  5.0807942900993E-02  8.5220698975462E-01 -9.7622289389412E-01  2.4999106760385E-01 -1.5671035500541E-19 -2.6608820410070E-19 -5.0526656331656E-01 -5.4092192021370E-01
 6.7934463423832E+00  4.6361399778018E-02  7.4006107081489E-01 -8.4483781887925E-01  2.2146137424923E-01  2.4140250807137E-19  2.7490051948180E-20 -4.4426343101975E-01 -4.6717613759377E-01
 7.6129002726496E+00  4.0166286469384E-02  6.2916930868785E-01 -7.1599630667180E-01  1.9094433617331E-01  2.6365919733704E-19  2.0440448291928E-19 -3.8193399888801E-01 -3.9582448707735E-01
 8.5584611558500E+00  3.2564554669766E-02  5.2134534750820E-01 -5.9174759358278E-01  1.5913740573719E-01 -3.6673722398476E-19  2.4267040584742E-19 -3.1938881712385E-01 -3.2785741717914E-01
 9.6555688906727E+00  2.4086265292435E-02  4.1868805258090E-01 -4.7439569120869E-01  1.2706987063150E-01 -2.3043522889775E-19 -2.7415450860829E-19 -2.5806665109741E-01 -2.6430043825032E-01
 1.0935870685435E+01  1.5471721689719E-02  3.2353738899551E-01 -3.6639974350769E-01  9.6044448224274E-02 -8.1864064420120E-20  2.0352852598131E-19 -1.9975503246258E-01 -2.0616961871663E-01
 1.2438879256439E+01  7.5727808899825E-03  2.3831414141269E-01 -2.7023379139855E-01  6.7597082516924E-02  2.4462273179027E-20  1.1672529096525E-19 -1.4646136005195E-01 -1.5442700262921E-01
 1.4214025594877E+01  1.2458590455175E-03  1.6529667025015E-01 -1.8813177828177E-01  4.3251891680662E-02  1.9187408968724E-19 -1.9412025667442E-19 -1.0023603695448E-01 -1.0991900943950E-01
 1.6323103064291E+01 -2.8925373617482E-03  1.0624325985876E-01 -1.2176338574173E-01  2.4258151302920E-02  4.4032551167450E-20  3.7069547286113E-19 -6.2788882269765E-02 -7.3301966114799E-02
 1.8842958547214E+01 -4.6571907893504E-03  6.1968975591757E-02 -7.1810337032014E-02  1.1173055962686E-02 -5.1200133753447E-20 -1.2759133891122E-19 -3.5078083520842E-02 -4.4921384119301E-02
 2.1867956415951E+01 -4.4553278920355E-03  3.1917589822932E-02 -3.7593786644884E-02  3.6336505760898E-03 -1.1673099325482E-20  4.5929536526761E-20 -1.6871740069183E-02 -2.4649222849338E-02
 2.5511030361867E+01 -3.1419551871801E-03  1.4024201959206E-02 -1.6893322630850E-02  3.3427447092421E-04 -4.9852981064265E-21 -2.3912634499062E-20 -6.6637861140266E-03 -1.1704987178485E-02
 2.9900709274659E+01 -1.6798066246326E-03  5.0385811245361E-03 -6.2552524325657E-03 -4.7696403584134E-04 -6.4054737746285E-21  9.5423442679523E-21 -2.0196325946081E-03 -4.6107236631102E-03
 3.5168864215715E+01 -6.6403115158257E-04  1.4142812137267E-03 -1.8228608761042E-03 -3.5284572699045E-04 -4.2011073316918E-20  1.6800540117706E-20 -4.2700583516807E-04 -1.4350955464698E-03
 4.1419695291531E+01 -1.9002912978458E-04  2.9776332388106E-04 -4.0244261578729E-04 -1.2935660300252E-04  1.0734547087096E-20  6.0249232661671E-22 -5.1054941439935E-05 -3.3780119571228E-04
 4.8665626607709E+01 -3.7083697634185E-05  4.7610433664170E-05 -6.6577711685626E-05 -3.1373513090180E-05  2.0505450373809E-20  1.9350507714437E-20 -2.2821474113246E-06 -5.8772545163272E-05
 5.6716111653915E+01 -6.3331666007181E-06  5.9541281608080E-06 -9.1319341816831E-06 -3.8910911286286E-06 -1.0096687363141E-20  6.7966020415558E-21  1.0512585075543E-06 -8.2796822573533E-06
 6.5027225430406E+01 -8.4803994602819E-08  1.0657683364310E-06 -1.0953406615801E-06 -1.4708411288686E-06  1.4224544887586E-20 -7.6198283974647E-21 -5.0738177487057E-07 -8.8700857900073E-07
 7.2587189964099E+01 -5.3663314540120E-07 -1.5624469073864E-08 -2.7754767507185E-07  4.5961054551872E-07 -4.1360873412849E-22  9.8123744084165E-21  3.7115260566586E-07 -2.6600740072713E-07
 7.8010805313165E+01  7.7949022376398E-07  3.1378878952271E-07  2.9681080610337E-08 -1.0716099587016E-06  9.6806173172099E-21  2.7863016725477E-20 -6.9078517863564E-07  1.8465439102831E-07
 8.0000000000000E+01  0.0000000000000E+00  0.0000000000000E+00  0.0000000000000E+00  0.0000000000000E+00  0.0000000000000E+00  0.0000000000000E+00  0.0000000000000E+00  0.0000000000000E+00
