#  1.0000000000000E+00  0.0000000000000E+00  2.3181424059429E-01 -6.4182155740488E-03  8.0000000000000E-02
 0.0000000000000E+00  2.0930365762555E-17  1.8209418213422E-15  2.5674582002067E-15  6.6977170440174E-16  5.9095697996557E-36 -1.8412003407052E-36 -1.0709502003527E+00 -1.4345702040769E+00
 1.2134956257652E-03 -3.5611801209991E-02 -3.4765714133167E-02 -5.2300665905494E-06  8.7239216233617E-06  2.1385425831587E-23 -1.9654597431928E-24 -1.0709541096691E+00 -1.4345662488236E+00
 4.8598042576750E-03 -1.3951769467313E-01 -1.3938100239065E-01 -7.2242971207354E-05  9.4591627373818E-05  1.4279880504923E-22 -5.2031422541213E-24 -1.0709784967481E+00 -1.4345372137358E+00
 1.0956449776219E-02 -3.0310451981791E-01 -3.1456425067492E-01 -3.6956920376113E-04  4.7323572355856E-04  2.8916509664551E-22 -1.4365592053698E-23 -1.0710144184535E+00 -1.4344919725017E+00
 1.9532835037547E-02 -5.1260806320863E-01 -5.6076845922579E-01 -1.1783802393900E-03  1.4502652419429E-03  5.7382253693489E-22 -2.3462304392123E-23 -1.0710707397022E+00 -1.4344330918292E+00
 3.0630539981632E-02 -7.5002525230792E-01 -8.7720811149233E-01 -2.9132630405211E-03  3.4298922195227E-03  8.2943704769393E-22 -4.8549925731735E-23 -1.0711407322320E+00 -1.4343669363940E+00
 4.4303746127476E-02 -9.9440927588799E-01 -1.2607658134233E+00 -6.1170730587791E-03  6.8244731778946E-03  1.3000174080643E-21 -7.8909016977869E-23 -1.0712339302989E+00 -1.4342993242902E+00
 6.0619794820640E-02 -1.2235335663728E+00 -1.7050159593792E+00 -1.1472304949721E-02  1.2044374106589E-02  1.6489978813757E-21 -1.5621909547163E-22 -1.0713441384907E+00 -1.4342400462571E+00
 7.9659889028125E-02 -1.4158245590043E+00 -2.1996008172184E+00 -1.9777850547058E-02  1.9397435506635E-02  2.3263091030629E-21 -2.6786476286524E-22 -1.0714811552253E+00 -1.4341984764851E+00
 1.0151995116565E-01 -1.5524259011702E+00 -2.7301798839131E+00 -3.1935328203403E-02  2.9080240971347E-02  2.7421269888812E-21 -5.0119368463511E-22 -1.0716385681032E+00 -1.4341879666497E+00
 1.2631165246940E-01 -1.6191408253407E+00 -3.2790607018275E+00 -4.8898287578286E-02  4.1092697933698E-02  3.6239504843286E-21 -8.4862208306386E-22 -1.0718252337443E+00 -1.4342212221420E+00
 1.5416363287784E-01 -1.6080169712219E+00 -3.8265346970848E+00 -7.1633938889718E-02  5.5258750307398E-02  4.0259977932744E-21 -1.4682831659377E-21 -1.0720327509070E+00 -1.4343143133220E+00
 1.8522293437556E-01 -1.5182868645637E+00 -4.3527324764928E+00 -1.0105740849219E-01  7.1182953402471E-02  5.0069722867264E-21 -2.3632748182281E-21 -1.0722666188951E+00 -1.4344814833579E+00
 2.1965667539691E-01 -1.3565252291555E+00 -4.8397353077943E+00 -1.3799339988108E-01  8.8321578229641E-02  5.1182457977912E-21 -3.7803138454631E-21 -1.0725133330851E+00 -1.4347383629807E+00
 2.5765399934730E-01 -1.1359485419952E+00 -5.2734810116110E+00 -1.8312819605343E-01  1.0599124417305E-01  5.7557899589682E-21 -5.7077734248101E-21 -1.0727712088884E+00 -1.4350957074116E+00
 2.9942833676086E-01 -8.7501210706843E-01 -5.6450721162865E+00 -2.3700516101790E-01  1.2348663744203E-01  4.7404327279942E-21 -8.4335529224495E-21 -1.0730171000074E+00 -1.4355612184697E+00
 3.4522002830748E-01 -5.9552830217496E-01 -5.9510312633067E+00 -3.0001952127473E-01  1.4012330609967E-01  3.7441584526319E-21 -1.1766392496302E-20 -1.0732368971431E+00 -1.4361314953251E+00
 3.9529936507288E-01 -3.2062473122439E-01 -6.1923469915942E+00 -3.7245338792932E-01  1.5537320312294E-01 -4.2480326570683E-22 -1.5745392625908E-20 -1.0733918266699E+00 -1.4367916084676E+00
 4.4997011361895E-01 -7.2731733526356E-02 -6.3722499759193E+00 -4.5449028928820E-01  1.6890689340020E-01 -5.7871914947742E-21 -1.9435755156192E-20 -1.0734484954454E+00 -1.4375042180087E+00
 5.0957360672842E-01  1.2839204417709E-01 -6.4931577679340E+00 -5.4623444804797E-01  1.8070966122045E-01 -1.6468975057416E-20 -2.1802211152885E-20 -1.0733444626378E+00 -1.4382056490252E+00
 5.7449349700374E-01  2.6780257447687E-01 -6.5534387693835E+00 -6.4766252987888E-01  1.9108144545053E-01 -2.9202019151500E-20 -2.0052658186919E-20 -1.0730172920029E+00 -1.4387907267989E+00
 6.4516129032258E-01  3.3790827261537E-01 -6.5452455051520E+00 -7.5853709681165E-01  2.0067828175621E-01 -4.7200885380297E-20 -1.1160037952682E-20 -1.0723685402208E+00 -1.4391038720578E+00
 7.2206280043514E-01  3.4113940599516E-01 -6.4546761601031E+00 -8.7823469402628E-01  2.1039155447970E-01 -6.2250564264397E-20  9.3351738059930E-21 -1.0712906765302E+00 -1.4389184908378E+00
 8.0574569584327E-01  2.9159479358494E-01 -6.2653767036715E+00 -1.0055739751493E+00  2.2122017131568E-01 -7.2242098317962E-20  4.3176148319045E-20 -1.0696282153086E+00 -1.4379229912042E+00
 8.9682834696002E-01  2.1347751703830E-01 -5.9649910652917E+00 -1.1386658664242E+00  2.3396741352292E-01 -6.0762467041840E-20  8.8117963183620E-20 -1.0672016367514E+00 -1.4356967795717E+00
 9.9601022724332E-01  1.3461352481400E-01 -5.5516855628415E+00 -1.2749145889475E+00  2.4901241606507E-01 -2.4891683103847E-20  1.3094889779958E-19 -1.0637661221885E+00 -1.4316968826255E+00
 1.1040841788897E+00  7.6119895821542E-02 -5.0358886931337E+00 -1.4111324209199E+00  2.6611500731048E-01  4.0859120668756E-20  1.5078230627565E-19 -1.0590356025204E+00 -1.4252413851957E+00
 1.2219509248095E+00  4.4036192167273E-02 -4.4346144270471E+00 -1.5437147579906E+00  2.8455200983234E-01  1.0504198397152E-19  1.2669254515123E-19 -1.0526460138917E+00 -1.4155140334203E+00
 1.3506362979409E+00  2.9885542378875E-02 -3.7620542263684E+00 -1.6686404110580E+00  3.0337699564271E-01  1.3415493238265E-19  6.5682141434921E-20 -1.0441904529144E+00 -1.4015800036388E+00
 1.4913117716510E+00  2.0952824665917E-02 -3.0263534552149E+00 -1.7812967176704E+00  3.2175499521235E-01  8.9129786335574E-20  1.4203946631798E-20 -1.0332007643501E+00 -1.3824410387121E+00
 1.6453190177622E+00  1.0815053877884E-02 -2.2378661241179E+00 -1.8763084465056E+00  3.3896383287933E-01  8.3226488980325E-21  3.4646828291216E-20 -1.0192082563219E+00 -1.3571208995757E+00
 1.8141994004940E+00  8.3159778718424E-04 -1.4219625615558E+00 -1.9478124339702E+00  3.5427981642902E-01 -4.3878105751964E-20  1.2546938466416E-19 -1.0017555133290E+00 -1.3248019244948E+00
 1.9997295470214E+00 -5.3959745665795E-03 -6.2385192374568E-01 -1.9902756606772E+00  3.6683012178111E-01 -1.9934603919782E-20  2.0130073150817E-19 -9.8048610737595E-01 -1.2849795650146E+00
 2.2039644338840E+00 -5.7907672409050E-03  9.7658012307099E-02 -1.9997174800542E+00  3.7573397059198E-01  1.8372156234741E-21  1.8336885691916E-19 -9.5517019994928E-01 -1.2376125080440E+00
 2.4292898137085E+00 -8.0115681709370E-05  6.8384104203338E-01 -1.9749085502563E+00  3.8025923568347E-01 -2.7559517583120E-20  1.0137464145594E-19 -9.2577430793466E-01 -1.1831875060926E+00
 2.6784863059733E+00  1.0432002017526E-02  1.0936936906916E+00 -1.9181335544612E+00  3.8005673783221E-01 -9.2019453959706E-20  2.3407579926270E-20 -8.9242006518548E-01 -1.1226595722745E+00
 2.9548081253617E+00  2.3054714231147E-02  1.3199508683587E+00 -1.8349128447760E+00  3.7521539980475E-01 -1.0754350486846E-19 -1.6721885190853E-20 -8.5535326744515E-01 -1.0572437219026E+00
 3.2620802702989E+00  3.4778641352836E-02  1.3924795225271E+00 -1.7325252216638E+00  3.6624602342312E-01 -9.3612386800117E-20 -1.2799942240954E-20 -8.1481362567684E-01 -9.8815232846803E-01
 3.6048191074170E+00  4.3688070314798E-02  1.3634376282957E+00 -1.6178648185703E+00  3.5379549116097E-01 -7.3124388008489E-20  2.5691042376737E-20 -7.7098626248599E-01 -9.1638983604666E-01
 3.9883827509977E+00  4.9476011360103E-02  1.2828051077312E+00 -1.4958834847443E+00  3.3840335734924E-01 -9.6571883219569E-20  1.0037351541970E-19 -7.2394753362983E-01 -8.4271247887532E-01
 4.4191595630774E+00  5.2742109203711E-02  1.1820863287292E+00 -1.3693766903500E+00  3.2030644517030E-01 -1.7034958398167E-20  2.6262556287901E-19 -6.7374227906255E-01 -7.6771756298121E-01
 4.9048056364975E+00  5.3991318607472E-02  1.0745391310667E+00 -1.2398399040902E+00  2.9954665527625E-01  7.9151835291285E-20  2.8991839687920E-19 -6.2042514687547E-01 -6.9197949387769E-01
 5.4545454545455E+00  5.3359297010248E-02  9.6411347987123E-01 -1.1083813205143E+00  2.7608668197444E-01 -8.5839583568794E-20  9.2410234410673E-20 -5.6416448694184E-01 -6.1613515866292E-01
 6.0795542687962E+00  5.0807942900999E-02  8.5220698975462E-01 -9.7622289389412E-01  2.4999106760385E-01 -1.6015162175271E-19  5.0152928005691E-20 -5.0526656331656E-01 -5.4092192021370E-01
 6.7934463423832E+00  4.6361399778025E-02  7.4006107081488E-01 -8.4483781887925E-01  2.2146137424924E-01  4.0862343982957E-20 -1.2470674051845E-19 -4.4426343101975E-01 -4.6717613759377E-01
 7.6129002726496E+00  4.0166286469388E-02  6.2916930868785E-01 -7.1599630667180E-01  1.9094433617331E-01  1.4131387084668E-19 -1.1704959744414E-19 -3.8193399888801E-01 -3.9582448707735E-01
 8.5584611558500E+00  3.2564554669771E-02  5.2134534750820E-01 -5.9174759358278E-01  1.5913740573720E-01  8.7640205885326E-20  2.2241603115748E-19 -3.1938881712385E-01 -3.2785741717913E-01
 9.6555688906727E+00  2.4086265292438E-02  4.1868805258090E-01 -4.7439569120869E-01  1.2706987063150E-01 -1.6928307427997E-19  9.4943055965753E-20 -2.5806665109741E-01 -2.6430043825032E-01
 1.0935870685435E+01  1.5471721689720E-02  3.2353738899551E-01 -3.6639974350769E-01  9.6044448224277E-02  1.0043964030086E-19  6.7117334688257E-20 -1.9975503246258E-01 -2.0616961871663E-01
 1.2438879256439E+01  7.5727808899846E-03  2.3831414141269E-01 -2.7023379139855E-01  6.7597082516927E-02  6.5417048573894E-20 -6.7727164962759E-22 -1.4646136005196E-01 -1.5442700262921E-01
 1.4214025594877E+01  1.2458590455192E-03  1.6529667025015E-01 -1.8813177828177E-01  4.3251891680664E-02 -8.3379275010359E-20 -1.2560395077875E-19 -1.0023603695448E-01 -1.0991900943950E-01
 1.6323103064291E+01 -2.8925373617471E-03  1.0624325985876E-01 -1.2176338574173E-01  2.4258151302921E-02  2.0495293978076E-19  1.6111365203557E-20 -6.2788882269765E-02 -7.3301966114798E-02
 1.8842958547214E+01 -4.6571907893494E-03  6.1968975591757E-02 -7.1810337032013E-02  1.1173055962687E-02 -7.4109612353216E-20  1.3780828493170E-20 -3.5078083520842E-02 -4.4921384119300E-02
 2.1867956415951E+01 -4.4553278920350E-03  3.1917589822932E-02 -3.7593786644883E-02  3.6336505760903E-03  2.3436842017083E-20  1.1464955625551E-20 -1.6871740069183E-02 -2.4649222849337E-02
 2.5511030361867E+01 -3.1419551871798E-03  1.4024201959206E-02 -1.6893322630850E-02  3.3427447092460E-04 -1.3391406029145E-20  7.4312812934434E-23 -6.6637861140268E-03 -1.1704987178485E-02
 2.9900709274659E+01 -1.6798066246325E-03  5.0385811245363E-03 -6.2552524325658E-03 -4.7696403584133E-04  4.4414623551804E-21  4.5660236409938E-21 -2.0196325946082E-03 -4.6107236631101E-03
 3.5168864215715E+01 -6.6403115158268E-04  1.4142812137268E-03 -1.8228608761043E-03 -3.5284572699043E-04  4.7281901032879E-21  2.4619863901757E-20 -4.2700583516809E-04 -1.4350955464699E-03
 4.1419695291531E+01 -1.9002912978462E-04  2.9776332388117E-04 -4.0244261578734E-04 -1.2935660300262E-04  1.4436114264027E-21 -5.7571054029796E-21 -5.1054941440005E-05 -3.3780119571232E-04
 4.8665626607709E+01 -3.7083697634203E-05  4.7610433664113E-05 -6.6577711685696E-05 -3.1373513090155E-05  1.2737410517921E-20 -9.1261193327558E-21 -2.2821474112595E-06 -5.8772545163282E-05
 5.6716111653915E+01 -6.3331666007280E-06  5.9541281608537E-06 -9.1319341817379E-06 -3.8910911286686E-06  2.6113314845172E-21  6.2267060621929E-21  1.0512585075083E-06 -8.2796822573695E-06
 6.5027225430406E+01 -8.4803994643396E-08  1.0657683363900E-06 -1.0953406615875E-06 -1.4708411288583E-06 -2.6237530774711E-21 -8.5616691267439E-21 -5.0738177482572E-07 -8.8700857903012E-07
 7.2587189964099E+01 -5.3663314538976E-07 -1.5624469081006E-08 -2.7754767505597E-07  4.5961054547866E-07  5.2899689878749E-21  1.2672465086483E-21  3.7115260567448E-07 -2.6600740071189E-07
 7.8010805313165E+01  7.7949022374320E-07  3.1378878948120E-07  2.9681080610704E-08 -1.0716099586662E-06  1.6194718083412E-20 -2.2954300453825E-21 -6.9078517858800E-07  1.8465439101740E-07
 8.0000000000000E+01  0.0000000000000E+00  0.0000000000000E+00  0.0000000000000E+00  0.0000000000000E+00  0.0000000000000E+00  0.0000000000000E+00  0.0000000000000E+00  0.0000000000000E+00
