#  1.0000000000000E+00  0.0000000000000E+00  2.3181424059429E-01 -6.4182155740487E-03  8.0000000000000E-02
 0.0000000000000E+00 -5.9302702993904E-16 -5.9302702993904E-16  1.4511720262038E-15 -8.9302893920233E-16  3.7673507472805E-38  1.8282731567685E-38 -1.0709502003527E+00 -1.4345702040769E+00
 1.2134956257652E-03 -3.5611801209992E-02 -3.4765714133170E-02 -5.2300665917368E-06  8.7239216215800E-06  6.8934593440695E-25  4.4072230109983E-25 -1.0709541096692E+00 -1.4345662488236E+00
 4.8598042576750E-03 -1.3951769467314E-01 -1.3938100239065E-01 -7.2242971208344E-05  9.4591627371838E-05  2.0627614994919E-24  4.5658018671032E-25 -1.0709784967481E+00 -1.4345372137358E+00
 1.0956449776219E-02 -3.0310451981791E-01 -3.1456425067492E-01 -3.6956920376221E-04  4.7323572355662E-04  5.0108548698587E-24  1.8306350328691E-24 -1.0710144184535E+00 -1.4344919725017E+00
 1.9532835037547E-02 -5.1260806320863E-01 -5.6076845922579E-01 -1.1783802393908E-03  1.4502652419407E-03  8.3034425079779E-24  1.7940107228472E-24 -1.0710707397022E+00 -1.4344330918292E+00
 3.0630539981632E-02 -7.5002525230792E-01 -8.7720811149233E-01 -2.9132630405218E-03  3.4298922195215E-03  1.3777395163413E-23  4.4938299006367E-24 -1.0711407322320E+00 -1.4343669363940E+00
 4.4303746127476E-02 -9.9440927588800E-01 -1.2607658134233E+00 -6.1170730587798E-03  6.8244731778938E-03  1.8943439572634E-23  3.6662981589437E-24 -1.0712339302989E+00 -1.4342993242902E+00
 6.0619794820640E-02 -1.2235335663728E+00 -1.7050159593792E+00 -1.1472304949722E-02  1.2044374106588E-02  2.7356651849371E-23  7.6867437083086E-24 -1.0713441384907E+00 -1.4342400462571E+00
 7.9659889028125E-02 -1.4158245590043E+00 -2.1996008172184E+00 -1.9777850547058E-02  1.9397435506634E-02  3.4526218668973E-23  4.6144308791042E-24 -1.0714811552253E+00 -1.4341984764851E+00
 1.0151995116565E-01 -1.5524259011702E+00 -2.7301798839131E+00 -3.1935328203404E-02  2.9080240971346E-02  4.6486548486345E-23  8.9078373681436E-24 -1.0716385681032E+00 -1.4341879666497E+00
 1.2631165246940E-01 -1.6191408253407E+00 -3.2790607018275E+00 -4.8898287578286E-02  4.1092697933697E-02  5.5890931455828E-23  5.3997501080015E-25 -1.0718252337443E+00 -1.4342212221420E+00
 1.5416363287784E-01 -1.6080169712219E+00 -3.8265346970848E+00 -7.1633938889718E-02  5.5258750307397E-02  7.1855744537212E-23  1.9052420522311E-24 -1.0720327509070E+00 -1.4343143133220E+00
 1.8522293437556E-01 -1.5182868645637E+00 -4.3527324764928E+00 -1.0105740849219E-01  7.1182953402470E-02  8.2936179305103E-23 -1.7811142956640E-23 -1.0722666188951E+00 -1.4344814833579E+00
 2.1965667539691E-01 -1.3565252291555E+00 -4.8397353077943E+00 -1.3799339988108E-01  8.8321578229641E-02  1.0135028193182E-22 -2.6321332338371E-23 -1.0725133330851E+00 -1.4347383629807E+00
 2.5765399934730E-01 -1.1359485419952E+00 -5.2734810116110E+00 -1.8312819605343E-01  1.0599124417305E-01  1.0926944023329E-22 -6.8029304363215E-23 -1.0727712088884E+00 -1.4350957074116E+00
 2.9942833676086E-01 -8.7501210706845E-01 -5.6450721162865E+00 -2.3700516101790E-01  1.2348663744203E-01  1.2056650682532E-22 -9.7972446379467E-23 -1.0730171000074E+00 -1.4355612184697E+00
 3.4522002830748E-01 -5.9552830217498E-01 -5.9510312633067E+00 -3.0001952127473E-01  1.4012330609967E-01  1.0665375044790E-22 -1.7564983499145E-22 -1.0732368971431E+00 -1.4361314953251E+00
 3.9529936507288E-01 -3.2062473122440E-01 -6.1923469915942E+00 -3.7245338792932E-01  1.5537320312294E-01  7.9339134620259E-23 -2.3690475263377E-22 -1.0733918266699E+00 -1.4367916084676E+00
 4.4997011361895E-01 -7.2731733526363E-02 -6.3722499759193E+00 -4.5449028928820E-01  1.6890689340020E-01 -6.7658406596656E-24 -3.5167501226539E-22 -1.0734484954454E+00 -1.4375042180087E+00
 5.0957360672842E-01  1.2839204417708E-01 -6.4931577679340E+00 -5.4623444804797E-01  1.8070966122045E-01 -1.4408763763127E-22 -4.1878494849103E-22 -1.0733444626378E+00 -1.4382056490252E+00
 5.7449349700374E-01  2.6780257447688E-01 -6.5534387693835E+00 -6.4766252987888E-01  1.9108144545053E-01 -3.9149277736896E-22 -4.9882053359293E-22 -1.0730172920029E+00 -1.4387907267989E+00
 6.4516129032258E-01  3.3790827261538E-01 -6.5452455051519E+00 -7.5853709681164E-01  2.0067828175621E-01 -7.2266067270217E-22 -4.1850348770862E-22 -1.0723685402208E+00 -1.4391038720578E+00
 7.2206280043514E-01  3.4113940599517E-01 -6.4546761601031E+00 -8.7823469402628E-01  2.1039155447970E-01 -1.1570335938981E-21 -2.0407970233401E-22 -1.0712906765302E+00 -1.4389184908378E+00
 8.0574569584327E-01  2.9159479358494E-01 -6.2653767036715E+00 -1.0055739751493E+00  2.2122017131569E-01 -1.5504020591635E-21  3.9331893217821E-22 -1.0696282153086E+00 -1.4379229912042E+00
 8.9682834696002E-01  2.1347751703830E-01 -5.9649910652917E+00 -1.1386658664242E+00  2.3396741352292E-01 -1.7523529557299E-21  1.2943305139307E-21 -1.0672016367514E+00 -1.4356967795717E+00
 9.9601022724332E-01  1.3461352481400E-01 -5.5516855628415E+00 -1.2749145889475E+00  2.4901241606507E-01 -1.4030534554495E-21  2.6042127306795E-21 -1.0637661221885E+00 -1.4316968826255E+00
 1.1040841788897E+00  7.6119895821532E-02 -5.0358886931337E+00 -1.4111324209199E+00  2.6611500731049E-01 -2.8008319721939E-22  3.8173370427655E-21 -1.0590356025204E+00 -1.4252413851957E+00
 1.2219509248095E+00  4.4036192167262E-02 -4.4346144270471E+00 -1.5437147579907E+00  2.8455200983234E-01  1.7088947627102E-21  4.5748683835010E-21 -1.0526460138917E+00 -1.4155140334203E+00
 1.3506362979409E+00  2.9885542378862E-02 -3.7620542263684E+00 -1.6686404110580E+00  3.0337699564271E-01  3.9883858405518E-21  4.1017399789777E-21 -1.0441904529144E+00 -1.4015800036388E+00
 1.4913117716510E+00  2.0952824665904E-02 -3.0263534552149E+00 -1.7812967176704E+00  3.2175499521236E-01  5.7136198627697E-21  2.6814235788347E-21 -1.0332007643501E+00 -1.3824410387121E+00
 1.6453190177622E+00  1.0815053877874E-02 -2.2378661241180E+00 -1.8763084465056E+00  3.3896383287934E-01  6.1300545969955E-21  9.2581986335895E-22 -1.0192082563219E+00 -1.3571208995757E+00
 1.8141994004940E+00  8.3159778717800E-04 -1.4219625615558E+00 -1.9478124339702E+00  3.5427981642903E-01  5.7134018579713E-21  2.3890947485184E-22 -1.0017555133290E+00 -1.3248019244948E+00
 1.9997295470214E+00 -5.3959745665851E-03 -6.2385192374569E-01 -1.9902756606772E+00  3.6683012178112E-01  5.3033228333083E-21  3.2891562321497E-22 -9.8048610737596E-01 -1.2849795650146E+00
 2.2039644338840E+00 -5.7907672408961E-03  9.7658012307081E-02 -1.9997174800542E+00  3.7573397059199E-01  5.0380882479734E-21  6.6938832927366E-22 -9.5517019994929E-01 -1.2376125080440E+00
 2.4292898137085E+00 -8.0115681712956E-05  6.8384104203339E-01 -1.9749085502563E+00  3.8025923568348E-01  3.8378783825489E-21  6.6237266191150E-22 -9.2577430793467E-01 -1.1831875060926E+00
 2.6784863059733E+00  1.0432002017545E-02  1.0936936906916E+00 -1.9181335544612E+00  3.8005673783222E-01  2.0098839853797E-21  1.3994708746386E-21 -8.9242006518549E-01 -1.1226595722745E+00
 2.9548081253617E+00  2.3054714231143E-02  1.3199508683587E+00 -1.8349128447760E+00  3.7521539980476E-01  7.7199980445566E-22  2.0662325052939E-21 -8.5535326744516E-01 -1.0572437219026E+00
 3.2620802702989E+00  3.4778641352833E-02  1.3924795225271E+00 -1.7325252216638E+00  3.6624602342312E-01  9.1646405047193E-22  2.2862244363171E-21 -8.1481362567684E-01 -9.8815232846802E-01
 3.6048191074170E+00  4.3688070314793E-02  1.3634376282957E+00 -1.6178648185703E+00  3.5379549116098E-01  1.8166880381581E-21  1.5260296388870E-21 -7.7098626248600E-01 -9.1638983604665E-01
 3.9883827509977E+00  4.9476011360110E-02  1.2828051077312E+00 -1.4958834847443E+00  3.3840335734925E-01  3.7220994357428E-21  5.7217262628750E-22 -7.2394753362984E-01 -8.4271247887532E-01
 4.4191595630774E+00  5.2742109203715E-02  1.1820863287292E+00 -1.3693766903500E+00  3.2030644517031E-01  6.6158196355832E-21 -2.0796283696271E-21 -6.7374227906256E-01 -7.6771756298120E-01
 4.9048056364975E+00  5.3991318607478E-02  1.0745391310667E+00 -1.2398399040902E+00  2.9954665527626E-01  7.2774501144377E-21 -3.5305015158914E-21 -6.2042514687548E-01 -6.9197949387769E-01
 5.4545454545455E+00  5.3359297010251E-02  9.6411347987123E-01 -1.1083813205143E+00  2.7608668197445E-01  3.6885277162515E-21  2.2257277487734E-22 -5.6416448694185E-01 -6.1613515866292E-01
 6.0795542687962E+00  5.0807942901001E-02  8.5220698975462E-01 -9.7622289389412E-01  2.4999106760386E-01  2.0896758142416E-21  3.5930976545263E-21 -5.0526656331656E-01 -5.4092192021370E-01
 6.7934463423832E+00  4.6361399778029E-02  7.4006107081489E-01 -8.4483781887925E-01  2.2146137424924E-01 -3.3128710118656E-21  1.6807883843520E-22 -4.4426343101976E-01 -4.6717613759377E-01
 7.6129002726496E+00  4.0166286469392E-02  6.2916930868785E-01 -7.1599630667180E-01  1.9094433617332E-01 -4.1029125227147E-21 -2.9568860613600E-21 -3.8193399888802E-01 -3.9582448707735E-01
 8.5584611558500E+00  3.2564554669775E-02  5.2134534750820E-01 -5.9174759358278E-01  1.5913740573720E-01  4.7253841189439E-21 -3.9683848819106E-21 -3.1938881712386E-01 -3.2785741717913E-01
 9.6555688906727E+00  2.4086265292440E-02  4.1868805258091E-01 -4.7439569120869E-01  1.2706987063151E-01  4.0603343801129E-21  2.8325552931646E-21 -2.5806665109742E-01 -2.6430043825032E-01
 1.0935870685435E+01  1.5471721689724E-02  3.2353738899551E-01 -3.6639974350769E-01  9.6044448224280E-02  8.4248244794138E-22 -3.2718611477557E-21 -1.9975503246259E-01 -2.0616961871663E-01
 1.2438879256439E+01  7.5727808899859E-03  2.3831414141269E-01 -2.7023379139855E-01  6.7597082516929E-02 -6.9715892878638E-22 -1.6375588163305E-21 -1.4646136005196E-01 -1.5442700262921E-01
 1.4214025594877E+01  1.2458590455202E-03  1.6529667025015E-01 -1.8813177828177E-01  4.3251891680665E-02 -2.5760121735891E-21  3.4287261912826E-21 -1.0023603695448E-01 -1.0991900943950E-01
 1.6323103064291E+01 -2.8925373617465E-03  1.0624325985876E-01 -1.2176338574173E-01  2.4258151302922E-02 -1.7648588177199E-21 -5.4581764870826E-21 -6.2788882269767E-02 -7.3301966114798E-02
 1.8842958547214E+01 -4.6571907893493E-03  6.1968975591758E-02 -7.1810337032014E-02  1.1173055962688E-02  1.1007116531116E-21  1.7260353811680E-21 -3.5078083520843E-02 -4.4921384119301E-02
 2.1867956415951E+01 -4.4553278920350E-03  3.1917589822932E-02 -3.7593786644884E-02  3.6336505760905E-03  8.7916232727126E-23 -7.2364643550636E-22 -1.6871740069184E-02 -2.4649222849338E-02
 2.5511030361867E+01 -3.1419551871798E-03  1.4024201959206E-02 -1.6893322630850E-02  3.3427447092448E-04  1.3345212242114E-22  3.3855674181727E-22 -6.6637861140270E-03 -1.1704987178485E-02
 2.9900709274659E+01 -1.6798066246325E-03  5.0385811245362E-03 -6.2552524325660E-03 -4.7696403584134E-04  8.4469160259020E-23 -1.6524621303540E-22 -2.0196325946082E-03 -4.6107236631102E-03
 3.5168864215715E+01 -6.6403115158263E-04  1.4142812137268E-03 -1.8228608761043E-03 -3.5284572699047E-04  5.9232427211594E-22 -4.1914275380498E-22 -4.2700583516807E-04 -1.4350955464699E-03
 4.1419695291531E+01 -1.9002912978458E-04  2.9776332388114E-04 -4.0244261578734E-04 -1.2935660300259E-04 -1.6527501659774E-22  3.1172080321941E-23 -5.1054941439996E-05 -3.3780119571230E-04
 4.8665626607709E+01 -3.7083697634198E-05  4.7610433664133E-05 -6.6577711685575E-05 -3.1373513090170E-05 -3.9715769556647E-22 -2.3494541192939E-22 -2.2821474112992E-06 -5.8772545163296E-05
 5.6716111653915E+01 -6.3331666007027E-06  5.9541281607721E-06 -9.1319341817028E-06 -3.8910911286356E-06  1.3763066638656E-22 -1.4073903733661E-22  1.0512585075678E-06 -8.2796822573195E-06
 6.5027225430406E+01 -8.4803994612909E-08  1.0657683364196E-06 -1.0953406615662E-06 -1.4708411288414E-06 -1.9960997328130E-22  1.6889181400390E-22 -5.0738177485367E-07 -8.8700857901965E-07
 7.2587189964099E+01 -5.3663314539235E-07 -1.5624469059392E-08 -2.7754767509442E-07  4.5961054549653E-07 -2.7837383353753E-23 -1.5465105879616E-22  3.7115260565946E-07 -2.6600740071926E-07
 7.8010805313165E+01  7.7949022373765E-07  3.1378878950908E-07  2.9681080647135E-08 -1.0716099586894E-06 -2.4851725727426E-22 -4.0532797627554E-22 -6.9078517861476E-07  1.8465439100126E-07
 8.0000000000000E+01  0.0000000000000E+00  0.0000000000000E+00  0.0000000000000E+00  0.0000000000000E+00  0.0000000000000E+00  0.0000000000000E+00  0.0000000000000E+00  0.0000000000000E+00
