#  1.0000000000000E+00  0.0000000000000E+00  2.3181424059429E-01 -6.4182155740488E-03  8.0000000000000E-02
 0.0000000000000E+00 -1.2558219457533E-16 -2.9023440524076E-15  0.0000000000000E+00  6.6977170440174E-16 -1.1080443374354E-37 -8.4950065870050E-38 -1.0709502003527E+00 -1.4345702040769E+00
 1.2134956257652E-03 -3.5611801209992E-02 -3.4765714133172E-02 -5.2300665929248E-06  8.7239216233613E-06 -1.1825337957333E-24  1.4305215366204E-24 -1.0709541096692E+00 -1.4345662488236E+00
 4.8598042576750E-03 -1.3951769467314E-01 -1.3938100239066E-01 -7.2242971209792E-05  9.4591627373666E-05 -1.2030545112932E-24  5.8652085396314E-24 -1.0709784967481E+00 -1.4345372137358E+00
 1.0956449776219E-02 -3.0310451981791E-01 -3.1456425067492E-01 -3.6956920376318E-04  4.7323572355856E-04 -4.7994673015360E-24  1.3022557973980E-23 -1.0710144184536E+00 -1.4344919725017E+00
 1.9532835037547E-02 -5.1260806320863E-01 -5.6076845922580E-01 -1.1783802393918E-03  1.4502652419429E-03 -4.7247580300217E-24  2.3606978893012E-23 -1.0710707397023E+00 -1.4344330918292E+00
 3.0630539981632E-02 -7.5002525230793E-01 -8.7720811149234E-01 -2.9132630405224E-03  3.4298922195233E-03 -1.1711342177396E-23  3.6535555464877E-23 -1.0711407322320E+00 -1.4343669363940E+00
 4.4303746127476E-02 -9.9440927588800E-01 -1.2607658134233E+00 -6.1170730587803E-03  6.8244731778956E-03 -9.6157748343780E-24  5.3830874243824E-23 -1.0712339302989E+00 -1.4342993242902E+00
 6.0619794820640E-02 -1.2235335663728E+00 -1.7050159593793E+00 -1.1472304949722E-02  1.2044374106590E-02 -1.9867113448183E-23  7.2938945205783E-23 -1.0713441384907E+00 -1.4342400462571E+00
 7.9659889028125E-02 -1.4158245590044E+00 -2.1996008172184E+00 -1.9777850547059E-02  1.9397435506636E-02 -1.1863786880473E-23  9.7991053352317E-23 -1.0714811552253E+00 -1.4341984764851E+00
 1.0151995116565E-01 -1.5524259011702E+00 -2.7301798839131E+00 -3.1935328203404E-02  2.9080240971348E-02 -2.2377109000447E-23  1.2414191293405E-22 -1.0716385681032E+00 -1.4341879666497E+00
 1.2631165246940E-01 -1.6191408253407E+00 -3.2790607018275E+00 -4.8898287578286E-02  4.1092697933699E-02 -2.0997038897116E-25  1.5825300782265E-22 -1.0718252337443E+00 -1.4342212221420E+00
 1.5416363287784E-01 -1.6080169712219E+00 -3.8265346970849E+00 -7.1633938889718E-02  5.5258750307399E-02 -2.0751256581091E-24  1.9175251436333E-22 -1.0720327509070E+00 -1.4343143133220E+00
 1.8522293437556E-01 -1.5182868645637E+00 -4.3527324764929E+00 -1.0105740849219E-01  7.1182953402473E-02  5.0672165864546E-23  2.3398828953533E-22 -1.0722666188951E+00 -1.4344814833579E+00
 2.1965667539691E-01 -1.3565252291555E+00 -4.8397353077944E+00 -1.3799339988108E-01  8.8321578229645E-02  7.6525535292114E-23  2.6939266537746E-22 -1.0725133330851E+00 -1.4347383629807E+00
 2.5765399934730E-01 -1.1359485419952E+00 -5.2734810116110E+00 -1.8312819605343E-01  1.0599124417306E-01  1.8854220079046E-22  3.0699055909368E-22 -1.0727712088884E+00 -1.4350957074116E+00
 2.9942833676086E-01 -8.7501210706846E-01 -5.6450721162866E+00 -2.3700516101790E-01  1.2348663744203E-01  2.7331213391019E-22  3.1669652804575E-22 -1.0730171000074E+00 -1.4355612184697E+00
 3.4522002830748E-01 -5.9552830217498E-01 -5.9510312633067E+00 -3.0001952127473E-01  1.4012330609968E-01  4.8145743352090E-22  2.9921994105408E-22 -1.0732368971431E+00 -1.4361314953251E+00
 3.9529936507288E-01 -3.2062473122440E-01 -6.1923469915942E+00 -3.7245338792933E-01  1.5537320312295E-01  6.5034597607016E-22  1.9622885330083E-22 -1.0733918266699E+00 -1.4367916084676E+00
 4.4997011361895E-01 -7.2731733526365E-02 -6.3722499759193E+00 -4.5449028928821E-01  1.6890689340020E-01  9.5435700064572E-22 -1.1204997532916E-23 -1.0734484954454E+00 -1.4375042180087E+00
 5.0957360672842E-01  1.2839204417708E-01 -6.4931577679341E+00 -5.4623444804798E-01  1.8070966122045E-01  1.1342780688818E-21 -4.1833402024891E-22 -1.0733444626378E+00 -1.4382056490252E+00
 5.7449349700374E-01  2.6780257447687E-01 -6.5534387693835E+00 -6.4766252987888E-01  1.9108144545054E-01  1.3350565807534E-21 -1.0471474526331E-21 -1.0730172920029E+00 -1.4387907267989E+00
 6.4516129032258E-01  3.3790827261537E-01 -6.5452455051520E+00 -7.5853709681165E-01  2.0067828175622E-01  1.1118626922306E-21 -1.9691895561277E-21 -1.0723685402209E+00 -1.4391038720578E+00
 7.2206280043514E-01  3.4113940599517E-01 -6.4546761601032E+00 -8.7823469402628E-01  2.1039155447970E-01  5.2255535470098E-22 -3.0593192922881E-21 -1.0712906765302E+00 -1.4389184908378E+00
 8.0574569584327E-01  2.9159479358495E-01 -6.2653767036715E+00 -1.0055739751493E+00  2.2122017131569E-01 -1.0513850148153E-21 -4.1109618138693E-21 -1.0696282153086E+00 -1.4379229912042E+00
 8.9682834696002E-01  2.1347751703831E-01 -5.9649910652917E+00 -1.1386658664242E+00  2.3396741352292E-01 -3.3797656415824E-21 -4.5249153757171E-21 -1.0672016367514E+00 -1.4356967795717E+00
 9.9601022724332E-01  1.3461352481401E-01 -5.5516855628416E+00 -1.2749145889475E+00  2.4901241606507E-01 -6.6554127355737E-21 -3.6333724585518E-21 -1.0637661221885E+00 -1.4316968826255E+00
 1.1040841788897E+00  7.6119895821549E-02 -5.0358886931337E+00 -1.4111324209199E+00  2.6611500731049E-01 -9.5393505467304E-21 -7.3343587236599E-22 -1.0590356025204E+00 -1.4252413851958E+00
 1.2219509248095E+00  4.4036192167282E-02 -4.4346144270471E+00 -1.5437147579907E+00  2.8455200983235E-01 -1.1150016536361E-20  3.9150955466540E-21 -1.0526460138917E+00 -1.4155140334203E+00
 1.3506362979409E+00  2.9885542378881E-02 -3.7620542263684E+00 -1.6686404110580E+00  3.0337699564271E-01 -9.8179476898286E-21  8.9384570024489E-21 -1.0441904529144E+00 -1.4015800036388E+00
 1.4913117716510E+00  2.0952824665920E-02 -3.0263534552149E+00 -1.7812967176704E+00  3.2175499521236E-01 -6.7652850766651E-21  1.1936313991135E-20 -1.0332007643501E+00 -1.3824410387121E+00
 1.6453190177622E+00  1.0815053877886E-02 -2.2378661241180E+00 -1.8763084465056E+00  3.3896383287934E-01 -3.8922457037504E-21  1.1987699506159E-20 -1.0192082563220E+00 -1.3571208995757E+00
 1.8141994004940E+00  8.3159778718600E-04 -1.4219625615558E+00 -1.9478124339702E+00  3.5427981642903E-01 -4.2440998359695E-21  1.0703384589590E-20 -1.0017555133291E+00 -1.3248019244948E+00
 1.9997295470214E+00 -5.3959745665754E-03 -6.2385192374568E-01 -1.9902756606772E+00  3.6683012178112E-01 -5.8158649243082E-21  1.0678322921663E-20 -9.8048610737597E-01 -1.2849795650146E+00
 2.2039644338840E+00 -5.7907672408864E-03  9.7658012307080E-02 -1.9997174800542E+00  3.7573397059199E-01 -6.4273830593517E-21  1.0681884491043E-20 -9.5517019994930E-01 -1.2376125080440E+00
 2.4292898137085E+00 -8.0115681708201E-05  6.8384104203335E-01 -1.9749085502563E+00  3.8025923568348E-01 -5.0283638020834E-21  7.6713579769435E-21 -9.2577430793468E-01 -1.1831875060926E+00
 2.6784863059733E+00  1.0432002017531E-02  1.0936936906916E+00 -1.9181335544612E+00  3.8005673783222E-01 -5.2656269531424E-21  2.2249313570397E-21 -8.9242006518549E-01 -1.1226595722745E+00
 2.9548081253617E+00  2.3054714231136E-02  1.3199508683587E+00 -1.8349128447760E+00  3.7521539980476E-01 -5.7244691676278E-21 -1.1281256994765E-21 -8.5535326744517E-01 -1.0572437219026E+00
 3.2620802702989E+00  3.4778641352835E-02  1.3924795225271E+00 -1.7325252216638E+00  3.6624602342313E-01 -6.1221947891578E-21 -8.5439008467575E-22 -8.1481362567685E-01 -9.8815232846803E-01
 3.6048191074170E+00  4.3688070314796E-02  1.3634376282957E+00 -1.6178648185703E+00  3.5379549116098E-01 -5.4200724868767E-21  1.9723958457789E-21 -7.7098626248600E-01 -9.1638983604666E-01
 3.9883827509977E+00  4.9476011360116E-02  1.2828051077312E+00 -1.4958834847444E+00  3.3840335734925E-01 -5.8182643128178E-21  7.0725123029308E-21 -7.2394753362984E-01 -8.4271247887533E-01
 4.4191595630774E+00  5.2742109203710E-02  1.1820863287292E+00 -1.3693766903500E+00  3.2030644517031E-01 -3.0611695027658E-21  1.6844317735815E-20 -6.7374227906256E-01 -7.6771756298121E-01
 4.9048056364975E+00  5.3991318607474E-02  1.0745391310667E+00 -1.2398399040902E+00  2.9954665527626E-01  6.7164906135045E-23  1.9973902534751E-20 -6.2042514687548E-01 -6.9197949387769E-01
 5.4545454545455E+00  5.3359297010252E-02  9.6411347987124E-01 -1.1083813205144E+00  2.7608668197445E-01 -4.9768886559625E-21  7.2264904610111E-21 -5.6416448694185E-01 -6.1613515866292E-01
 6.0795542687962E+00  5.0807942900999E-02  8.5220698975463E-01 -9.7622289389413E-01  2.4999106760386E-01 -1.0502820742860E-20  7.7695136028139E-22 -5.0526656331656E-01 -5.4092192021370E-01
 6.7934463423832E+00  4.6361399778026E-02  7.4006107081490E-01 -8.4483781887926E-01  2.2146137424924E-01  3.4961777980031E-21 -7.5137521939034E-21 -4.4426343101976E-01 -4.6717613759377E-01
 7.6129002726496E+00  4.0166286469390E-02  6.2916930868785E-01 -7.1599630667181E-01  1.9094433617332E-01  1.0963793090208E-20 -5.8443535306376E-21 -3.8193399888802E-01 -3.9582448707735E-01
 8.5584611558500E+00  3.2564554669774E-02  5.2134534750820E-01 -5.9174759358278E-01  1.5913740573720E-01  3.4147049464641E-21  1.5011506633319E-20 -3.1938881712386E-01 -3.2785741717914E-01
 9.6555688906727E+00  2.4086265292439E-02  4.1868805258091E-01 -4.7439569120869E-01  1.2706987063151E-01 -1.1111833117409E-20  5.4405652157733E-21 -2.5806665109742E-01 -2.6430043825032E-01
 1.0935870685435E+01  1.5471721689721E-02  3.2353738899552E-01 -3.6639974350769E-01  9.6044448224279E-02  6.1527357065258E-21  5.5072748506998E-21 -1.9975503246259E-01 -2.0616961871663E-01
 1.2438879256439E+01  7.5727808899842E-03  2.3831414141269E-01 -2.7023379139855E-01  6.7597082516928E-02  4.3671140498207E-21  3.8495045507393E-22 -1.4646136005196E-01 -1.5442700262921E-01
 1.4214025594877E+01  1.2458590455193E-03  1.6529667025015E-01 -1.8813177828178E-01  4.3251891680665E-02 -4.5276508585771E-21 -9.4066089222779E-21 -1.0023603695448E-01 -1.0991900943950E-01
 1.6323103064291E+01 -2.8925373617474E-03  1.0624325985876E-01 -1.2176338574173E-01  2.4258151302921E-02  1.3814318624328E-20  2.4824674153892E-21 -6.2788882269766E-02 -7.3301966114799E-02
 1.8842958547214E+01 -4.6571907893497E-03  6.1968975591758E-02 -7.1810337032014E-02  1.1173055962687E-02 -5.0277637020521E-21  3.9878172157394E-22 -3.5078083520843E-02 -4.4921384119301E-02
 2.1867956415951E+01 -4.4553278920352E-03  3.1917589822933E-02 -3.7593786644884E-02  3.6336505760902E-03  1.4739934600912E-21  1.0017242283260E-21 -1.6871740069184E-02 -2.4649222849338E-02
 2.5511030361867E+01 -3.1419551871799E-03  1.4024201959206E-02 -1.6893322630850E-02  3.3427447092446E-04 -8.9099552847191E-22 -9.7808921591097E-23 -6.6637861140269E-03 -1.1704987178485E-02
 2.9900709274659E+01 -1.6798066246324E-03  5.0385811245363E-03 -6.2552524325659E-03 -4.7696403584139E-04  2.6210640451131E-22  3.6435303939558E-22 -2.0196325946082E-03 -4.6107236631102E-03
 3.5168864215715E+01 -6.6403115158260E-04  1.4142812137267E-03 -1.8228608761043E-03 -3.5284572699043E-04  2.0471207636446E-22  1.7472712044030E-21 -4.2700583516801E-04 -1.4350955464698E-03
 4.1419695291531E+01 -1.9002912978461E-04  2.9776332388119E-04 -4.0244261578733E-04 -1.2935660300259E-04  1.2672595646773E-22 -3.8986993268553E-22 -5.1054941440037E-05 -3.3780119571234E-04
 4.8665626607709E+01 -3.7083697634208E-05  4.7610433664120E-05 -6.6577711685694E-05 -3.1373513090111E-05  9.5536177345632E-22 -5.7286433142140E-22 -2.2821474112705E-06 -5.8772545163279E-05
 5.6716111653915E+01 -6.3331666007324E-06  5.9541281608599E-06 -9.1319341817258E-06 -3.8910911286725E-06  1.4257172891674E-22  4.5451965330033E-22  1.0512585075008E-06 -8.2796822573942E-06
 6.5027225430406E+01 -8.4803994637368E-08  1.0657683364052E-06 -1.0953406616047E-06 -1.4708411288417E-06 -1.3079274319858E-22 -6.1884176501333E-22 -5.0738177483816E-07 -8.8700857902990E-07
 7.2587189964099E+01 -5.3663314539740E-07 -1.5624469057873E-08 -2.7754767505950E-07  4.5961054549790E-07  3.6204069845753E-22  1.1913129288005E-22  3.7115260564921E-07 -2.6600740072953E-07
 7.8010805313165E+01  7.7949022374870E-07  3.1378878949092E-07  2.9681080609105E-08 -1.0716099586603E-06  1.1497389320986E-21 -6.3305185962183E-23 -6.9078517859084E-07  1.8465439103232E-07
 8.0000000000000E+01  0.0000000000000E+00  0.0000000000000E+00  0.0000000000000E+00  0.0000000000000E+00  0.0000000000000E+00  0.0000000000000E+00  0.0000000000000E+00  0.0000000000000E+00
