#  1.0000000000000E+00  0.0000000000000E+00  2.3181424059429E-01 -6.4182155740488E-03  8.0000000000000E-02
 0.0000000000000E+00  1.2697755229283E-15 -1.3953577175036E-15  1.0046575566026E-15 -8.9302893920233E-16 -8.1995280970223E-37 -1.2528287975270E-36 -1.0709502003527E+00 -1.4345702040769E+00
 1.2134956257652E-03 -3.5611801209990E-02 -3.4765714133170E-02 -5.2300665921822E-06  8.7239216215799E-06  3.4433043344107E-24 -7.3563555400396E-24 -1.0709541096692E+00 -1.4345662488236E+00
 4.8598042576750E-03 -1.3951769467313E-01 -1.3938100239065E-01 -7.2242971208801E-05  9.4591627371838E-05  3.9882987734554E-24 -4.9024089834275E-23 -1.0709784967481E+00 -1.4345372137358E+00
 1.0956449776219E-02 -3.0310451981791E-01 -3.1456425067492E-01 -3.6956920376286E-04  4.7323572355683E-04  1.4275609085881E-23 -9.8893962858886E-23 -1.0710144184536E+00 -1.4344919725017E+00
 1.9532835037547E-02 -5.1260806320863E-01 -5.6076845922579E-01 -1.1783802393910E-03  1.4502652419407E-03  1.5156246874036E-23 -1.9713991136784E-22 -1.0710707397022E+00 -1.4344330918292E+00
 3.0630539981632E-02 -7.5002525230792E-01 -8.7720811149233E-01 -2.9132630405220E-03  3.4298922195212E-03  3.3010017862670E-23 -2.8404849002762E-22 -1.0711407322320E+00 -1.4343669363940E+00
 4.4303746127476E-02 -9.9440927588799E-01 -1.2607658134233E+00 -6.1170730587799E-03  6.8244731778931E-03  2.5551961240885E-23 -4.4794316324059E-22 -1.0712339302989E+00 -1.4342993242902E+00
 6.0619794820640E-02 -1.2235335663728E+00 -1.7050159593792E+00 -1.1472304949722E-02  1.2044374106588E-02  4.2433216471796E-23 -5.6768114343113E-22 -1.0713441384907E+00 -1.4342400462571E+00
 7.9659889028125E-02 -1.4158245590043E+00 -2.1996008172184E+00 -1.9777850547058E-02  1.9397435506634E-02  2.4620256647745E-24 -8.0789881216708E-22 -1.0714811552253E+00 -1.4341984764851E+00
 1.0151995116565E-01 -1.5524259011702E+00 -2.7301798839131E+00 -3.1935328203404E-02  2.9080240971346E-02 -1.3488953841433E-23 -9.5588946170242E-22 -1.0716385681032E+00 -1.4341879666497E+00
 1.2631165246940E-01 -1.6191408253407E+00 -3.2790607018275E+00 -4.8898287578286E-02  4.1092697933697E-02 -1.4382843573799E-22 -1.2800101101281E-21 -1.0718252337443E+00 -1.4342212221420E+00
 1.5416363287784E-01 -1.6080169712219E+00 -3.8265346970848E+00 -7.1633938889718E-02  5.5258750307397E-02 -2.7006615997691E-22 -1.4394411952665E-21 -1.0720327509070E+00 -1.4343143133220E+00
 1.8522293437556E-01 -1.5182868645637E+00 -4.3527324764928E+00 -1.0105740849219E-01  7.1182953402471E-02 -6.0801696537357E-22 -1.8278636443288E-21 -1.0722666188951E+00 -1.4344814833579E+00
 2.1965667539691E-01 -1.3565252291555E+00 -4.8397353077943E+00 -1.3799339988108E-01  8.8321578229642E-02 -9.9346559445454E-22 -1.9238747143883E-21 -1.0725133330851E+00 -1.4347383629807E+00
 2.5765399934730E-01 -1.1359485419952E+00 -5.2734810116110E+00 -1.8312819605343E-01  1.0599124417305E-01 -1.7336595367339E-21 -2.2507378851284E-21 -1.0727712088884E+00 -1.4350957074116E+00
 2.9942833676086E-01 -8.7501210706845E-01 -5.6450721162865E+00 -2.3700516101790E-01  1.2348663744203E-01 -2.5907272485483E-21 -2.0221189108104E-21 -1.0730171000074E+00 -1.4355612184697E+00
 3.4522002830748E-01 -5.9552830217497E-01 -5.9510312633066E+00 -3.0001952127473E-01  1.4012330609967E-01 -3.9360359075751E-21 -1.8649491082384E-21 -1.0732368971431E+00 -1.4361314953251E+00
 3.9529936507288E-01 -3.2062473122440E-01 -6.1923469915942E+00 -3.7245338792932E-01  1.5537320312294E-01 -5.3478967612699E-21 -6.0978443499780E-22 -1.0733918266699E+00 -1.4367916084676E+00
 4.4997011361895E-01 -7.2731733526360E-02 -6.3722499759192E+00 -4.5449028928820E-01  1.6890689340020E-01 -7.0959525844936E-21  1.0304615716144E-21 -1.0734484954454E+00 -1.4375042180087E+00
 5.0957360672842E-01  1.2839204417708E-01 -6.4931577679340E+00 -5.4623444804797E-01  1.8070966122045E-01 -8.2560197764590E-21  4.6390962876968E-21 -1.0733444626378E+00 -1.4382056490252E+00
 5.7449349700374E-01  2.6780257447687E-01 -6.5534387693834E+00 -6.4766252987888E-01  1.9108144545053E-01 -8.5850544164528E-21  9.1469942406071E-21 -1.0730172920029E+00 -1.4387907267989E+00
 6.4516129032258E-01  3.3790827261537E-01 -6.5452455051519E+00 -7.5853709681164E-01  2.0067828175621E-01 -6.1816531121383E-21  1.5992276807663E-20 -1.0723685402208E+00 -1.4391038720578E+00
 7.2206280043514E-01  3.4113940599517E-01 -6.4546761601031E+00 -8.7823469402628E-01  2.1039155447970E-01 -1.3381671551450E-22  2.2484304638228E-20 -1.0712906765302E+00 -1.4389184908378E+00
 8.0574569584327E-01  2.9159479358495E-01 -6.2653767036714E+00 -1.0055739751493E+00  2.2122017131568E-01  1.1701756294605E-20  2.8194453374673E-20 -1.0696282153086E+00 -1.4379229912041E+00
 8.9682834696002E-01  2.1347751703830E-01 -5.9649910652916E+00 -1.1386658664242E+00  2.3396741352292E-01  2.8306357924490E-20  2.7067566343815E-20 -1.0672016367514E+00 -1.4356967795717E+00
 9.9601022724332E-01  1.3461352481400E-01 -5.5516855628415E+00 -1.2749145889475E+00  2.4901241606507E-01  4.7228493068921E-20  1.7249264146098E-20 -1.0637661221885E+00 -1.4316968826255E+00
 1.1040841788897E+00  7.6119895821541E-02 -5.0358886931337E+00 -1.4111324209199E+00  2.6611500731049E-01  6.0027852238512E-20 -5.3389835968388E-21 -1.0590356025204E+00 -1.4252413851957E+00
 1.2219509248095E+00  4.4036192167276E-02 -4.4346144270471E+00 -1.5437147579906E+00  2.8455200983234E-01  5.9322227322694E-20 -3.1848157205043E-20 -1.0526460138917E+00 -1.4155140334203E+00
 1.3506362979409E+00  2.9885542378881E-02 -3.7620542263684E+00 -1.6686404110580E+00  3.0337699564271E-01  4.2202084576247E-20 -5.1474038022183E-20 -1.0441904529144E+00 -1.4015800036387E+00
 1.4913117716510E+00  2.0952824665926E-02 -3.0263534552148E+00 -1.7812967176704E+00  3.2175499521235E-01  2.3183719941197E-20 -4.7229162830309E-20 -1.0332007643501E+00 -1.3824410387121E+00
 1.6453190177622E+00  1.0815053877890E-02 -2.2378661241179E+00 -1.8763084465056E+00  3.3896383287933E-01  2.2849779330858E-20 -2.7025789010885E-20 -1.0192082563219E+00 -1.3571208995757E+00
 1.8141994004940E+00  8.3159778718802E-04 -1.4219625615558E+00 -1.9478124339702E+00  3.5427981642903E-01  4.9120383098475E-20 -1.0364860112915E-20 -1.0017555133290E+00 -1.3248019244948E+00
 1.9997295470214E+00 -5.3959745665758E-03 -6.2385192374568E-01 -1.9902756606772E+00  3.6683012178111E-01  7.4603794505549E-20 -1.7646410709580E-20 -9.8048610737596E-01 -1.2849795650146E+00
 2.2039644338840E+00 -5.7907672408860E-03  9.7658012307064E-02 -1.9997174800542E+00  3.7573397059198E-01  7.2418517689176E-20 -2.3868968059186E-20 -9.5517019994929E-01 -1.2376125080440E+00
 2.4292898137085E+00 -8.0115681711988E-05  6.8384104203337E-01 -1.9749085502563E+00  3.8025923568347E-01  4.6793265587174E-20 -8.3789221221719E-21 -9.2577430793467E-01 -1.1831875060926E+00
 2.6784863059733E+00  1.0432002017530E-02  1.0936936906916E+00 -1.9181335544612E+00  3.8005673783222E-01  2.5446548269032E-20  2.4768348052817E-20 -8.9242006518549E-01 -1.1226595722745E+00
 2.9548081253617E+00  2.3054714231133E-02  1.3199508683587E+00 -1.8349128447760E+00  3.7521539980476E-01  1.3793659763902E-20  3.8859110185605E-20 -8.5535326744516E-01 -1.0572437219026E+00
 3.2620802702989E+00  3.4778641352819E-02  1.3924795225271E+00 -1.7325252216638E+00  3.6624602342312E-01  1.4552359363418E-20  3.5339216874230E-20 -8.1481362567685E-01 -9.8815232846802E-01
 3.6048191074170E+00  4.3688070314780E-02  1.3634376282957E+00 -1.6178648185703E+00  3.5379549116097E-01  2.5304108196796E-20  2.1333776331249E-20 -7.7098626248600E-01 -9.1638983604665E-01
 3.9883827509977E+00  4.9476011360111E-02  1.2828051077312E+00 -1.4958834847443E+00  3.3840335734925E-01  5.4310720823232E-20  1.1605094492364E-20 -7.2394753362984E-01 -8.4271247887532E-01
 4.4191595630774E+00  5.2742109203707E-02  1.1820863287292E+00 -1.3693766903500E+00  3.2030644517031E-01  9.6175498839559E-20 -4.3032529907629E-20 -6.7374227906256E-01 -7.6771756298120E-01
 4.9048056364975E+00  5.3991318607473E-02  1.0745391310667E+00 -1.2398399040902E+00  2.9954665527625E-01  9.3528326775417E-20 -7.8017138299767E-20 -6.2042514687548E-01 -6.9197949387769E-01
 5.4545454545455E+00  5.3359297010251E-02  9.6411347987123E-01 -1.1083813205143E+00  2.7608668197444E-01  5.0235406247832E-20  8.2835468931516E-21 -5.6416448694185E-01 -6.1613515866292E-01
 6.0795542687962E+00  5.0807942900997E-02  8.5220698975462E-01 -9.7622289389412E-01  2.4999106760386E-01  4.5532132640392E-20  4.9095654397376E-20 -5.0526656331656E-01 -5.4092192021370E-01
 6.7934463423832E+00  4.6361399778027E-02  7.4006107081489E-01 -8.4483781887925E-01  2.2146137424924E-01 -5.1434908438261E-20  8.6004792176194E-21 -4.4426343101976E-01 -4.6717613759377E-01
 7.6129002726496E+00  4.0166286469388E-02  6.2916930868785E-01 -7.1599630667180E-01  1.9094433617332E-01 -6.8237247649852E-20 -3.0709799805003E-20 -3.8193399888802E-01 -3.9582448707735E-01
 8.5584611558500E+00  3.2564554669773E-02  5.2134534750820E-01 -5.9174759358278E-01  1.5913740573720E-01  6.3416886977712E-20 -7.1834463338397E-20 -3.1938881712386E-01 -3.2785741717913E-01
 9.6555688906727E+00  2.4086265292438E-02  4.1868805258091E-01 -4.7439569120869E-01  1.2706987063151E-01  6.5829324917924E-20  4.0851117458485E-20 -2.5806665109742E-01 -2.6430043825032E-01
 1.0935870685435E+01  1.5471721689721E-02  3.2353738899551E-01 -3.6639974350769E-01  9.6044448224278E-02  5.5769289302827E-21 -4.9060554042422E-20 -1.9975503246259E-01 -2.0616961871663E-01
 1.2438879256439E+01  7.5727808899851E-03  2.3831414141269E-01 -2.7023379139855E-01  6.7597082516928E-02 -1.2773677061238E-20 -2.3306237265290E-20 -1.4646136005196E-01 -1.5442700262921E-01
 1.4214025594877E+01  1.2458590455196E-03  1.6529667025015E-01 -1.8813177828177E-01  4.3251891680664E-02 -3.0056616569008E-20  5.4108874984581E-20 -1.0023603695448E-01 -1.0991900943950E-01
 1.6323103064291E+01 -2.8925373617471E-03  1.0624325985876E-01 -1.2176338574173E-01  2.4258151302921E-02 -3.3645792321580E-20 -7.6992718591390E-20 -6.2788882269766E-02 -7.3301966114798E-02
 1.8842958547214E+01 -4.6571907893497E-03  6.1968975591757E-02 -7.1810337032014E-02  1.1173055962687E-02  1.9066971893387E-20  2.3938172724473E-20 -3.5078083520843E-02 -4.4921384119300E-02
 2.1867956415951E+01 -4.4553278920350E-03  3.1917589822932E-02 -3.7593786644884E-02  3.6336505760902E-03 -2.2803050877607E-22 -1.0659162727647E-20 -1.6871740069183E-02 -2.4649222849337E-02
 2.5511030361867E+01 -3.1419551871799E-03  1.4024201959206E-02 -1.6893322630850E-02  3.3427447092448E-04  2.5635490368202E-21  4.7945571575241E-21 -6.6637861140270E-03 -1.1704987178485E-02
 2.9900709274659E+01 -1.6798066246324E-03  5.0385811245361E-03 -6.2552524325657E-03 -4.7696403584133E-04  8.4040682222160E-22 -2.4915406091947E-21 -2.0196325946082E-03 -4.6107236631101E-03
 3.5168864215715E+01 -6.6403115158261E-04  1.4142812137267E-03 -1.8228608761042E-03 -3.5284572699044E-04  7.9813480327652E-21 -6.5741676187092E-21 -4.2700583516803E-04 -1.4350955464699E-03
 4.1419695291531E+01 -1.9002912978455E-04  2.9776332388109E-04 -4.0244261578741E-04 -1.2935660300259E-04 -2.3562315765887E-21  6.1459212235162E-22 -5.1054941439937E-05 -3.3780119571226E-04
 4.8665626607709E+01 -3.7083697634247E-05  4.7610433664150E-05 -6.6577711685591E-05 -3.1373513090114E-05 -5.8376207037092E-21 -2.8393504033083E-21 -2.2821474112848E-06 -5.8772545163309E-05
 5.6716111653915E+01 -6.3331666006811E-06  5.9541281608060E-06 -9.1319341817885E-06 -3.8910911286520E-06  1.7569516823258E-21 -2.1671915519849E-21  1.0512585075603E-06 -8.2796822573183E-06
 6.5027225430406E+01 -8.4803994645461E-08  1.0657683364360E-06 -1.0953406615346E-06 -1.4708411288230E-06 -2.6021188917759E-21  2.6325898139011E-21 -5.0738177486559E-07 -8.8700857904072E-07
 7.2587189964099E+01 -5.3663314536729E-07 -1.5624469099996E-08 -2.7754767510897E-07  4.5961054549661E-07 -5.7833791184906E-22 -2.1665484911497E-21  3.7115260568311E-07 -2.6600740068791E-07
 7.8010805313165E+01  7.7949022370553E-07  3.1378878952934E-07  2.9681080682969E-08 -1.0716099586509E-06 -4.0106402195018E-21 -5.4341767583828E-21 -6.9078517863027E-07  1.8465439097970E-07
 8.0000000000000E+01  0.0000000000000E+00  0.0000000000000E+00  0.0000000000000E+00  0.0000000000000E+00  0.0000000000000E+00  0.0000000000000E+00  0.0000000000000E+00  0.0000000000000E+00
