#  1.0000000000000E+00  0.0000000000000E+00  2.3181424059429E-01 -6.4182155740490E-03  8.0000000000000E-02
 0.0000000000000E+00 -1.1511701169405E-15 -3.7744426258473E-15  2.0093151132052E-15 -2.9023440524076E-15 -3.1202528542182E-35 -1.6906097282855E-34 -1.0709502003527E+00 -1.4345702040769E+00
 1.2134956257652E-03 -3.5611801209992E-02 -3.4765714133173E-02 -5.2300665909942E-06  8.7239216200955E-06 -6.6254135098398E-22 -1.5380205452749E-21 -1.0709541096691E+00 -1.4345662488236E+00
 4.8598042576750E-03 -1.3951769467314E-01 -1.3938100239066E-01 -7.2242971207735E-05  9.4591627370467E-05 -1.2337208345405E-21 -5.4715964813417E-21 -1.0709784967481E+00 -1.4345372137358E+00
 1.0956449776219E-02 -3.0310451981791E-01 -3.1456425067492E-01 -3.6956920376177E-04  4.7323572355543E-04 -3.5243781472592E-21 -1.2730884878586E-20 -1.0710144184535E+00 -1.4344919725017E+00
 1.9532835037547E-02 -5.1260806320863E-01 -5.6076845922579E-01 -1.1783802393904E-03  1.4502652419395E-03 -5.0646205672308E-21 -2.1964062168742E-20 -1.0710707397022E+00 -1.4344330918292E+00
 3.0630539981632E-02 -7.5002525230793E-01 -8.7720811149233E-01 -2.9132630405211E-03  3.4298922195200E-03 -9.6740255670826E-21 -3.5237007787589E-20 -1.0711407322320E+00 -1.4343669363940E+00
 4.4303746127476E-02 -9.9440927588800E-01 -1.2607658134233E+00 -6.1170730587792E-03  6.8244731778919E-03 -1.2525840666390E-20 -4.9542113573839E-20 -1.0712339302989E+00 -1.4342993242902E+00
 6.0619794820640E-02 -1.2235335663728E+00 -1.7050159593792E+00 -1.1472304949721E-02  1.2044374106586E-02 -2.1266452715160E-20 -6.8925103854499E-20 -1.0713441384907E+00 -1.4342400462571E+00
 7.9659889028125E-02 -1.4158245590044E+00 -2.1996008172184E+00 -1.9777850547058E-02  1.9397435506632E-02 -2.7537694192230E-20 -8.7587710936326E-20 -1.0714811552253E+00 -1.4341984764851E+00
 1.0151995116565E-01 -1.5524259011702E+00 -2.7301798839131E+00 -3.1935328203403E-02  2.9080240971345E-02 -4.4860097854280E-20 -1.1225008655056E-19 -1.0716385681032E+00 -1.4341879666497E+00
 1.2631165246940E-01 -1.6191408253407E+00 -3.2790607018275E+00 -4.8898287578286E-02  4.1092697933695E-02 -6.0226663718838E-20 -1.3277747085016E-19 -1.0718252337443E+00 -1.4342212221420E+00
 1.5416363287784E-01 -1.6080169712219E+00 -3.8265346970848E+00 -7.1633938889718E-02  5.5258750307395E-02 -9.5196916630030E-20 -1.5874300706741E-19 -1.0720327509070E+00 -1.4343143133220E+00
 1.8522293437556E-01 -1.5182868645637E+00 -4.3527324764928E+00 -1.0105740849219E-01  7.1182953402469E-02 -1.3067783718777E-19 -1.7309315988635E-19 -1.0722666188951E+00 -1.4344814833579E+00
 2.1965667539691E-01 -1.3565252291555E+00 -4.8397353077943E+00 -1.3799339988108E-01  8.8321578229640E-02 -1.9783801184268E-19 -1.8712797788291E-19 -1.0725133330851E+00 -1.4347383629807E+00
 2.5765399934730E-01 -1.1359485419952E+00 -5.2734810116110E+00 -1.8312819605343E-01  1.0599124417305E-01 -2.6824065108687E-19 -1.7226705850403E-19 -1.0727712088884E+00 -1.4350957074116E+00
 2.9942833676086E-01 -8.7501210706845E-01 -5.6450721162865E+00 -2.3700516101790E-01  1.2348663744202E-01 -3.8100413810643E-19 -1.3838759381389E-19 -1.0730171000074E+00 -1.4355612184697E+00
 3.4522002830748E-01 -5.9552830217497E-01 -5.9510312633067E+00 -3.0001952127473E-01  1.4012330609967E-01 -4.8875974766526E-19 -3.9001483754636E-20 -1.0732368971431E+00 -1.4361314953251E+00
 3.9529936507288E-01 -3.2062473122439E-01 -6.1923469915942E+00 -3.7245338792932E-01  1.5537320312294E-01 -6.2704527816567E-19  1.1943110402138E-19 -1.0733918266699E+00 -1.4367916084676E+00
 4.4997011361895E-01 -7.2731733526352E-02 -6.3722499759192E+00 -4.5449028928820E-01  1.6890689340020E-01 -7.0528629520437E-19  4.0033757252981E-19 -1.0734484954454E+00 -1.4375042180087E+00
 5.0957360672842E-01  1.2839204417710E-01 -6.4931577679340E+00 -5.4623444804797E-01  1.8070966122045E-01 -7.2761573691598E-19  7.8153173774631E-19 -1.0733444626378E+00 -1.4382056490252E+00
 5.7449349700374E-01  2.6780257447688E-01 -6.5534387693834E+00 -6.4766252987888E-01  1.9108144545053E-01 -5.2611921670287E-19  1.2998019043001E-18 -1.0730172920029E+00 -1.4387907267989E+00
 6.4516129032258E-01  3.3790827261539E-01 -6.5452455051519E+00 -7.5853709681164E-01  2.0067828175621E-01 -6.5172982567348E-20  1.8274702973911E-18 -1.0723685402208E+00 -1.4391038720578E+00
 7.2206280043514E-01  3.4113940599518E-01 -6.4546761601031E+00 -8.7823469402628E-01  2.1039155447970E-01  8.4881649067377E-19  2.2461611611870E-18 -1.0712906765302E+00 -1.4389184908378E+00
 8.0574569584327E-01  2.9159479358496E-01 -6.2653767036714E+00 -1.0055739751493E+00  2.2122017131568E-01  2.1014995838413E-18  2.1898822898046E-18 -1.0696282153086E+00 -1.4379229912042E+00
 8.9682834696002E-01  2.1347751703832E-01 -5.9649910652916E+00 -1.1386658664242E+00  2.3396741352292E-01  3.5505984614979E-18  1.3883700713680E-18 -1.0672016367514E+00 -1.4356967795717E+00
 9.9601022724332E-01  1.3461352481402E-01 -5.5516855628415E+00 -1.2749145889475E+00  2.4901241606507E-01  4.4687380029323E-18 -4.0825218415238E-19 -1.0637661221885E+00 -1.4316968826255E+00
 1.1040841788897E+00  7.6119895821553E-02 -5.0358886931337E+00 -1.4111324209199E+00  2.6611500731048E-01  4.2011367411007E-18 -2.7230190264889E-18 -1.0590356025204E+00 -1.4252413851957E+00
 1.2219509248095E+00  4.4036192167284E-02 -4.4346144270471E+00 -1.5437147579906E+00  2.8455200983234E-01  2.1559204017004E-18 -4.5142896906586E-18 -1.0526460138917E+00 -1.4155140334203E+00
 1.3506362979409E+00  2.9885542378883E-02 -3.7620542263684E+00 -1.6686404110580E+00  3.0337699564271E-01 -7.8687692100181E-19 -4.2146972753561E-18 -1.0441904529144E+00 -1.4015800036388E+00
 1.4913117716510E+00  2.0952824665923E-02 -3.0263534552149E+00 -1.7812967176704E+00  3.2175499521235E-01 -2.9186154756833E-18 -1.5211607195475E-18 -1.0332007643501E+00 -1.3824410387121E+00
 1.6453190177622E+00  1.0815053877888E-02 -2.2378661241179E+00 -1.8763084465056E+00  3.3896383287933E-01 -2.4710308988541E-18  2.1273004625772E-18 -1.0192082563219E+00 -1.3571208995757E+00
 1.8141994004940E+00  8.3159778718653E-04 -1.4219625615558E+00 -1.9478124339702E+00  3.5427981642902E-01 -4.6583565325531E-19  4.1500582147568E-18 -1.0017555133290E+00 -1.3248019244948E+00
 1.9997295470214E+00 -5.3959745665776E-03 -6.2385192374569E-01 -1.9902756606772E+00  3.6683012178111E-01  8.4414873571383E-19  4.0309195444887E-18 -9.8048610737595E-01 -1.2849795650146E+00
 2.2039644338840E+00 -5.7907672408923E-03  9.7658012307092E-02 -1.9997174800542E+00  3.7573397059198E-01 -1.1777099255577E-20  2.7558418034438E-18 -9.5517019994928E-01 -1.2376125080440E+00
 2.4292898137085E+00 -8.0115681709087E-05  6.8384104203337E-01 -1.9749085502563E+00  3.8025923568347E-01 -1.5005141551493E-18  1.2361270372453E-18 -9.2577430793466E-01 -1.1831875060926E+00
 2.6784863059733E+00  1.0432002017538E-02  1.0936936906916E+00 -1.9181335544612E+00  3.8005673783221E-01 -2.4728184014824E-18 -7.0595166401700E-19 -8.9242006518548E-01 -1.1226595722745E+00
 2.9548081253617E+00  2.3054714231128E-02  1.3199508683587E+00 -1.8349128447760E+00  3.7521539980475E-01 -2.0755992160826E-18 -1.8406373222124E-18 -8.5535326744516E-01 -1.0572437219026E+00
 3.2620802702989E+00  3.4778641352818E-02  1.3924795225271E+00 -1.7325252216638E+00  3.6624602342312E-01 -1.2447241317664E-18 -1.4558634842271E-18 -8.1481362567684E-01 -9.8815232846803E-01
 3.6048191074170E+00  4.3688070314786E-02  1.3634376282957E+00 -1.6178648185703E+00  3.5379549116097E-01 -8.6546770885388E-19 -6.1748609594879E-19 -7.7098626248599E-01 -9.1638983604666E-01
 3.9883827509977E+00  4.9476011360104E-02  1.2828051077312E+00 -1.4958834847443E+00  3.3840335734925E-01 -3.4110696237562E-18 -1.9441908895784E-20 -7.2394753362983E-01 -8.4271247887532E-01
 4.4191595630774E+00  5.2742109203709E-02  1.1820863287292E+00 -1.3693766903500E+00  3.2030644517031E-01 -3.4151927843226E-18  4.7469223829128E-18 -6.7374227906255E-01 -7.6771756298121E-01
 4.9048056364975E+00  5.3991318607466E-02  1.0745391310667E+00 -1.2398399040902E+00  2.9954665527625E-01 -2.7409429214579E-19  6.0253607654259E-18 -6.2042514687547E-01 -6.9197949387769E-01
 5.4545454545455E+00  5.3359297010249E-02  9.6411347987123E-01 -1.1083813205143E+00  2.7608668197444E-01 -3.1567476230290E-18 -1.8675849528000E-19 -5.6416448694185E-01 -6.1613515866292E-01
 6.0795542687962E+00  5.0807942900998E-02  8.5220698975462E-01 -9.7622289389412E-01  2.4999106760385E-01 -3.4213860936376E-18 -3.9969141781481E-19 -5.0526656331656E-01 -5.4092192021370E-01
 6.7934463423832E+00  4.6361399778026E-02  7.4006107081489E-01 -8.4483781887925E-01  2.2146137424924E-01  2.1649426263669E-18 -1.8605833916632E-18 -4.4426343101976E-01 -4.6717613759377E-01
 7.6129002726496E+00  4.0166286469388E-02  6.2916930868785E-01 -7.1599630667180E-01  1.9094433617332E-01  3.5568320581045E-18 -7.9585291064309E-19 -3.8193399888802E-01 -3.9582448707735E-01
 8.5584611558500E+00  3.2564554669772E-02  5.2134534750820E-01 -5.9174759358278E-01  1.5913740573720E-01 -7.3674417348030E-19  4.9855406788016E-18 -3.1938881712386E-01 -3.2785741717914E-01
 9.6555688906727E+00  2.4086265292439E-02  4.1868805258091E-01 -4.7439569120869E-01  1.2706987063150E-01 -4.1319105542757E-18 -4.8862990989576E-19 -2.5806665109742E-01 -2.6430043825032E-01
 1.0935870685435E+01  1.5471721689721E-02  3.2353738899551E-01 -3.6639974350769E-01  9.6044448224277E-02  1.0318871765505E-18  2.1569103970306E-18 -1.9975503246259E-01 -2.0616961871663E-01
 1.2438879256439E+01  7.5727808899852E-03  2.3831414141269E-01 -2.7023379139855E-01  6.7597082516927E-02  1.1025493087546E-18  7.1974577958574E-19 -1.4646136005196E-01 -1.5442700262921E-01
 1.4214025594877E+01  1.2458590455190E-03  1.6529667025015E-01 -1.8813177828177E-01  4.3251891680664E-02 -1.2285198079226E-19 -2.9311608678326E-18 -1.0023603695448E-01 -1.0991900943950E-01
 1.6323103064291E+01 -2.8925373617470E-03  1.0624325985876E-01 -1.2176338574173E-01  2.4258151302921E-02  3.1930110628797E-18  2.5053313257153E-18 -6.2788882269766E-02 -7.3301966114798E-02
 1.8842958547214E+01 -4.6571907893496E-03  6.1968975591758E-02 -7.1810337032014E-02  1.1173055962687E-02 -1.4025713614195E-18 -5.8914094891870E-19 -3.5078083520842E-02 -4.4921384119301E-02
 2.1867956415951E+01 -4.4553278920349E-03  3.1917589822932E-02 -3.7593786644884E-02  3.6336505760902E-03  2.8155610303680E-19  4.3285831811663E-19 -1.6871740069183E-02 -2.4649222849337E-02
 2.5511030361867E+01 -3.1419551871799E-03  1.4024201959206E-02 -1.6893322630850E-02  3.3427447092454E-04 -2.2876654030990E-19 -1.4455928029951E-19 -6.6637861140269E-03 -1.1704987178485E-02
 2.9900709274659E+01 -1.6798066246325E-03  5.0385811245361E-03 -6.2552524325659E-03 -4.7696403584137E-04  2.9669749369008E-20  1.1821757060209E-19 -2.0196325946082E-03 -4.6107236631101E-03
 3.5168864215715E+01 -6.6403115158268E-04  1.4142812137268E-03 -1.8228608761042E-03 -3.5284572699041E-04 -1.9946467978750E-19  4.3708485523909E-19 -4.2700583516807E-04 -1.4350955464699E-03
 4.1419695291531E+01 -1.9002912978451E-04  2.9776332388104E-04 -4.0244261578744E-04 -1.2935660300262E-04  8.8606585053561E-20 -7.4963935905784E-20 -5.1054941439943E-05 -3.3780119571221E-04
 4.8665626607709E+01 -3.7083697634262E-05  4.7610433664165E-05 -6.6577711685623E-05 -3.1373513090104E-05  2.9528471797220E-19 -4.0909635341524E-21 -2.2821474113062E-06 -5.8772545163337E-05
 5.6716111653915E+01 -6.3331666006948E-06  5.9541281608006E-06 -9.1319341818265E-06 -3.8910911286710E-06 -2.4974505752713E-20  1.2594345351623E-19  1.0512585075470E-06 -8.2796822573347E-06
 6.5027225430406E+01 -8.4803994686528E-08  1.0657683364683E-06 -1.0953406615432E-06 -1.4708411288307E-06  5.0392430707281E-20 -1.6244912785745E-19 -5.0738177487410E-07 -8.8700857909121E-07
 7.2587189964099E+01 -5.3663314535943E-07 -1.5624469108946E-08 -2.7754767510182E-07  4.5961054548237E-07  6.9673981714966E-20  7.7719777019854E-20  3.7115260567943E-07 -2.6600740067884E-07
 7.8010805313165E+01  7.7949022369895E-07  3.1378878953339E-07  2.9681080701568E-08 -1.0716099586382E-06  2.7916527332494E-19  1.3911759741939E-19 -6.9078517862231E-07  1.8465439096179E-07
 8.0000000000000E+01  0.0000000000000E+00  0.0000000000000E+00  0.0000000000000E+00  0.0000000000000E+00  0.0000000000000E+00  0.0000000000000E+00  0.0000000000000E+00  0.0000000000000E+00
