#  1.0000000000000E+00  0.0000000000000E+00  2.3181424059429E-01 -6.4182155740490E-03  8.0000000000000E-02
 0.0000000000000E+00  2.1139669420180E-15  1.1023325968279E-15  4.4651446960116E-16  1.3395434088035E-15 -5.1708735746987E-39  3.3426004179302E-37 -1.0709502003527E+00 -1.4345702040769E+00
 1.2134956257652E-03 -3.5611801209989E-02 -3.4765714133168E-02 -5.2300665925537E-06  8.7239216238067E-06 -3.0310312211315E-24 -5.6206160556873E-25 -1.0709541096691E+00 -1.4345662488236E+00
 4.8598042576750E-03 -1.3951769467313E-01 -1.3938100239065E-01 -7.2242971209411E-05  9.4591627374123E-05 -1.1323165146237E-23  4.0941140194984E-24 -1.0709784967481E+00 -1.4345372137358E+00
 1.0956449776219E-02 -3.0310451981791E-01 -3.1456425067492E-01 -3.6956920376318E-04  4.7323572355900E-04 -2.5822138636455E-23  5.4567923546163E-24 -1.0710144184535E+00 -1.4344919725017E+00
 1.9532835037547E-02 -5.1260806320863E-01 -5.6076845922579E-01 -1.1783802393917E-03  1.4502652419427E-03 -4.5451364738002E-23  1.6671970264347E-23 -1.0710707397022E+00 -1.4344330918292E+00
 3.0630539981632E-02 -7.5002525230792E-01 -8.7720811149233E-01 -2.9132630405225E-03  3.4298922195231E-03 -7.1613179905368E-23  1.8372706864156E-23 -1.0711407322320E+00 -1.4343669363940E+00
 4.4303746127476E-02 -9.9440927588799E-01 -1.2607658134233E+00 -6.1170730587804E-03  6.8244731778948E-03 -1.0242488121377E-22  3.9946709099028E-23 -1.0712339302989E+00 -1.4342993242902E+00
 6.0619794820640E-02 -1.2235335663728E+00 -1.7050159593792E+00 -1.1472304949723E-02  1.2044374106589E-02 -1.3987664798555E-22  4.2626829984717E-23 -1.0713441384907E+00 -1.4342400462571E+00
 7.9659889028125E-02 -1.4158245590043E+00 -2.1996008172184E+00 -1.9777850547060E-02  1.9397435506635E-02 -1.8052268265489E-22  8.2143835006666E-23 -1.0714811552253E+00 -1.4341984764851E+00
 1.0151995116565E-01 -1.5524259011702E+00 -2.7301798839131E+00 -3.1935328203405E-02  2.9080240971347E-02 -2.2660539283899E-22  9.1743238305730E-23 -1.0716385681032E+00 -1.4341879666497E+00
 1.2631165246940E-01 -1.6191408253407E+00 -3.2790607018275E+00 -4.8898287578288E-02  4.1092697933697E-02 -2.7166792526977E-22  1.6435583578856E-22 -1.0718252337443E+00 -1.4342212221420E+00
 1.5416363287784E-01 -1.6080169712219E+00 -3.8265346970848E+00 -7.1633938889720E-02  5.5258750307398E-02 -3.1655980632390E-22  1.9611837364990E-22 -1.0720327509070E+00 -1.4343143133220E+00
 1.8522293437556E-01 -1.5182868645637E+00 -4.3527324764928E+00 -1.0105740849220E-01  7.1182953402471E-02 -3.4845073109688E-22  3.2825581251553E-22 -1.0722666188951E+00 -1.4344814833579E+00
 2.1965667539691E-01 -1.3565252291555E+00 -4.8397353077943E+00 -1.3799339988108E-01  8.8321578229643E-02 -3.6204449390233E-22  4.0837520526681E-22 -1.0725133330851E+00 -1.4347383629807E+00
 2.5765399934730E-01 -1.1359485419952E+00 -5.2734810116110E+00 -1.8312819605344E-01  1.0599124417306E-01 -3.3077357624897E-22  6.3450980828322E-22 -1.0727712088884E+00 -1.4350957074116E+00
 2.9942833676086E-01 -8.7501210706844E-01 -5.6450721162865E+00 -2.3700516101790E-01  1.2348663744203E-01 -2.3336107094409E-22  7.8616211155030E-22 -1.0730171000074E+00 -1.4355612184697E+00
 3.4522002830748E-01 -5.9552830217496E-01 -5.9510312633066E+00 -3.0001952127474E-01  1.4012330609967E-01 -1.8113599514769E-23  1.1148215865576E-21 -1.0732368971431E+00 -1.4361314953251E+00
 3.9529936507288E-01 -3.2062473122438E-01 -6.1923469915942E+00 -3.7245338792933E-01  1.5537320312294E-01  3.6197531404549E-22  1.2890345892168E-21 -1.0733918266699E+00 -1.4367916084676E+00
 4.4997011361895E-01 -7.2731733526346E-02 -6.3722499759192E+00 -4.5449028928821E-01  1.6890689340020E-01  9.8183535402393E-22  1.5789499367412E-21 -1.0734484954454E+00 -1.4375042180087E+00
 5.0957360672842E-01  1.2839204417710E-01 -6.4931577679340E+00 -5.4623444804798E-01  1.8070966122045E-01  1.8842041955269E-21  1.4558832574714E-21 -1.0733444626378E+00 -1.4382056490252E+00
 5.7449349700374E-01  2.6780257447689E-01 -6.5534387693834E+00 -6.4766252987888E-01  1.9108144545053E-01  3.0767707098518E-21  1.1399235919458E-21 -1.0730172920029E+00 -1.4387907267989E+00
 6.4516129032258E-01  3.3790827261539E-01 -6.5452455051519E+00 -7.5853709681165E-01  2.0067828175621E-01  4.4117676302695E-21 -1.7280921747475E-22 -1.0723685402208E+00 -1.4391038720578E+00
 7.2206280043514E-01  3.4113940599518E-01 -6.4546761601031E+00 -8.7823469402628E-01  2.1039155447970E-01  5.5188906843707E-21 -2.2415381216243E-21 -1.0712906765302E+00 -1.4389184908378E+00
 8.0574569584327E-01  2.9159479358496E-01 -6.2653767036714E+00 -1.0055739751493E+00  2.2122017131568E-01  5.6780875023745E-21 -5.8467179194610E-21 -1.0696282153086E+00 -1.4379229912042E+00
 8.9682834696002E-01  2.1347751703832E-01 -5.9649910652916E+00 -1.1386658664242E+00  2.3396741352291E-01  3.9060370208061E-21 -9.9540710426151E-21 -1.0672016367514E+00 -1.4356967795717E+00
 9.9601022724332E-01  1.3461352481402E-01 -5.5516855628415E+00 -1.2749145889475E+00  2.4901241606506E-01 -6.8499455814134E-22 -1.4175613151175E-20 -1.0637661221885E+00 -1.4316968826255E+00
 1.1040841788897E+00  7.6119895821555E-02 -5.0358886931336E+00 -1.4111324209199E+00  2.6611500731048E-01 -8.0441923031259E-21 -1.5654100952717E-20 -1.0590356025204E+00 -1.4252413851957E+00
 1.2219509248095E+00  4.4036192167283E-02 -4.4346144270470E+00 -1.5437147579906E+00  2.8455200983233E-01 -1.6295158666347E-20 -1.3460207548207E-20 -1.0526460138917E+00 -1.4155140334203E+00
 1.3506362979409E+00  2.9885542378883E-02 -3.7620542263684E+00 -1.6686404110580E+00  3.0337699564270E-01 -2.1926368561733E-20 -6.7180844838138E-21 -1.0441904529144E+00 -1.4015800036388E+00
 1.4913117716510E+00  2.0952824665927E-02 -3.0263534552148E+00 -1.7812967176703E+00  3.2175499521235E-01 -2.2277819193618E-20 -3.0370819321744E-22 -1.0332007643501E+00 -1.3824410387121E+00
 1.6453190177622E+00  1.0815053877895E-02 -2.2378661241179E+00 -1.8763084465055E+00  3.3896383287932E-01 -1.9112618463156E-20  1.9121536713894E-21 -1.0192082563219E+00 -1.3571208995757E+00
 1.8141994004940E+00  8.3159778719267E-04 -1.4219625615557E+00 -1.9478124339702E+00  3.5427981642902E-01 -1.8026427187246E-20 -2.3402120123064E-21 -1.0017555133290E+00 -1.3248019244948E+00
 1.9997295470214E+00 -5.3959745665749E-03 -6.2385192374567E-01 -1.9902756606772E+00  3.6683012178111E-01 -2.1069192134446E-20 -5.8703716793594E-21 -9.8048610737595E-01 -1.2849795650146E+00
 2.2039644338840E+00 -5.7907672408833E-03  9.7658012307091E-02 -1.9997174800542E+00  3.7573397059197E-01 -2.2017686648683E-20 -6.1340623918741E-21 -9.5517019994928E-01 -1.2376125080440E+00
 2.4292898137085E+00 -8.0115681708322E-05  6.8384104203339E-01 -1.9749085502563E+00  3.8025923568347E-01 -1.5216324070258E-20 -5.1181543324930E-21 -9.2577430793466E-01 -1.1831875060926E+00
 2.6784863059733E+00  1.0432002017535E-02  1.0936936906916E+00 -1.9181335544612E+00  3.8005673783221E-01 -5.2154514864541E-21 -8.8354973380274E-21 -8.9242006518548E-01 -1.1226595722745E+00
 2.9548081253617E+00  2.3054714231123E-02  1.3199508683587E+00 -1.8349128447760E+00  3.7521539980475E-01  2.8241075991723E-22 -1.1202576599426E-20 -8.5535326744516E-01 -1.0572437219026E+00
 3.2620802702989E+00  3.4778641352827E-02  1.3924795225271E+00 -1.7325252216638E+00  3.6624602342311E-01 -4.4171679586109E-22 -1.1364995316203E-20 -8.1481362567684E-01 -9.8815232846803E-01
 3.6048191074170E+00  4.3688070314795E-02  1.3634376282957E+00 -1.6178648185703E+00  3.5379549116097E-01 -5.1913394731022E-21 -8.9875603317981E-21 -7.7098626248599E-01 -9.1638983604665E-01
 3.9883827509977E+00  4.9476011360106E-02  1.2828051077312E+00 -1.4958834847443E+00  3.3840335734924E-01 -1.4379670425278E-20 -8.3491036821232E-21 -7.2394753362983E-01 -8.4271247887532E-01
 4.4191595630774E+00  5.2742109203699E-02  1.1820863287291E+00 -1.3693766903500E+00  3.2030644517030E-01 -3.1315180612784E-20  6.4553877608317E-22 -6.7374227906255E-01 -7.6771756298121E-01
 4.9048056364975E+00  5.3991318607473E-02  1.0745391310667E+00 -1.2398399040902E+00  2.9954665527625E-01 -3.5523682433506E-20  8.3603835354754E-21 -6.2042514687547E-01 -6.9197949387769E-01
 5.4545454545455E+00  5.3359297010249E-02  9.6411347987122E-01 -1.1083813205143E+00  2.7608668197444E-01 -1.4117410542774E-20 -6.8151279702113E-21 -5.6416448694185E-01 -6.1613515866292E-01
 6.0795542687962E+00  5.0807942900994E-02  8.5220698975462E-01 -9.7622289389412E-01  2.4999106760385E-01 -5.7220146156580E-21 -1.8684399016846E-20 -5.0526656331656E-01 -5.4092192021370E-01
 6.7934463423832E+00  4.6361399778020E-02  7.4006107081489E-01 -8.4483781887925E-01  2.2146137424923E-01  1.4860417489213E-20  3.5684674803600E-21 -4.4426343101975E-01 -4.6717613759377E-01
 7.6129002726496E+00  4.0166286469384E-02  6.2916930868785E-01 -7.1599630667180E-01  1.9094433617331E-01  1.4722845737818E-20  1.7161268552395E-20 -3.8193399888802E-01 -3.9582448707735E-01
 8.5584611558500E+00  3.2564554669769E-02  5.2134534750820E-01 -5.9174759358278E-01  1.5913740573719E-01 -2.5726471019146E-20  1.1836915207760E-20 -3.1938881712386E-01 -3.2785741717914E-01
 9.6555688906727E+00  2.4086265292436E-02  4.1868805258091E-01 -4.7439569120869E-01  1.2706987063150E-01 -1.3644522072555E-20 -1.8261527647187E-20 -2.5806665109742E-01 -2.6430043825032E-01
 1.0935870685435E+01  1.5471721689720E-02  3.2353738899551E-01 -3.6639974350769E-01  9.6044448224275E-02 -7.5082809611615E-21  1.2969001775569E-20 -1.9975503246259E-01 -2.0616961871663E-01
 1.2438879256439E+01  7.5727808899828E-03  2.3831414141269E-01 -2.7023379139855E-01  6.7597082516926E-02  8.6657452308547E-22  7.9475562419725E-21 -1.4646136005196E-01 -1.5442700262921E-01
 1.4214025594877E+01  1.2458590455185E-03  1.6529667025015E-01 -1.8813177828177E-01  4.3251891680663E-02  1.4998930729103E-20 -1.1488410334307E-20 -1.0023603695448E-01 -1.0991900943950E-01
 1.6323103064291E+01 -2.8925373617477E-03  1.0624325985876E-01 -1.2176338574173E-01  2.4258151302920E-02  4.7861145483317E-22  2.5480663357890E-20 -6.2788882269765E-02 -7.3301966114799E-02
 1.8842958547214E+01 -4.6571907893501E-03  6.1968975591757E-02 -7.1810337032013E-02  1.1173055962686E-02 -2.5158597002340E-21 -8.8488371761084E-21 -3.5078083520842E-02 -4.4921384119301E-02
 2.1867956415951E+01 -4.4553278920353E-03  3.1917589822932E-02 -3.7593786644883E-02  3.6336505760900E-03 -1.2320503996460E-21  2.9909450305568E-21 -1.6871740069183E-02 -2.4649222849338E-02
 2.5511030361867E+01 -3.1419551871799E-03  1.4024201959206E-02 -1.6893322630850E-02  3.3427447092434E-04 -1.4836235692881E-22 -1.6279461570331E-21 -6.6637861140267E-03 -1.1704987178485E-02
 2.9900709274659E+01 -1.6798066246326E-03  5.0385811245362E-03 -6.2552524325658E-03 -4.7696403584132E-04 -5.4543608716546E-22  5.9736764197750E-22 -2.0196325946082E-03 -4.6107236631102E-03
 3.5168864215715E+01 -6.6403115158259E-04  1.4142812137267E-03 -1.8228608761043E-03 -3.5284572699051E-04 -3.0260012149470E-21  9.6076790867087E-22 -4.2700583516805E-04 -1.4350955464698E-03
 4.1419695291531E+01 -1.9002912978462E-04  2.9776332388112E-04 -4.0244261578733E-04 -1.2935660300255E-04  7.3669911474135E-22  9.2155012799291E-23 -5.1054941439976E-05 -3.3780119571230E-04
 4.8665626607709E+01 -3.7083697634164E-05  4.7610433664144E-05 -6.6577711685655E-05 -3.1373513090181E-05  1.3409755020475E-21  1.4900555355849E-21 -2.2821474113137E-06 -5.8772545163276E-05
 5.6716111653915E+01 -6.3331666007762E-06  5.9541281608481E-06 -9.1319341816983E-06 -3.8910911286425E-06 -7.5387596314275E-22  4.1100376223607E-22  1.0512585075239E-06 -8.2796822573947E-06
 6.5027225430406E+01 -8.4803994607582E-08  1.0657683364064E-06 -1.0953406616052E-06 -1.4708411288689E-06  1.0486925812167E-21 -4.4657945219913E-22 -5.0738177484780E-07 -8.8700857901210E-07
 7.2587189964099E+01 -5.3663314540525E-07 -1.5624469053746E-08 -2.7754767505645E-07  4.5961054551031E-07 -8.5764495252019E-23  6.8268230575958E-22  3.7115260566370E-07 -2.6600740072728E-07
 7.8010805313165E+01  7.7949022377365E-07  3.1378878947126E-07  2.9681080603178E-08 -1.0716099587029E-06  5.1095177912253E-22  2.0127864843085E-21 -6.9078517860211E-07  1.8465439104262E-07
 8.0000000000000E+01  0.0000000000000E+00  0.0000000000000E+00  0.0000000000000E+00  0.0000000000000E+00  0.0000000000000E+00  0.0000000000000E+00  0.0000000000000E+00  0.0000000000000E+00
