#  1.0000000000000E+00  0.0000000000000E+00  2.3181424059429E-01 -6.4182155740489E-03  8.0000000000000E-02
 0.0000000000000E+00 -1.8069882441672E-15 -8.0233068756459E-16  2.4558295828064E-15 -3.1256012872081E-15  8.1197489047269E-36  1.4348435473564E-35 -1.0709502003527E+00 -1.4345702040769E+00
 1.2134956257652E-03 -3.5611801209993E-02 -3.4765714133170E-02 -5.2300665909199E-06  8.7239216195017E-06  1.0749085731994E-23  1.2664850599332E-22 -1.0709541096692E+00 -1.4345662488236E+00
 4.8598042576750E-03 -1.3951769467314E-01 -1.3938100239065E-01 -7.2242971207277E-05  9.4591627369705E-05 -1.5597783929793E-22  5.8478785149611E-22 -1.0709784967481E+00 -1.4345372137358E+00
 1.0956449776219E-02 -3.0310451981791E-01 -3.1456425067492E-01 -3.6956920376123E-04  4.7323572355510E-04 -2.3873807998976E-22  1.2786834128620E-21 -1.0710144184536E+00 -1.4344919725017E+00
 1.9532835037547E-02 -5.1260806320864E-01 -5.6076845922580E-01 -1.1783802393897E-03  1.4502652419391E-03 -6.1598095723347E-22  2.3527608539227E-21 -1.0710707397022E+00 -1.4344330918292E+00
 3.0630539981632E-02 -7.5002525230793E-01 -8.7720811149234E-01 -2.9132630405210E-03  3.4298922195195E-03 -7.0377781962309E-22  3.6136463784084E-21 -1.0711407322320E+00 -1.4343669363940E+00
 4.4303746127476E-02 -9.9440927588801E-01 -1.2607658134233E+00 -6.1170730587786E-03  6.8244731778919E-03 -1.2880324669802E-21  5.3599384847875E-21 -1.0712339302989E+00 -1.4342993242902E+00
 6.0619794820640E-02 -1.2235335663728E+00 -1.7050159593793E+00 -1.1472304949721E-02  1.2044374106586E-02 -1.1769166281797E-21  7.2211961119965E-21 -1.0713441384907E+00 -1.4342400462571E+00
 7.9659889028125E-02 -1.4158245590044E+00 -2.1996008172184E+00 -1.9777850547058E-02  1.9397435506633E-02 -1.7785921073936E-21  9.7378436904941E-21 -1.0714811552253E+00 -1.4341984764851E+00
 1.0151995116565E-01 -1.5524259011702E+00 -2.7301798839131E+00 -3.1935328203404E-02  2.9080240971345E-02 -9.7107823068472E-22  1.2270613464205E-20 -1.0716385681032E+00 -1.4341879666497E+00
 1.2631165246940E-01 -1.6191408253408E+00 -3.2790607018275E+00 -4.8898287578285E-02  4.1092697933695E-02 -9.8426022516112E-22  1.5666078826671E-20 -1.0718252337443E+00 -1.4342212221421E+00
 1.5416363287784E-01 -1.6080169712219E+00 -3.8265346970849E+00 -7.1633938889718E-02  5.5258750307396E-02  1.6051237945879E-21  1.8867995882402E-20 -1.0720327509070E+00 -1.4343143133220E+00
 1.8522293437556E-01 -1.5182868645637E+00 -4.3527324764929E+00 -1.0105740849219E-01  7.1182953402470E-02  3.5528236765158E-21  2.2998348339544E-20 -1.0722666188951E+00 -1.4344814833579E+00
 2.1965667539691E-01 -1.3565252291555E+00 -4.8397353077944E+00 -1.3799339988108E-01  8.8321578229641E-02  9.9819802703242E-21  2.6265520730911E-20 -1.0725133330851E+00 -1.4347383629807E+00
 2.5765399934730E-01 -1.1359485419952E+00 -5.2734810116110E+00 -1.8312819605343E-01  1.0599124417305E-01  1.6353643290222E-20  2.9779084191875E-20 -1.0727712088884E+00 -1.4350957074116E+00
 2.9942833676086E-01 -8.7501210706846E-01 -5.6450721162866E+00 -2.3700516101790E-01  1.2348663744203E-01  2.9716445361055E-20  3.0316554340255E-20 -1.0730171000074E+00 -1.4355612184697E+00
 3.4522002830748E-01 -5.9552830217498E-01 -5.9510312633067E+00 -3.0001952127473E-01  1.4012330609968E-01  4.3433161783601E-20  2.8227082829149E-20 -1.0732368971431E+00 -1.4361314953251E+00
 3.9529936507288E-01 -3.2062473122441E-01 -6.1923469915943E+00 -3.7245338792933E-01  1.5537320312295E-01  6.5762652547860E-20  1.7724142089129E-20 -1.0733918266699E+00 -1.4367916084676E+00
 4.4997011361895E-01 -7.2731733526363E-02 -6.3722499759193E+00 -4.5449028928821E-01  1.6890689340020E-01  8.5389815921342E-20 -2.4078881700031E-21 -1.0734484954454E+00 -1.4375042180087E+00
 5.0957360672842E-01  1.2839204417709E-01 -6.4931577679341E+00 -5.4623444804798E-01  1.8070966122045E-01  1.0849199770917E-19 -4.0615653780383E-20 -1.0733444626378E+00 -1.4382056490252E+00
 5.7449349700374E-01  2.6780257447688E-01 -6.5534387693835E+00 -6.4766252987888E-01  1.9108144545053E-01  1.1326376653972E-19 -9.7066023520688E-20 -1.0730172920029E+00 -1.4387907267989E+00
 6.4516129032258E-01  3.3790827261538E-01 -6.5452455051520E+00 -7.5853709681165E-01  2.0067828175622E-01  9.8518247367502E-20 -1.7552283105445E-19 -1.0723685402208E+00 -1.4391038720578E+00
 7.2206280043514E-01  3.4113940599517E-01 -6.4546761601032E+00 -8.7823469402629E-01  2.1039155447970E-01  2.9250226242404E-20 -2.6003638028655E-19 -1.0712906765302E+00 -1.4389184908378E+00
 8.0574569584327E-01  2.9159479358495E-01 -6.2653767036715E+00 -1.0055739751493E+00  2.2122017131569E-01 -9.2709036148832E-20 -3.2763103191413E-19 -1.0696282153086E+00 -1.4379229912042E+00
 8.9682834696002E-01  2.1347751703831E-01 -5.9649910652917E+00 -1.1386658664242E+00  2.3396741352292E-01 -2.8290257449971E-19 -3.2589830674380E-19 -1.0672016367514E+00 -1.4356967795717E+00
 9.9601022724332E-01  1.3461352481401E-01 -5.5516855628415E+00 -1.2749145889475E+00  2.4901241606507E-01 -4.7370507300612E-19 -2.1230358490899E-19 -1.0637661221885E+00 -1.4316968826255E+00
 1.1040841788897E+00  7.6119895821555E-02 -5.0358886931337E+00 -1.4111324209199E+00  2.6611500731049E-01 -5.9412896604695E-19  2.9392188519036E-20 -1.0590356025204E+00 -1.4252413851958E+00
 1.2219509248095E+00  4.4036192167290E-02 -4.4346144270471E+00 -1.5437147579907E+00  2.8455200983234E-01 -5.1141257726665E-19  3.0569186795780E-19 -1.0526460138917E+00 -1.4155140334203E+00
 1.3506362979409E+00  2.9885542378891E-02 -3.7620542263684E+00 -1.6686404110580E+00  3.0337699564271E-01 -2.4263414293574E-19  4.3843058340104E-19 -1.0441904529144E+00 -1.4015800036388E+00
 1.4913117716510E+00  2.0952824665935E-02 -3.0263534552149E+00 -1.7812967176704E+00  3.2175499521235E-01  7.2143396003961E-20  2.5249542154939E-19 -1.0332007643501E+00 -1.3824410387121E+00
 1.6453190177622E+00  1.0815053877899E-02 -2.2378661241179E+00 -1.8763084465056E+00  3.3896383287933E-01  1.2163362696338E-19 -1.7856205965490E-19 -1.0192082563219E+00 -1.3571208995757E+00
 1.8141994004940E+00  8.3159778719153E-04 -1.4219625615557E+00 -1.9478124339702E+00  3.5427981642902E-01 -1.2378939276057E-19 -5.4582473957550E-19 -1.0017555133290E+00 -1.3248019244948E+00
 1.9997295470214E+00 -5.3959745665760E-03 -6.2385192374568E-01 -1.9902756606772E+00  3.6683012178111E-01 -4.0765569929207E-19 -5.9022294454392E-19 -9.8048610737596E-01 -1.2849795650146E+00
 2.2039644338840E+00 -5.7907672408799E-03  9.7658012307077E-02 -1.9997174800542E+00  3.7573397059198E-01 -3.4451336665384E-19 -4.4204053919087E-19 -9.5517019994929E-01 -1.2376125080440E+00
 2.4292898137085E+00 -8.0115681718355E-05  6.8384104203340E-01 -1.9749085502563E+00  3.8025923568347E-01 -3.7341534798386E-20 -3.0835876000035E-19 -9.2577430793467E-01 -1.1831875060926E+00
 2.6784863059733E+00  1.0432002017539E-02  1.0936936906916E+00 -1.9181335544612E+00  3.8005673783221E-01  2.9002873095907E-19 -2.1219847261925E-19 -8.9242006518549E-01 -1.1226595722745E+00
 2.9548081253617E+00  2.3054714231144E-02  1.3199508683587E+00 -1.8349128447760E+00  3.7521539980475E-01  3.8369540330411E-19 -9.4247114377464E-20 -8.5535326744516E-01 -1.0572437219026E+00
 3.2620802702989E+00  3.4778641352826E-02  1.3924795225271E+00 -1.7325252216638E+00  3.6624602342311E-01  3.0892088685462E-19 -6.3598725582784E-20 -8.1481362567684E-01 -9.8815232846803E-01
 3.6048191074170E+00  4.3688070314795E-02  1.3634376282957E+00 -1.6178648185703E+00  3.5379549116097E-01  1.8449992499247E-19 -1.4054749592621E-19 -7.7098626248599E-01 -9.1638983604666E-01
 3.9883827509977E+00  4.9476011360102E-02  1.2828051077312E+00 -1.4958834847443E+00  3.3840335734924E-01  2.1835385494529E-19 -4.3545080187405E-19 -7.2394753362984E-01 -8.4271247887533E-01
 4.4191595630774E+00  5.2742109203699E-02  1.1820863287292E+00 -1.3693766903500E+00  3.2030644517030E-01 -2.9714823233184E-19 -8.5012208249993E-19 -6.7374227906256E-01 -7.6771756298121E-01
 4.9048056364975E+00  5.3991318607465E-02  1.0745391310667E+00 -1.2398399040902E+00  2.9954665527625E-01 -6.8597469483247E-19 -7.2786454349406E-19 -6.2042514687548E-01 -6.9197949387769E-01
 5.4545454545455E+00  5.3359297010245E-02  9.6411347987123E-01 -1.1083813205143E+00  2.7608668197444E-01  2.0656166942057E-19 -3.8988767778520E-19 -5.6416448694185E-01 -6.1613515866292E-01
 6.0795542687962E+00  5.0807942900996E-02  8.5220698975462E-01 -9.7622289389412E-01  2.4999106760385E-01  4.1010575746389E-19 -3.9129630202129E-19 -5.0526656331656E-01 -5.4092192021370E-01
 6.7934463423832E+00  4.6361399778022E-02  7.4006107081489E-01 -8.4483781887925E-01  2.2146137424924E-01  4.0847270647019E-20  4.4809329153153E-19 -4.4426343101976E-01 -4.6717613759377E-01
 7.6129002726496E+00  4.0166286469388E-02  6.2916930868785E-01 -7.1599630667180E-01  1.9094433617331E-01 -2.5823509183963E-19  5.4877268700025E-19 -3.8193399888802E-01 -3.9582448707735E-01
 8.5584611558500E+00  3.2564554669769E-02  5.2134534750820E-01 -5.9174759358278E-01  1.5913740573720E-01 -5.7696170861912E-19 -5.6706414819161E-19 -3.1938881712386E-01 -3.2785741717914E-01
 9.6555688906727E+00  2.4086265292437E-02  4.1868805258091E-01 -4.7439569120869E-01  1.2706987063150E-01  4.1751752110254E-19 -5.1243223072553E-19 -2.5806665109742E-01 -2.6430043825032E-01
 1.0935870685435E+01  1.5471721689720E-02  3.2353738899551E-01 -3.6639974350769E-01  9.6044448224277E-02 -3.9233604494231E-19 -6.9581052786234E-20 -1.9975503246259E-01 -2.0616961871663E-01
 1.2438879256439E+01  7.5727808899842E-03  2.3831414141269E-01 -2.7023379139855E-01  6.7597082516927E-02 -2.0000313235787E-19  8.5231618697657E-20 -1.4646136005196E-01 -1.5442700262921E-01
 1.4214025594877E+01  1.2458590455186E-03  1.6529667025015E-01 -1.8813177828177E-01  4.3251891680664E-02  4.1489576201088E-19  2.6847755075371E-19 -1.0023603695448E-01 -1.0991900943950E-01
 1.6323103064291E+01 -2.8925373617474E-03  1.0624325985876E-01 -1.2176338574173E-01  2.4258151302921E-02 -6.4450702106942E-19  2.0997750573189E-19 -6.2788882269766E-02 -7.3301966114799E-02
 1.8842958547214E+01 -4.6571907893500E-03  6.1968975591757E-02 -7.1810337032014E-02  1.1173055962687E-02  2.0982155383160E-19 -1.3728643923790E-19 -3.5078083520842E-02 -4.4921384119301E-02
 2.1867956415951E+01 -4.4553278920352E-03  3.1917589822932E-02 -3.7593786644884E-02  3.6336505760902E-03 -8.6009513358688E-20 -3.6769259645923E-21 -1.6871740069183E-02 -2.4649222849338E-02
 2.5511030361867E+01 -3.1419551871800E-03  1.4024201959206E-02 -1.6893322630850E-02  3.3427447092439E-04  4.0943873835888E-20 -1.7582652370487E-20 -6.6637861140268E-03 -1.1704987178485E-02
 2.9900709274659E+01 -1.6798066246324E-03  5.0385811245362E-03 -6.2552524325658E-03 -4.7696403584134E-04 -1.9239090750499E-20 -7.7452813143748E-21 -2.0196325946082E-03 -4.6107236631101E-03
 3.5168864215715E+01 -6.6403115158258E-04  1.4142812137267E-03 -1.8228608761043E-03 -3.5284572699043E-04 -4.4141659952399E-20 -6.8706156719227E-20 -4.2700583516807E-04 -1.4350955464698E-03
 4.1419695291531E+01 -1.9002912978454E-04  2.9776332388117E-04 -4.0244261578732E-04 -1.2935660300255E-04  2.5925937135511E-21  1.9305932042378E-20 -5.1054941439982E-05 -3.3780119571228E-04
 4.8665626607709E+01 -3.7083697634195E-05  4.7610433664097E-05 -6.6577711685658E-05 -3.1373513090133E-05 -2.7107980235209E-20  4.2876964642509E-20 -2.2821474112873E-06 -5.8772545163260E-05
 5.6716111653915E+01 -6.3331666007386E-06  5.9541281608742E-06 -9.1319341817763E-06 -3.8910911286386E-06 -1.5552409358930E-20 -1.5473102784324E-20  1.0512585075276E-06 -8.2796822573858E-06
 6.5027225430406E+01 -8.4803994641028E-08  1.0657683363991E-06 -1.0953406615846E-06 -1.4708411288590E-06  1.8425584687491E-20  2.2496108484036E-20 -5.0738177485435E-07 -8.8700857902922E-07
 7.2587189964099E+01 -5.3663314538294E-07 -1.5624469057083E-08 -2.7754767511323E-07  4.5961054549565E-07 -1.7530621207203E-20  2.6664315624691E-21  3.7115260567184E-07 -2.6600740071053E-07
 7.8010805313165E+01  7.7949022372782E-07  3.1378878949814E-07  2.9681080630855E-08 -1.0716099586837E-06 -4.5949554862648E-20  2.6796840044010E-20 -6.9078517862915E-07  1.8465439099282E-07
 8.0000000000000E+01  0.0000000000000E+00  0.0000000000000E+00  0.0000000000000E+00  0.0000000000000E+00  0.0000000000000E+00  0.0000000000000E+00  0.0000000000000E+00  0.0000000000000E+00
