#  1.0000000000000E+00  0.0000000000000E+00  2.3181424059429E-01 -6.4182155740492E-03  8.0000000000000E-02
 0.0000000000000E+00  1.2139612142282E-15 -6.2023650543037E-15  4.5767733134119E-15  4.4651446960116E-15 -8.3206742779152E-35 -3.2573548735702E-35 -1.0709502003527E+00 -1.4345702040769E+00
 1.2134956257652E-03 -3.5611801209990E-02 -3.4765714133176E-02 -5.2300665884716E-06  8.7239216272220E-06 -7.1927623894107E-22 -1.5236109949896E-22 -1.0709541096691E+00 -1.4345662488236E+00
 4.8598042576750E-03 -1.3951769467313E-01 -1.3938100239066E-01 -7.2242971205221E-05  9.4591627377627E-05 -2.3493701583680E-21 -1.2219466080872E-21 -1.0709784967481E+00 -1.4345372137358E+00
 1.0956449776219E-02 -3.0310451981791E-01 -3.1456425067493E-01 -3.6956920375907E-04  4.7323572356267E-04 -5.5971172272659E-21 -2.4329422571512E-21 -1.0710144184535E+00 -1.4344919725017E+00
 1.9532835037547E-02 -5.1260806320862E-01 -5.6076845922580E-01 -1.1783802393877E-03  1.4502652419468E-03 -9.4641384118278E-21 -4.8650041855491E-21 -1.0710707397022E+00 -1.4344330918292E+00
 3.0630539981632E-02 -7.5002525230792E-01 -8.7720811149235E-01 -2.9132630405186E-03  3.4298922195274E-03 -1.5523183902549E-20 -6.8761498900530E-21 -1.0711407322320E+00 -1.4343669363940E+00
 4.4303746127476E-02 -9.9440927588799E-01 -1.2607658134233E+00 -6.1170730587767E-03  6.8244731778995E-03 -2.1677024914972E-20 -1.0578246958627E-20 -1.0712339302989E+00 -1.4342993242902E+00
 6.0619794820640E-02 -1.2235335663728E+00 -1.7050159593793E+00 -1.1472304949719E-02  1.2044374106594E-02 -3.1095664376242E-20 -1.2664678443624E-20 -1.0713441384907E+00 -1.4342400462571E+00
 7.9659889028125E-02 -1.4158245590043E+00 -2.1996008172184E+00 -1.9777850547056E-02  1.9397435506640E-02 -3.9941788046470E-20 -1.6766427988207E-20 -1.0714811552253E+00 -1.4341984764851E+00
 1.0151995116565E-01 -1.5524259011702E+00 -2.7301798839131E+00 -3.1935328203402E-02  2.9080240971352E-02 -5.3726415354393E-20 -1.6968366160235E-20 -1.0716385681032E+00 -1.4341879666497E+00
 1.2631165246940E-01 -1.6191408253407E+00 -3.2790607018275E+00 -4.8898287578284E-02  4.1092697933702E-02 -6.6103928931934E-20 -1.8785019856207E-20 -1.0718252337443E+00 -1.4342212221420E+00
 1.5416363287784E-01 -1.6080169712219E+00 -3.8265346970849E+00 -7.1633938889717E-02  5.5258750307402E-02 -8.5516088186652E-20 -1.2523940728300E-20 -1.0720327509070E+00 -1.4343143133220E+00
 1.8522293437556E-01 -1.5182868645636E+00 -4.3527324764929E+00 -1.0105740849219E-01  7.1182953402475E-02 -1.0187607333366E-19 -5.7809817848253E-21 -1.0722666188951E+00 -1.4344814833579E+00
 2.1965667539691E-01 -1.3565252291554E+00 -4.8397353077944E+00 -1.3799339988108E-01  8.8321578229646E-02 -1.2649195755024E-19  1.6300627483069E-20 -1.0725133330851E+00 -1.4347383629807E+00
 2.5765399934730E-01 -1.1359485419952E+00 -5.2734810116110E+00 -1.8312819605343E-01  1.0599124417306E-01 -1.4302785514393E-19  4.3762744116621E-20 -1.0727712088884E+00 -1.4350957074116E+00
 2.9942833676086E-01 -8.7501210706841E-01 -5.6450721162865E+00 -2.3700516101790E-01  1.2348663744203E-01 -1.6387911133052E-19  9.7516854177958E-20 -1.0730171000074E+00 -1.4355612184697E+00
 3.4522002830748E-01 -5.9552830217493E-01 -5.9510312633067E+00 -3.0001952127474E-01  1.4012330609968E-01 -1.6139412876232E-19  1.6317056146408E-19 -1.0732368971431E+00 -1.4361314953251E+00
 3.9529936507288E-01 -3.2062473122436E-01 -6.1923469915942E+00 -3.7245338792933E-01  1.5537320312295E-01 -1.4467127272107E-19  2.6474782806397E-19 -1.0733918266699E+00 -1.4367916084676E+00
 4.4997011361895E-01 -7.2731733526318E-02 -6.3722499759193E+00 -4.5449028928821E-01  1.6890689340020E-01 -6.7825462326400E-20  3.7376072244670E-19 -1.0734484954454E+00 -1.4375042180087E+00
 5.0957360672842E-01  1.2839204417713E-01 -6.4931577679340E+00 -5.4623444804798E-01  1.8070966122045E-01  6.5158834284281E-20  5.0216521878620E-19 -1.0733444626378E+00 -1.4382056490252E+00
 5.7449349700374E-01  2.6780257447691E-01 -6.5534387693835E+00 -6.4766252987888E-01  1.9108144545053E-01  3.1309469327612E-19  5.8099514613373E-19 -1.0730172920029E+00 -1.4387907267989E+00
 6.4516129032258E-01  3.3790827261541E-01 -6.5452455051519E+00 -7.5853709681165E-01  2.0067828175621E-01  6.4770121469366E-19  5.8026256864796E-19 -1.0723685402208E+00 -1.4391038720578E+00
 7.2206280043514E-01  3.4113940599521E-01 -6.4546761601031E+00 -8.7823469402628E-01  2.1039155447970E-01  1.0785813013558E-18  3.6841604356178E-19 -1.0712906765302E+00 -1.4389184908378E+00
 8.0574569584327E-01  2.9159479358498E-01 -6.2653767036714E+00 -1.0055739751493E+00  2.2122017131569E-01  1.4470718765363E-18 -9.8868350521722E-20 -1.0696282153086E+00 -1.4379229912042E+00
 8.9682834696002E-01  2.1347751703834E-01 -5.9649910652917E+00 -1.1386658664242E+00  2.3396741352292E-01  1.6021403443550E-18 -8.8640529198210E-19 -1.0672016367514E+00 -1.4356967795717E+00
 9.9601022724332E-01  1.3461352481403E-01 -5.5516855628415E+00 -1.2749145889475E+00  2.4901241606507E-01  1.2373920462118E-18 -1.7750421325993E-18 -1.0637661221885E+00 -1.4316968826255E+00
 1.1040841788897E+00  7.6119895821568E-02 -5.0358886931337E+00 -1.4111324209199E+00  2.6611500731049E-01  3.0864985177396E-19 -2.4172102864202E-18 -1.0590356025204E+00 -1.4252413851957E+00
 1.2219509248095E+00  4.4036192167294E-02 -4.4346144270471E+00 -1.5437147579906E+00  2.8455200983234E-01 -9.7436669427599E-19 -2.2237422776759E-18 -1.0526460138917E+00 -1.4155140334203E+00
 1.3506362979409E+00  2.9885542378887E-02 -3.7620542263684E+00 -1.6686404110580E+00  3.0337699564271E-01 -1.7603452696173E-18 -1.0651036955044E-18 -1.0441904529144E+00 -1.4015800036388E+00
 1.4913117716510E+00  2.0952824665929E-02 -3.0263534552148E+00 -1.7812967176704E+00  3.2175499521235E-01 -1.3438962790441E-18  5.6637437972864E-19 -1.0332007643501E+00 -1.3824410387121E+00
 1.6453190177622E+00  1.0815053877894E-02 -2.2378661241179E+00 -1.8763084465056E+00  3.3896383287933E-01  3.0707885792407E-19  1.4505171726055E-18 -1.0192082563219E+00 -1.3571208995757E+00
 1.8141994004940E+00  8.3159778719030E-04 -1.4219625615557E+00 -1.9478124339702E+00  3.5427981642902E-01  1.8739835220313E-18  1.1714982504043E-18 -1.0017555133290E+00 -1.3248019244948E+00
 1.9997295470214E+00 -5.3959745665771E-03 -6.2385192374568E-01 -1.9902756606772E+00  3.6683012178111E-01  2.3136100430120E-18  4.4811235435216E-19 -9.8048610737596E-01 -1.2849795650146E+00
 2.2039644338840E+00 -5.7907672408879E-03  9.7658012307079E-02 -1.9997174800542E+00  3.7573397059198E-01  1.5571046009712E-18  4.5999473680834E-19 -9.5517019994929E-01 -1.2376125080440E+00
 2.4292898137085E+00 -8.0115681726292E-05  6.8384104203338E-01 -1.9749085502563E+00  3.8025923568347E-01  4.7474044891918E-19  9.1048562571942E-19 -9.2577430793466E-01 -1.1831875060926E+00
 2.6784863059733E+00  1.0432002017515E-02  1.0936936906916E+00 -1.9181335544612E+00  3.8005673783221E-01 -6.4764686530772E-19  1.1737292125436E-18 -8.9242006518548E-01 -1.1226595722745E+00
 2.9548081253617E+00  2.3054714231142E-02  1.3199508683587E+00 -1.8349128447760E+00  3.7521539980475E-01 -1.1562006034450E-18  8.6367852378317E-19 -8.5535326744516E-01 -1.0572437219026E+00
 3.2620802702989E+00  3.4778641352824E-02  1.3924795225271E+00 -1.7325252216638E+00  3.6624602342311E-01 -9.0248580472673E-19  5.3953946819044E-19 -8.1481362567684E-01 -9.8815232846803E-01
 3.6048191074170E+00  4.3688070314790E-02  1.3634376282957E+00 -1.6178648185703E+00  3.5379549116097E-01 -4.0848012565509E-19  5.0688377832054E-19 -7.7098626248599E-01 -9.1638983604666E-01
 3.9883827509977E+00  4.9476011360107E-02  1.2828051077312E+00 -1.4958834847443E+00  3.3840335734924E-01 -2.8408432464021E-19  1.7425728734013E-18 -7.2394753362983E-01 -8.4271247887532E-01
 4.4191595630774E+00  5.2742109203709E-02  1.1820863287292E+00 -1.3693766903500E+00  3.2030644517030E-01  2.1092986470426E-18  2.3029934575271E-18 -6.7374227906255E-01 -7.6771756298121E-01
 4.9048056364975E+00  5.3991318607474E-02  1.0745391310667E+00 -1.2398399040902E+00  2.9954665527625E-01  3.1619709474420E-18  1.0035106370602E-18 -6.2042514687547E-01 -6.9197949387769E-01
 5.4545454545455E+00  5.3359297010245E-02  9.6411347987123E-01 -1.1083813205143E+00  2.7608668197444E-01 -3.3867688264978E-19  1.5875893156980E-18 -5.6416448694184E-01 -6.1613515866292E-01
 6.0795542687962E+00  5.0807942900994E-02  8.5220698975462E-01 -9.7622289389412E-01  2.4999106760385E-01 -6.4488361682850E-19  1.7805274171233E-18 -5.0526656331656E-01 -5.4092192021370E-01
 6.7934463423832E+00  4.6361399778023E-02  7.4006107081489E-01 -8.4483781887925E-01  2.2146137424924E-01 -7.4318996317345E-19 -1.3519431306889E-18 -4.4426343101975E-01 -4.6717613759377E-01
 7.6129002726496E+00  4.0166286469386E-02  6.2916930868785E-01 -7.1599630667180E-01  1.9094433617331E-01  2.0043557990896E-22 -2.0045290401676E-18 -3.8193399888802E-01 -3.9582448707735E-01
 8.5584611558500E+00  3.2564554669769E-02  5.2134534750820E-01 -5.9174759358278E-01  1.5913740573720E-01  2.5658680684718E-18  9.5693866959024E-19 -3.1938881712386E-01 -3.2785741717914E-01
 9.6555688906727E+00  2.4086265292438E-02  4.1868805258090E-01 -4.7439569120869E-01  1.2706987063150E-01 -6.7998243328057E-19  2.1479283309044E-18 -2.5806665109741E-01 -2.6430043825032E-01
 1.0935870685435E+01  1.5471721689721E-02  3.2353738899551E-01 -3.6639974350769E-01  9.6044448224277E-02  1.2780743564185E-18 -3.1118103011856E-19 -1.9975503246259E-01 -2.0616961871663E-01
 1.2438879256439E+01  7.5727808899844E-03  2.3831414141269E-01 -2.7023379139855E-01  6.7597082516926E-02  5.0551454267546E-19 -5.1605667895850E-19 -1.4646136005196E-01 -1.5442700262921E-01
 1.4214025594877E+01  1.2458590455189E-03  1.6529667025015E-01 -1.8813177828177E-01  4.3251891680664E-02 -1.5985829926581E-18 -2.6389277623961E-19 -1.0023603695448E-01 -1.0991900943950E-01
 1.6323103064291E+01 -2.8925373617472E-03  1.0624325985876E-01 -1.2176338574173E-01  2.4258151302921E-02  1.6970762856740E-18 -1.4544791386667E-18 -6.2788882269765E-02 -7.3301966114798E-02
 1.8842958547214E+01 -4.6571907893499E-03  6.1968975591757E-02 -7.1810337032013E-02  1.1173055962687E-02 -4.6798275738461E-19  6.9044253553690E-19 -3.5078083520842E-02 -4.4921384119301E-02
 2.1867956415951E+01 -4.4553278920351E-03  3.1917589822932E-02 -3.7593786644884E-02  3.6336505760901E-03  2.6495101409361E-19 -1.0277177938120E-19 -1.6871740069183E-02 -2.4649222849337E-02
 2.5511030361867E+01 -3.1419551871799E-03  1.4024201959206E-02 -1.6893322630850E-02  3.3427447092439E-04 -1.0265242302289E-19  1.0705570080466E-19 -6.6637861140268E-03 -1.1704987178485E-02
 2.9900709274659E+01 -1.6798066246324E-03  5.0385811245361E-03 -6.2552524325659E-03 -4.7696403584136E-04  6.7504687824571E-20 -2.4135784804535E-21 -2.0196325946081E-03 -4.6107236631101E-03
 3.5168864215715E+01 -6.6403115158261E-04  1.4142812137267E-03 -1.8228608761042E-03 -3.5284572699044E-04  2.1679003300596E-19  1.5431617139393E-19 -4.2700583516802E-04 -1.4350955464699E-03
 4.1419695291531E+01 -1.9002912978452E-04  2.9776332388107E-04 -4.0244261578738E-04 -1.2935660300256E-04 -3.1384521574242E-20 -5.5772541830157E-20 -5.1054941439968E-05 -3.3780119571221E-04
 4.8665626607709E+01 -3.7083697634181E-05  4.7610433664181E-05 -6.6577711685615E-05 -3.1373513090105E-05  2.9168091335021E-20 -1.6156316408057E-19 -2.2821474113258E-06 -5.8772545163283E-05
 5.6716111653915E+01 -6.3331666006894E-06  5.9541281608150E-06 -9.1319341817904E-06 -3.8910911286563E-06  6.5864753194293E-20  2.7194584611468E-20  1.0512585075322E-06 -8.2796822573237E-06
 6.5027225430406E+01 -8.4803994638829E-08  1.0657683364626E-06 -1.0953406615387E-06 -1.4708411288343E-06 -8.3057261597483E-20 -4.4882869064147E-20 -5.0738177487118E-07 -8.8700857906113E-07
 7.2587189964099E+01 -5.3663314537325E-07 -1.5624469109416E-08 -2.7754767509184E-07  4.5961054549455E-07  4.9660261984111E-20 -2.9593483278142E-20  3.7115260568103E-07 -2.6600740068277E-07
 7.8010805313165E+01  7.7949022370717E-07  3.1378878955298E-07  2.9681080639285E-08 -1.0716099586635E-06  1.0547417560257E-19 -1.3709250138656E-19 -6.9078517863022E-07  1.8465439096037E-07
 8.0000000000000E+01  0.0000000000000E+00  0.0000000000000E+00  0.0000000000000E+00  0.0000000000000E+00  0.0000000000000E+00  0.0000000000000E+00  0.0000000000000E+00  0.0000000000000E+00
