#  1.0000000000000E+00  0.0000000000000E+00  2.3181424059429E-01 -6.4182155740488E-03  8.0000000000000E-02
 0.0000000000000E+00 -5.4418950982642E-16 -1.7651275126421E-15  1.8976864958049E-15 -1.7860578784047E-15 -1.5884923621474E-35  4.8458472357177E-36 -1.0709502003527E+00 -1.4345702040769E+00
 1.2134956257652E-03 -3.5611801209992E-02 -3.4765714133171E-02 -5.2300665910686E-06  8.7239216208378E-06 -4.6352685468533E-22  1.2696407183351E-22 -1.0709541096691E+00 -1.4345662488236E+00
 4.8598042576750E-03 -1.3951769467314E-01 -1.3938100239066E-01 -7.2242971207735E-05  9.4591627371076E-05 -1.8236120040609E-21 -7.1010178446057E-23 -1.0709784967481E+00 -1.4345372137358E+00
 1.0956449776219E-02 -3.0310451981791E-01 -3.1456425067492E-01 -3.6956920376123E-04  4.7323572355597E-04 -4.1404336046570E-21  1.5668396689119E-22 -1.0710144184535E+00 -1.4344919725017E+00
 1.9532835037547E-02 -5.1260806320863E-01 -5.6076845922580E-01 -1.1783802393898E-03  1.4502652419401E-03 -7.3291597790304E-21 -2.5056725092597E-22 -1.0710707397022E+00 -1.4344330918292E+00
 3.0630539981632E-02 -7.5002525230792E-01 -8.7720811149234E-01 -2.9132630405208E-03  3.4298922195203E-03 -1.1564777835888E-20  3.3925348833215E-22 -1.0711407322320E+00 -1.4343669363940E+00
 4.4303746127476E-02 -9.9440927588800E-01 -1.2607658134233E+00 -6.1170730587786E-03  6.8244731778925E-03 -1.6620009653828E-20 -2.2407648353343E-22 -1.0712339302989E+00 -1.4342993242902E+00
 6.0619794820640E-02 -1.2235335663728E+00 -1.7050159593793E+00 -1.1472304949720E-02  1.2044374106587E-02 -2.2866331543220E-20  1.3570321774367E-21 -1.0713441384907E+00 -1.4342400462571E+00
 7.9659889028125E-02 -1.4158245590043E+00 -2.1996008172184E+00 -1.9777850547057E-02  1.9397435506634E-02 -2.9819121540056E-20  1.2765496457237E-21 -1.0714811552253E+00 -1.4341984764851E+00
 1.0151995116565E-01 -1.5524259011702E+00 -2.7301798839131E+00 -3.1935328203403E-02  2.9080240971346E-02 -3.8087642448644E-20  5.3796547586399E-21 -1.0716385681032E+00 -1.4341879666497E+00
 1.2631165246940E-01 -1.6191408253407E+00 -3.2790607018275E+00 -4.8898287578285E-02  4.1092697933696E-02 -4.6707203953602E-20  7.6721907950630E-21 -1.0718252337443E+00 -1.4342212221420E+00
 1.5416363287784E-01 -1.6080169712219E+00 -3.8265346970849E+00 -7.1633938889718E-02  5.5258750307397E-02 -5.6396571660682E-20  1.7529579465684E-20 -1.0720327509070E+00 -1.4343143133220E+00
 1.8522293437556E-01 -1.5182868645637E+00 -4.3527324764929E+00 -1.0105740849219E-01  7.1182953402471E-02 -6.5160691314400E-20  2.6197536761713E-20 -1.0722666188951E+00 -1.4344814833579E+00
 2.1965667539691E-01 -1.3565252291555E+00 -4.8397353077944E+00 -1.3799339988108E-01  8.8321578229642E-02 -7.3218295489068E-20  4.7517291242710E-20 -1.0725133330851E+00 -1.4347383629807E+00
 2.5765399934730E-01 -1.1359485419952E+00 -5.2734810116110E+00 -1.8312819605343E-01  1.0599124417306E-01 -7.6238440907336E-20  6.8968366119108E-20 -1.0727712088884E+00 -1.4350957074116E+00
 2.9942833676086E-01 -8.7501210706844E-01 -5.6450721162866E+00 -2.3700516101790E-01  1.2348663744203E-01 -7.2394229575712E-20  1.0899593002453E-19 -1.0730171000074E+00 -1.4355612184697E+00
 3.4522002830748E-01 -5.9552830217496E-01 -5.9510312633067E+00 -3.0001952127473E-01  1.4012330609968E-01 -5.2659328014705E-20  1.4843385386464E-19 -1.0732368971431E+00 -1.4361314953251E+00
 3.9529936507288E-01 -3.2062473122439E-01 -6.1923469915942E+00 -3.7245338792932E-01  1.5537320312295E-01 -1.1089203560142E-20  2.0734056207584E-19 -1.0733918266699E+00 -1.4367916084676E+00
 4.4997011361895E-01 -7.2731733526354E-02 -6.3722499759193E+00 -4.5449028928820E-01  1.6890689340020E-01  6.7326523513574E-20  2.5174117997274E-19 -1.0734484954454E+00 -1.4375042180087E+00
 5.0957360672842E-01  1.2839204417709E-01 -6.4931577679340E+00 -5.4623444804797E-01  1.8070966122045E-01  1.8960001291984E-19  2.9345139574957E-19 -1.0733444626378E+00 -1.4382056490252E+00
 5.7449349700374E-01  2.6780257447688E-01 -6.5534387693835E+00 -6.4766252987888E-01  1.9108144545053E-01  3.6552920390758E-19  2.6860677913185E-19 -1.0730172920029E+00 -1.4387907267989E+00
 6.4516129032258E-01  3.3790827261538E-01 -6.5452455051520E+00 -7.5853709681165E-01  2.0067828175621E-01  5.7644937708442E-19  1.7079217955997E-19 -1.0723685402208E+00 -1.4391038720578E+00
 7.2206280043514E-01  3.4113940599517E-01 -6.4546761601031E+00 -8.7823469402628E-01  2.1039155447970E-01  7.8147051312851E-19 -8.9811585628243E-20 -1.0712906765302E+00 -1.4389184908378E+00
 8.0574569584327E-01  2.9159479358495E-01 -6.2653767036715E+00 -1.0055739751493E+00  2.2122017131569E-01  8.7820532076481E-19 -4.8983382595276E-19 -1.0696282153086E+00 -1.4379229912042E+00
 8.9682834696002E-01  2.1347751703831E-01 -5.9649910652917E+00 -1.1386658664242E+00  2.3396741352292E-01  7.4231803595489E-19 -1.0322937124370E-18 -1.0672016367514E+00 -1.4356967795717E+00
 9.9601022724332E-01  1.3461352481401E-01 -5.5516855628415E+00 -1.2749145889475E+00  2.4901241606507E-01  2.5729674246260E-19 -1.4848245619968E-18 -1.0637661221885E+00 -1.4316968826255E+00
 1.1040841788897E+00  7.6119895821546E-02 -5.0358886931337E+00 -1.4111324209199E+00  2.6611500731049E-01 -5.1725376149609E-19 -1.6240839474234E-18 -1.0590356025204E+00 -1.4252413851957E+00
 1.2219509248095E+00  4.4036192167277E-02 -4.4346144270471E+00 -1.5437147579907E+00  2.8455200983234E-01 -1.2620878816869E-18 -1.1330422122112E-18 -1.0526460138917E+00 -1.4155140334203E+00
 1.3506362979409E+00  2.9885542378879E-02 -3.7620542263684E+00 -1.6686404110580E+00  3.0337699564271E-01 -1.4159953634423E-18 -1.8918203609346E-19 -1.0441904529144E+00 -1.4015800036388E+00
 1.4913117716510E+00  2.0952824665919E-02 -3.0263534552149E+00 -1.7812967176704E+00  3.2175499521236E-01 -6.5354369345110E-19  6.9124997500178E-19 -1.0332007643501E+00 -1.3824410387121E+00
 1.6453190177622E+00  1.0815053877888E-02 -2.2378661241179E+00 -1.8763084465056E+00  3.3896383287933E-01  6.6486068222105E-19  7.0146126979152E-19 -1.0192082563219E+00 -1.3571208995757E+00
 1.8141994004940E+00  8.3159778718389E-04 -1.4219625615558E+00 -1.9478124339702E+00  3.5427981642903E-01  1.5860089736405E-18 -2.2699585369893E-20 -1.0017555133290E+00 -1.3248019244948E+00
 1.9997295470214E+00 -5.3959745665761E-03 -6.2385192374569E-01 -1.9902756606772E+00  3.6683012178112E-01  1.6289325336867E-18 -6.8174653649767E-19 -9.8048610737596E-01 -1.2849795650146E+00
 2.2039644338840E+00 -5.7907672408825E-03  9.7658012307075E-02 -1.9997174800542E+00  3.7573397059198E-01  1.1728413950521E-18 -4.2654136285998E-19 -9.5517019994929E-01 -1.2376125080440E+00
 2.4292898137085E+00 -8.0115681736808E-05  6.8384104203337E-01 -1.9749085502563E+00  3.8025923568348E-01  6.9326802298068E-19  2.9261977581356E-19 -9.2577430793466E-01 -1.1831875060926E+00
 2.6784863059733E+00  1.0432002017541E-02  1.0936936906916E+00 -1.9181335544612E+00  3.8005673783222E-01  1.6314135795963E-19  9.5262886138534E-19 -8.9242006518548E-01 -1.1226595722745E+00
 2.9548081253617E+00  2.3054714231136E-02  1.3199508683587E+00 -1.8349128447760E+00  3.7521539980476E-01 -2.5257956531154E-19  1.0115569978851E-18 -8.5535326744516E-01 -1.0572437219026E+00
 3.2620802702989E+00  3.4778641352834E-02  1.3924795225271E+00 -1.7325252216638E+00  3.6624602342312E-01 -2.5263309313400E-19  7.3627930721224E-19 -8.1481362567684E-01 -9.8815232846803E-01
 3.6048191074170E+00  4.3688070314798E-02  1.3634376282957E+00 -1.6178648185703E+00  3.5379549116097E-01  2.9507884933851E-20  5.0561292935906E-19 -7.7098626248599E-01 -9.1638983604665E-01
 3.9883827509977E+00  4.9476011360111E-02  1.2828051077312E+00 -1.4958834847443E+00  3.3840335734925E-01  6.6339393641743E-19  1.0887993542692E-18 -7.2394753362984E-01 -8.4271247887532E-01
 4.4191595630774E+00  5.2742109203711E-02  1.1820863287292E+00 -1.3693766903500E+00  3.2030644517031E-01  2.2611546762425E-18  3.3206100745125E-19 -6.7374227906256E-01 -7.6771756298121E-01
 4.9048056364975E+00  5.3991318607475E-02  1.0745391310667E+00 -1.2398399040902E+00  2.9954665527625E-01  2.3107004574686E-18 -8.4149309180464E-19 -6.2042514687547E-01 -6.9197949387769E-01
 5.4545454545455E+00  5.3359297010252E-02  9.6411347987123E-01 -1.1083813205143E+00  2.7608668197444E-01  5.6284629968626E-19  1.0224416709456E-18 -5.6416448694185E-01 -6.1613515866292E-01
 6.0795542687962E+00  5.0807942901001E-02  8.5220698975462E-01 -9.7622289389412E-01  2.4999106760386E-01  4.4429752809637E-19  1.3300810729119E-18 -5.0526656331656E-01 -5.4092192021370E-01
 6.7934463423832E+00  4.6361399778027E-02  7.4006107081489E-01 -8.4483781887925E-01  2.2146137424924E-01 -1.0504202832491E-18 -4.2697376281645E-19 -4.4426343101976E-01 -4.6717613759377E-01
 7.6129002726496E+00  4.0166286469388E-02  6.2916930868785E-01 -7.1599630667180E-01  1.9094433617332E-01 -9.2933416317179E-19 -1.1603568419572E-18 -3.8193399888802E-01 -3.9582448707735E-01
 8.5584611558500E+00  3.2564554669772E-02  5.2134534750820E-01 -5.9174759358278E-01  1.5913740573720E-01  1.9141742690946E-18 -6.4154441883973E-19 -3.1938881712386E-01 -3.2785741717914E-01
 9.6555688906727E+00  2.4086265292437E-02  4.1868805258091E-01 -4.7439569120869E-01  1.2706987063151E-01  6.2181958214642E-19  1.5369883275601E-18 -2.5806665109742E-01 -2.6430043825032E-01
 1.0935870685435E+01  1.5471721689721E-02  3.2353738899551E-01 -3.6639974350769E-01  9.6044448224278E-02  5.9069540750556E-19 -7.7667084063278E-19 -1.9975503246259E-01 -2.0616961871663E-01
 1.2438879256439E+01  7.5727808899850E-03  2.3831414141269E-01 -2.7023379139855E-01  6.7597082516928E-02  4.7004945144212E-20 -5.3300002543812E-19 -1.4646136005196E-01 -1.5442700262921E-01
 1.4214025594877E+01  1.2458590455197E-03  1.6529667025015E-01 -1.8813177828177E-01  4.3251891680664E-02 -1.0454577689072E-18  5.9731450334315E-19 -1.0023603695448E-01 -1.0991900943950E-01
 1.6323103064291E+01 -2.8925373617470E-03  1.0624325985876E-01 -1.2176338574173E-01  2.4258151302921E-02  2.8920258278848E-19 -1.6332323865307E-18 -6.2788882269766E-02 -7.3301966114798E-02
 1.8842958547214E+01 -4.6571907893496E-03  6.1968975591758E-02 -7.1810337032014E-02  1.1173055962687E-02  5.5980431965037E-20  6.1507542272754E-19 -3.5078083520843E-02 -4.4921384119300E-02
 2.1867956415951E+01 -4.4553278920350E-03  3.1917589822932E-02 -3.7593786644884E-02  3.6336505760902E-03  1.0450441687203E-19 -1.8310228588266E-19 -1.6871740069183E-02 -2.4649222849337E-02
 2.5511030361867E+01 -3.1419551871797E-03  1.4024201959206E-02 -1.6893322630850E-02  3.3427447092447E-04 -8.6984576914847E-21  1.0945993551328E-19 -6.6637861140268E-03 -1.1704987178485E-02
 2.9900709274659E+01 -1.6798066246325E-03  5.0385811245362E-03 -6.2552524325659E-03 -4.7696403584130E-04  3.7924924183145E-20 -3.3015330542345E-20 -2.0196325946082E-03 -4.6107236631102E-03
 3.5168864215715E+01 -6.6403115158259E-04  1.4142812137268E-03 -1.8228608761043E-03 -3.5284572699038E-04  1.9754513075503E-19 -1.4152692869917E-20 -4.2700583516807E-04 -1.4350955464699E-03
 4.1419695291531E+01 -1.9002912978463E-04  2.9776332388116E-04 -4.0244261578742E-04 -1.2935660300254E-04 -4.4352998499150E-20 -1.7081336562435E-20 -5.1054941440005E-05 -3.3780119571235E-04
 4.8665626607709E+01 -3.7083697634199E-05  4.7610433664149E-05 -6.6577711685647E-05 -3.1373513090144E-05 -5.9811415371731E-20 -1.0679875645289E-19 -2.2821474112921E-06 -5.8772545163307E-05
 5.6716111653915E+01 -6.3331666007191E-06  5.9541281608143E-06 -9.1319341817211E-06 -3.8910911286187E-06  5.0773963335896E-20 -1.5482406312699E-20  1.0512585075356E-06 -8.2796822573421E-06
 6.5027225430406E+01 -8.4803994614104E-08  1.0657683364313E-06 -1.0953406615965E-06 -1.4708411288616E-06 -6.9032699422260E-20  1.3467405897220E-20 -5.0738177486153E-07 -8.8700857903332E-07
 7.2587189964099E+01 -5.3663314541822E-07 -1.5624469074788E-08 -2.7754767508872E-07  4.5961054550831E-07  1.4535716123388E-20 -4.0491807107649E-20  3.7115260566614E-07 -2.6600740073094E-07
 7.8010805313165E+01  7.7949022374077E-07  3.1378878952702E-07  2.9681080628014E-08 -1.0716099586825E-06 -4.2328929133850E-21 -1.2873942866536E-19 -6.9078517861286E-07  1.8465439099356E-07
 8.0000000000000E+01  0.0000000000000E+00  0.0000000000000E+00  0.0000000000000E+00  0.0000000000000E+00  0.0000000000000E+00  0.0000000000000E+00  0.0000000000000E+00  0.0000000000000E+00
