#  1.0000000000000E+00  0.0000000000000E+00  2.3181424059429E-01 -6.4182155740486E-03  8.0000000000000E-02
 0.0000000000000E+00  4.9535198971379E-16 -1.8139650327547E-16  2.2325723480058E-15 -1.1162861740029E-15  3.1172980693184E-37 -2.5795272175497E-36 -1.0709502003527E+00 -1.4345702040769E+00
 1.2134956257652E-03 -3.5611801209991E-02 -3.4765714133169E-02 -5.2300665907718E-06  8.7239216214317E-06  7.7210209515168E-24 -7.4329947649835E-24 -1.0709541096691E+00 -1.4345662488236E+00
 4.8598042576750E-03 -1.3951769467313E-01 -1.3938100239065E-01 -7.2242971207582E-05  9.4591627371686E-05  3.7845177514842E-23 -5.9002331690929E-23 -1.0709784967481E+00 -1.4345372137358E+00
 1.0956449776219E-02 -3.0310451981791E-01 -3.1456425067492E-01 -3.6956920376123E-04  4.7323572355672E-04  8.0689680907691E-23 -1.1619134822459E-22 -1.0710144184535E+00 -1.4344919725017E+00
 1.9532835037547E-02 -5.1260806320863E-01 -5.6076845922579E-01 -1.1783802393898E-03  1.4502652419405E-03  1.5107004101335E-22 -2.3783792725694E-22 -1.0710707397022E+00 -1.4344330918292E+00
 3.0630539981632E-02 -7.5002525230792E-01 -8.7720811149233E-01 -2.9132630405209E-03  3.4298922195209E-03  2.2427846491091E-22 -3.3825619955269E-22 -1.0711407322320E+00 -1.4343669363940E+00
 4.4303746127476E-02 -9.9440927588799E-01 -1.2607658134233E+00 -6.1170730587787E-03  6.8244731778929E-03  3.3203446875025E-22 -5.4624014814967E-22 -1.0712339302989E+00 -1.4342993242902E+00
 6.0619794820640E-02 -1.2235335663728E+00 -1.7050159593792E+00 -1.1472304949721E-02  1.2044374106587E-02  4.1993247134987E-22 -6.9108245913864E-22 -1.0713441384907E+00 -1.4342400462571E+00
 7.9659889028125E-02 -1.4158245590043E+00 -2.1996008172184E+00 -1.9777850547058E-02  1.9397435506634E-02  5.4377244455840E-22 -1.0138258333827E-21 -1.0714811552253E+00 -1.4341984764851E+00
 1.0151995116565E-01 -1.5524259011702E+00 -2.7301798839131E+00 -3.1935328203403E-02  2.9080240971346E-02  6.0092850702967E-22 -1.2192072951504E-21 -1.0716385681032E+00 -1.4341879666497E+00
 1.2631165246940E-01 -1.6191408253407E+00 -3.2790607018275E+00 -4.8898287578285E-02  4.1092697933696E-02  6.7518211856872E-22 -1.7032669886413E-21 -1.0718252337443E+00 -1.4342212221420E+00
 1.5416363287784E-01 -1.6080169712219E+00 -3.8265346970848E+00 -7.1633938889718E-02  5.5258750307397E-02  5.9049970301494E-22 -1.9998680171766E-21 -1.0720327509070E+00 -1.4343143133220E+00
 1.8522293437556E-01 -1.5182868645637E+00 -4.3527324764928E+00 -1.0105740849219E-01  7.1182953402470E-02  4.5698633317749E-22 -2.6963219884307E-21 -1.0722666188951E+00 -1.4344814833579E+00
 2.1965667539691E-01 -1.3565252291555E+00 -4.8397353077943E+00 -1.3799339988108E-01  8.8321578229641E-02 -8.8984254564612E-24 -3.0884985590060E-21 -1.0725133330851E+00 -1.4347383629807E+00
 2.5765399934730E-01 -1.1359485419952E+00 -5.2734810116110E+00 -1.8312819605343E-01  1.0599124417305E-01 -6.7506557296686E-22 -3.9648231589962E-21 -1.0727712088884E+00 -1.4350957074116E+00
 2.9942833676086E-01 -8.7501210706844E-01 -5.6450721162865E+00 -2.3700516101790E-01  1.2348663744203E-01 -1.9631949091663E-21 -4.2634963588027E-21 -1.0730171000074E+00 -1.4355612184697E+00
 3.4522002830748E-01 -5.9552830217496E-01 -5.9510312633066E+00 -3.0001952127473E-01  1.4012330609967E-01 -3.6897297473515E-21 -4.9183504355701E-21 -1.0732368971431E+00 -1.4361314953251E+00
 3.9529936507288E-01 -3.2062473122438E-01 -6.1923469915942E+00 -3.7245338792932E-01  1.5537320312294E-01 -6.3640505822025E-21 -4.2952819999247E-21 -1.0733918266699E+00 -1.4367916084676E+00
 4.4997011361895E-01 -7.2731733526345E-02 -6.3722499759192E+00 -4.5449028928820E-01  1.6890689340020E-01 -9.5395877461915E-21 -3.3385146125288E-21 -1.0734484954454E+00 -1.4375042180087E+00
 5.0957360672842E-01  1.2839204417710E-01 -6.4931577679340E+00 -5.4623444804797E-01  1.8070966122045E-01 -1.3444334380934E-20  3.9422230790708E-22 -1.0733444626378E+00 -1.4382056490252E+00
 5.7449349700374E-01  2.6780257447689E-01 -6.5534387693834E+00 -6.4766252987888E-01  1.9108144545053E-01 -1.6661291191225E-20  5.8746420479786E-21 -1.0730172920029E+00 -1.4387907267989E+00
 6.4516129032258E-01  3.3790827261539E-01 -6.5452455051519E+00 -7.5853709681164E-01  2.0067828175621E-01 -1.8198672103134E-20  1.5936013091737E-20 -1.0723685402208E+00 -1.4391038720578E+00
 7.2206280043514E-01  3.4113940599518E-01 -6.4546761601031E+00 -8.7823469402628E-01  2.1039155447970E-01 -1.4658487137187E-20  2.7964704765934E-20 -1.0712906765302E+00 -1.4389184908378E+00
 8.0574569584327E-01  2.9159479358497E-01 -6.2653767036714E+00 -1.0055739751493E+00  2.2122017131568E-01 -3.7133000784187E-21  4.2521966713993E-20 -1.0696282153086E+00 -1.4379229912042E+00
 8.9682834696002E-01  2.1347751703833E-01 -5.9649910652916E+00 -1.1386658664242E+00  2.3396741352291E-01  1.7791571318069E-20  5.1577236112790E-20 -1.0672016367514E+00 -1.4356967795717E+00
 9.9601022724332E-01  1.3461352481402E-01 -5.5516855628415E+00 -1.2749145889475E+00  2.4901241606507E-01  4.7007775994335E-20  5.0984241304050E-20 -1.0637661221885E+00 -1.4316968826255E+00
 1.1040841788897E+00  7.6119895821560E-02 -5.0358886931337E+00 -1.4111324209199E+00  2.6611500731048E-01  7.6493534817210E-20  3.0803980747773E-20 -1.0590356025204E+00 -1.4252413851957E+00
 1.2219509248095E+00  4.4036192167292E-02 -4.4346144270471E+00 -1.5437147579906E+00  2.8455200983234E-01  9.0269366338302E-20 -2.3673862122679E-21 -1.0526460138917E+00 -1.4155140334203E+00
 1.3506362979409E+00  2.9885542378894E-02 -3.7620542263684E+00 -1.6686404110580E+00  3.0337699564270E-01  7.9128360479933E-20 -3.5686727007694E-20 -1.0441904529144E+00 -1.4015800036388E+00
 1.4913117716510E+00  2.0952824665931E-02 -3.0263534552149E+00 -1.7812967176704E+00  3.2175499521235E-01  5.0270883345042E-20 -3.8704593720925E-20 -1.0332007643501E+00 -1.3824410387121E+00
 1.6453190177622E+00  1.0815053877894E-02 -2.2378661241179E+00 -1.8763084465056E+00  3.3896383287933E-01  3.6755368867634E-20 -8.5439454415010E-21 -1.0192082563219E+00 -1.3571208995757E+00
 1.8141994004940E+00  8.3159778719013E-04 -1.4219625615558E+00 -1.9478124339702E+00  3.5427981642902E-01  5.9431107434895E-20  3.3084166830244E-20 -1.0017555133290E+00 -1.3248019244948E+00
 1.9997295470214E+00 -5.3959745665720E-03 -6.2385192374569E-01 -1.9902756606772E+00  3.6683012178111E-01  9.7148233640483E-20  4.2162705384443E-20 -9.8048610737596E-01 -1.2849795650146E+00
 2.2039644338840E+00 -5.7907672408664E-03  9.7658012307071E-02 -1.9997174800542E+00  3.7573397059198E-01  9.7595771817421E-20  3.1316294960130E-20 -9.5517019994928E-01 -1.2376125080440E+00
 2.4292898137085E+00 -8.0115681715333E-05  6.8384104203339E-01 -1.9749085502563E+00  3.8025923568347E-01  5.4701103114174E-20  2.9136298706712E-20 -9.2577430793466E-01 -1.1831875060926E+00
 2.6784863059733E+00  1.0432002017530E-02  1.0936936906916E+00 -1.9181335544612E+00  3.8005673783221E-01  4.2741755110925E-21  4.8929937171708E-20 -8.9242006518548E-01 -1.1226595722745E+00
 2.9548081253617E+00  2.3054714231141E-02  1.3199508683587E+00 -1.8349128447760E+00  3.7521539980475E-01 -1.9478145759082E-20  5.3592016972174E-20 -8.5535326744516E-01 -1.0572437219026E+00
 3.2620802702989E+00  3.4778641352815E-02  1.3924795225271E+00 -1.7325252216638E+00  3.6624602342311E-01 -1.5667653235182E-20  4.9256892342625E-20 -8.1481362567684E-01 -9.8815232846802E-01
 3.6048191074170E+00  4.3688070314778E-02  1.3634376282957E+00 -1.6178648185703E+00  3.5379549116097E-01  7.4614229305061E-21  4.3409524700185E-20 -7.7098626248599E-01 -9.1638983604665E-01
 3.9883827509977E+00  4.9476011360101E-02  1.2828051077312E+00 -1.4958834847443E+00  3.3840335734924E-01  4.5713009204258E-20  5.9878063077489E-20 -7.2394753362983E-01 -8.4271247887532E-01
 4.4191595630774E+00  5.2742109203708E-02  1.1820863287291E+00 -1.3693766903500E+00  3.2030644517030E-01  1.3789570213596E-19  3.7381722391845E-20 -6.7374227906255E-01 -7.6771756298120E-01
 4.9048056364975E+00  5.3991318607472E-02  1.0745391310667E+00 -1.2398399040902E+00  2.9954665527625E-01  1.6453435846585E-19 -4.5809405429312E-21 -6.2042514687547E-01 -6.9197949387769E-01
 5.4545454545455E+00  5.3359297010246E-02  9.6411347987123E-01 -1.1083813205143E+00  2.7608668197444E-01  4.3722103754566E-20  5.2997777893950E-20 -5.6416448694185E-01 -6.1613515866292E-01
 6.0795542687962E+00  5.0807942900993E-02  8.5220698975462E-01 -9.7622289389412E-01  2.4999106760385E-01  6.8894590461850E-21  9.0739199862578E-20 -5.0526656331656E-01 -5.4092192021370E-01
 6.7934463423832E+00  4.6361399778023E-02  7.4006107081489E-01 -8.4483781887925E-01  2.2146137424924E-01 -6.1583086985708E-20 -3.5171758295398E-20 -4.4426343101976E-01 -4.6717613759377E-01
 7.6129002726496E+00  4.0166286469387E-02  6.2916930868785E-01 -7.1599630667180E-01  1.9094433617332E-01 -4.5903561949925E-20 -8.9866938642944E-20 -3.8193399888802E-01 -3.9582448707735E-01
 8.5584611558500E+00  3.2564554669771E-02  5.2134534750820E-01 -5.9174759358278E-01  1.5913740573720E-01  1.2816413871059E-19 -2.1534921350898E-20 -3.1938881712386E-01 -3.2785741717914E-01
 9.6555688906727E+00  2.4086265292437E-02  4.1868805258091E-01 -4.7439569120869E-01  1.2706987063150E-01  3.3459099985084E-20  9.9752511179210E-20 -2.5806665109742E-01 -2.6430043825032E-01
 1.0935870685435E+01  1.5471721689721E-02  3.2353738899551E-01 -3.6639974350769E-01  9.6044448224277E-02  4.7516621118276E-20 -4.6566947989922E-20 -1.9975503246259E-01 -2.0616961871663E-01
 1.2438879256439E+01  7.5727808899843E-03  2.3831414141269E-01 -2.7023379139855E-01  6.7597082516927E-02  6.6323795594759E-21 -3.5267019174897E-20 -1.4646136005196E-01 -1.5442700262921E-01
 1.4214025594877E+01  1.2458590455192E-03  1.6529667025015E-01 -1.8813177828177E-01  4.3251891680664E-02 -7.7309303895789E-20  3.0959341186465E-20 -1.0023603695448E-01 -1.0991900943950E-01
 1.6323103064291E+01 -2.8925373617473E-03  1.0624325985876E-01 -1.2176338574173E-01  2.4258151302921E-02  3.0755275307391E-20 -1.0896445001277E-19 -6.2788882269766E-02 -7.3301966114798E-02
 1.8842958547214E+01 -4.6571907893500E-03  6.1968975591757E-02 -7.1810337032013E-02  1.1173055962687E-02 -5.7470912675696E-22  4.1326348104386E-20 -3.5078083520843E-02 -4.4921384119301E-02
 2.1867956415951E+01 -4.4553278920351E-03  3.1917589822932E-02 -3.7593786644884E-02  3.6336505760902E-03  8.8197993468970E-21 -1.1340900442249E-20 -1.6871740069183E-02 -2.4649222849338E-02
 2.5511030361867E+01 -3.1419551871800E-03  1.4024201959206E-02 -1.6893322630850E-02  3.3427447092453E-04 -1.4184406180106E-21  7.2040568294755E-21 -6.6637861140269E-03 -1.1704987178485E-02
 2.9900709274659E+01 -1.6798066246324E-03  5.0385811245361E-03 -6.2552524325657E-03 -4.7696403584133E-04  2.9846250710184E-21 -1.8872409554518E-21 -2.0196325946081E-03 -4.6107236631101E-03
 3.5168864215715E+01 -6.6403115158262E-04  1.4142812137267E-03 -1.8228608761042E-03 -3.5284572699036E-04  1.3891087440119E-20  1.3840577490390E-23 -4.2700583516800E-04 -1.4350955464699E-03
 4.1419695291531E+01 -1.9002912978452E-04  2.9776332388112E-04 -4.0244261578739E-04 -1.2935660300261E-04 -2.9713202037418E-21 -1.3820941090611E-21 -5.1054941439962E-05 -3.3780119571222E-04
 4.8665626607709E+01 -3.7083697634230E-05  4.7610433664126E-05 -6.6577711685645E-05 -3.1373513090084E-05 -3.6224480407958E-21 -7.9187782310685E-21 -2.2821474112837E-06 -5.8772545163286E-05
 5.6716111653915E+01 -6.3331666006959E-06  5.9541281608744E-06 -9.1319341817705E-06 -3.8910911286747E-06  3.6697523209498E-21 -7.5074965748608E-22  1.0512585075102E-06 -8.2796822573374E-06
 6.5027225430406E+01 -8.4803994664359E-08  1.0657683364287E-06 -1.0953406615469E-06 -1.4708411288176E-06 -4.9427212573508E-21  5.1087787924315E-22 -5.0738177485654E-07 -8.8700857905962E-07
 7.2587189964099E+01 -5.3663314537569E-07 -1.5624469071959E-08 -2.7754767510193E-07  4.5961054548442E-07  1.2507540474024E-21 -2.7411079494661E-21  3.7115260566701E-07 -2.6600740069478E-07
 7.8010805313165E+01  7.7949022370323E-07  3.1378878949257E-07  2.9681080658826E-08 -1.0716099586316E-06  4.7862630582108E-22 -9.0572771331067E-21 -6.9078517860498E-07  1.8465439097678E-07
 8.0000000000000E+01  0.0000000000000E+00  0.0000000000000E+00  0.0000000000000E+00  0.0000000000000E+00  0.0000000000000E+00  0.0000000000000E+00  0.0000000000000E+00  0.0000000000000E+00
