#  1.0000000000000E+00  0.0000000000000E+00  2.3181424059429E-01 -6.4182155740490E-03  8.0000000000000E-02
 0.0000000000000E+00 -2.3232705996436E-15  1.1232629625904E-15  4.4651446960116E-16  1.1162861740029E-15  8.8501717319644E-34  9.8146135232682E-35 -1.0709502003527E+00 -1.4345702040769E+00
 1.2134956257652E-03 -3.5611801209994E-02 -3.4765714133168E-02 -5.2300665925538E-06  8.7239216241037E-06  7.8183367986719E-21 -7.0573419794443E-22 -1.0709541096692E+00 -1.4345662488236E+00
 4.8598042576750E-03 -1.3951769467314E-01 -1.3938100239065E-01 -7.2242971209411E-05  9.4591627374428E-05  2.5414291768465E-20 -2.1878627575726E-21 -1.0709784967481E+00 -1.4345372137358E+00
 1.0956449776219E-02 -3.0310451981791E-01 -3.1456425067492E-01 -3.6956920376307E-04  4.7323572355954E-04  6.0313405951641E-20 -5.1221513409615E-21 -1.0710144184536E+00 -1.4344919725017E+00
 1.9532835037547E-02 -5.1260806320863E-01 -5.6076845922579E-01 -1.1783802393918E-03  1.4502652419434E-03  1.0210197881859E-19 -9.2922006018963E-21 -1.0710707397023E+00 -1.4344330918292E+00
 3.0630539981632E-02 -7.5002525230793E-01 -8.7720811149234E-01 -2.9132630405227E-03  3.4298922195239E-03  1.6615173387315E-19 -1.5779807756582E-20 -1.0711407322320E+00 -1.4343669363940E+00
 4.4303746127476E-02 -9.9440927588800E-01 -1.2607658134233E+00 -6.1170730587805E-03  6.8244731778960E-03  2.3108212455463E-19 -2.5950493037476E-20 -1.0712339302989E+00 -1.4342993242902E+00
 6.0619794820640E-02 -1.2235335663728E+00 -1.7050159593793E+00 -1.1472304949722E-02  1.2044374106590E-02  3.2624906396520E-19 -4.2450106515318E-20 -1.0713441384907E+00 -1.4342400462571E+00
 7.9659889028125E-02 -1.4158245590044E+00 -2.1996008172184E+00 -1.9777850547060E-02  1.9397435506637E-02  4.1229413975155E-19 -7.0289804083556E-20 -1.0714811552253E+00 -1.4341984764851E+00
 1.0151995116565E-01 -1.5524259011702E+00 -2.7301798839131E+00 -3.1935328203405E-02  2.9080240971349E-02  5.3819013045209E-19 -1.1568905440864E-19 -1.0716385681032E+00 -1.4341879666497E+00
 1.2631165246940E-01 -1.6191408253407E+00 -3.2790607018275E+00 -4.8898287578287E-02  4.1092697933698E-02  6.3776613529866E-19 -1.9025902966862E-19 -1.0718252337443E+00 -1.4342212221420E+00
 1.5416363287784E-01 -1.6080169712219E+00 -3.8265346970849E+00 -7.1633938889719E-02  5.5258750307399E-02  7.8301267808390E-19 -3.0625768768911E-19 -1.0720327509070E+00 -1.4343143133220E+00
 1.8522293437556E-01 -1.5182868645637E+00 -4.3527324764929E+00 -1.0105740849219E-01  7.1182953402473E-02  8.6721809566514E-19 -4.8461859906023E-19 -1.0722666188951E+00 -1.4344814833579E+00
 2.1965667539691E-01 -1.3565252291555E+00 -4.8397353077944E+00 -1.3799339988108E-01  8.8321578229644E-02  9.8252271281682E-19 -7.4371805566923E-19 -1.0725133330851E+00 -1.4347383629807E+00
 2.5765399934730E-01 -1.1359485419952E+00 -5.2734810116110E+00 -1.8312819605344E-01  1.0599124417306E-01  9.5760141496140E-19 -1.1103719215000E-18 -1.0727712088884E+00 -1.4350957074116E+00
 2.9942833676086E-01 -8.7501210706846E-01 -5.6450721162866E+00 -2.3700516101790E-01  1.2348663744203E-01  8.9061585571127E-19 -1.5951655002777E-18 -1.0730171000074E+00 -1.4355612184697E+00
 3.4522002830748E-01 -5.9552830217498E-01 -5.9510312633067E+00 -3.0001952127474E-01  1.4012330609968E-01  5.0944230995621E-19 -2.2008602333559E-18 -1.0732368971431E+00 -1.4361314953251E+00
 3.9529936507288E-01 -3.2062473122440E-01 -6.1923469915942E+00 -3.7245338792933E-01  1.5537320312295E-01 -9.6987324492291E-20 -2.8700223814494E-18 -1.0733918266699E+00 -1.4367916084676E+00
 4.4997011361895E-01 -7.2731733526364E-02 -6.3722499759193E+00 -4.5449028928821E-01  1.6890689340020E-01 -1.3136847815812E-18 -3.4815765875144E-18 -1.0734484954454E+00 -1.4375042180087E+00
 5.0957360672842E-01  1.2839204417708E-01 -6.4931577679340E+00 -5.4623444804798E-01  1.8070966122045E-01 -2.9902988727155E-18 -3.7619127988441E-18 -1.0733444626378E+00 -1.4382056490252E+00
 5.7449349700374E-01  2.6780257447687E-01 -6.5534387693835E+00 -6.4766252987888E-01  1.9108144545054E-01 -5.4489377693836E-18 -3.2983260850908E-18 -1.0730172920029E+00 -1.4387907267989E+00
 6.4516129032258E-01  3.3790827261538E-01 -6.5452455051520E+00 -7.5853709681165E-01  2.0067828175622E-01 -8.0749023121574E-18 -1.5010325701799E-18 -1.0723685402209E+00 -1.4391038720578E+00
 7.2206280043514E-01  3.4113940599518E-01 -6.4546761601031E+00 -8.7823469402629E-01  2.1039155447970E-01 -1.0520029683973E-17  2.1522820424184E-18 -1.0712906765302E+00 -1.4389184908378E+00
 8.0574569584327E-01  2.9159479358496E-01 -6.2653767036715E+00 -1.0055739751493E+00  2.2122017131569E-01 -1.1012907832676E-17  7.7858449233972E-18 -1.0696282153086E+00 -1.4379229912042E+00
 8.9682834696002E-01  2.1347751703832E-01 -5.9649910652917E+00 -1.1386658664242E+00  2.3396741352292E-01 -8.3999142571884E-18  1.4381626368551E-17 -1.0672016367514E+00 -1.4356967795717E+00
 9.9601022724332E-01  1.3461352481402E-01 -5.5516855628415E+00 -1.2749145889475E+00  2.4901241606507E-01 -1.1701472243680E-18  1.9416260214948E-17 -1.0637661221885E+00 -1.4316968826255E+00
 1.1040841788897E+00  7.6119895821559E-02 -5.0358886931337E+00 -1.4111324209199E+00  2.6611500731049E-01  8.7156719193179E-18  1.9279543655912E-17 -1.0590356025204E+00 -1.4252413851958E+00
 1.2219509248095E+00  4.4036192167290E-02 -4.4346144270471E+00 -1.5437147579907E+00  2.8455200983234E-01  1.7297125018770E-17  1.1847066198760E-17 -1.0526460138917E+00 -1.4155140334203E+00
 1.3506362979409E+00  2.9885542378891E-02 -3.7620542263684E+00 -1.6686404110580E+00  3.0337699564271E-01  1.7903191540623E-17 -4.7176723891170E-19 -1.0441904529144E+00 -1.4015800036388E+00
 1.4913117716510E+00  2.0952824665931E-02 -3.0263534552149E+00 -1.7812967176704E+00  3.2175499521236E-01  9.5399563000976E-18 -1.0465109538525E-17 -1.0332007643501E+00 -1.3824410387121E+00
 1.6453190177622E+00  1.0815053877896E-02 -2.2378661241179E+00 -1.8763084465056E+00  3.3896383287933E-01 -2.9071215415676E-18 -1.2474221784986E-17 -1.0192082563219E+00 -1.3571208995757E+00
 1.8141994004940E+00  8.3159778719232E-04 -1.4219625615557E+00 -1.9478124339702E+00  3.5427981642903E-01 -9.8484819154069E-18 -8.7879324850910E-18 -1.0017555133290E+00 -1.3248019244948E+00
 1.9997295470214E+00 -5.3959745665720E-03 -6.2385192374568E-01 -1.9902756606772E+00  3.6683012178111E-01 -9.7106790189147E-18 -6.5249775193660E-18 -9.8048610737596E-01 -1.2849795650146E+00
 2.2039644338840E+00 -5.7907672408670E-03  9.7658012307095E-02 -1.9997174800542E+00  3.7573397059198E-01 -4.1732317662666E-18 -7.3525892545562E-18 -9.5517019994929E-01 -1.2376125080440E+00
 2.4292898137085E+00 -8.0115681696960E-05  6.8384104203339E-01 -1.9749085502563E+00  3.8025923568347E-01  2.6582665123971E-18 -6.6353334817913E-18 -9.2577430793467E-01 -1.1831875060926E+00
 2.6784863059733E+00  1.0432002017530E-02  1.0936936906916E+00 -1.9181335544612E+00  3.8005673783221E-01  9.2820486682573E-18 -1.6953063261969E-18 -8.9242006518549E-01 -1.1226595722745E+00
 2.9548081253617E+00  2.3054714231131E-02  1.3199508683587E+00 -1.8349128447760E+00  3.7521539980475E-01  9.9255608670310E-18  3.1526025167321E-18 -8.5535326744517E-01 -1.0572437219026E+00
 3.2620802702989E+00  3.4778641352833E-02  1.3924795225271E+00 -1.7325252216638E+00  3.6624602342312E-01  5.4302166469782E-18  3.1171136422706E-18 -8.1481362567685E-01 -9.8815232846803E-01
 3.6048191074170E+00  4.3688070314787E-02  1.3634376282957E+00 -1.6178648185703E+00  3.5379549116097E-01  2.2004869652637E-18  2.0870820408924E-18 -7.7098626248600E-01 -9.1638983604666E-01
 3.9883827509977E+00  4.9476011360104E-02  1.2828051077312E+00 -1.4958834847443E+00  3.3840335734925E-01  1.2432658385196E-17 -4.1658378664120E-18 -7.2394753362984E-01 -8.4271247887533E-01
 4.4191595630774E+00  5.2742109203704E-02  1.1820863287292E+00 -1.3693766903500E+00  3.2030644517031E-01  4.1831927624364E-18 -2.0304206555048E-17 -6.7374227906256E-01 -7.6771756298121E-01
 4.9048056364975E+00  5.3991318607471E-02  1.0745391310667E+00 -1.2398399040902E+00  2.9954665527625E-01 -9.4659492988799E-18 -1.7461275263257E-17 -6.2042514687548E-01 -6.9197949387770E-01
 5.4545454545455E+00  5.3359297010249E-02  9.6411347987123E-01 -1.1083813205143E+00  2.7608668197444E-01  1.1776954750278E-17 -3.3248365238636E-18 -5.6416448694185E-01 -6.1613515866292E-01
 6.0795542687962E+00  5.0807942900994E-02  8.5220698975462E-01 -9.7622289389412E-01  2.4999106760385E-01  1.0603244955585E-17 -3.8155596236846E-18 -5.0526656331656E-01 -5.4092192021370E-01
 6.7934463423832E+00  4.6361399778020E-02  7.4006107081490E-01 -8.4483781887925E-01  2.2146137424924E-01 -4.1863698502071E-18  8.7997786348498E-18 -4.4426343101976E-01 -4.6717613759377E-01
 7.6129002726496E+00  4.0166286469387E-02  6.2916930868785E-01 -7.1599630667180E-01  1.9094433617331E-01 -9.5118196947042E-18  7.4101646465542E-18 -3.8193399888802E-01 -3.9582448707736E-01
 8.5584611558500E+00  3.2564554669770E-02  5.2134534750820E-01 -5.9174759358278E-01  1.5913740573720E-01 -4.6305290985398E-18 -1.6440739463183E-17 -3.1938881712386E-01 -3.2785741717914E-01
 9.6555688906727E+00  2.4086265292436E-02  4.1868805258091E-01 -4.7439569120869E-01  1.2706987063150E-01  1.3719232786847E-17 -3.6574418284616E-18 -2.5806665109742E-01 -2.6430043825032E-01
 1.0935870685435E+01  1.5471721689720E-02  3.2353738899551E-01 -3.6639974350769E-01  9.6044448224276E-02 -6.0009907360295E-18 -5.1522552178846E-18 -1.9975503246259E-01 -2.0616961871663E-01
 1.2438879256439E+01  7.5727808899834E-03  2.3831414141269E-01 -2.7023379139855E-01  6.7597082516926E-02 -4.2981196607276E-18 -7.9973288680819E-19 -1.4646136005196E-01 -1.5442700262921E-01
 1.4214025594877E+01  1.2458590455184E-03  1.6529667025015E-01 -1.8813177828177E-01  4.3251891680663E-02  4.2103075455525E-18  8.6469771246595E-18 -1.0023603695448E-01 -1.0991900943950E-01
 1.6323103064291E+01 -2.8925373617479E-03  1.0624325985876E-01 -1.2176338574173E-01  2.4258151302920E-02 -1.2892703804421E-17 -3.5842702700053E-18 -6.2788882269765E-02 -7.3301966114799E-02
 1.8842958547214E+01 -4.6571907893501E-03  6.1968975591758E-02 -7.1810337032014E-02  1.1173055962687E-02  5.0600883359638E-18  6.2331841868035E-21 -3.5078083520842E-02 -4.4921384119301E-02
 2.1867956415951E+01 -4.4553278920353E-03  3.1917589822932E-02 -3.7593786644884E-02  3.6336505760899E-03 -1.4258489790841E-18 -9.3414141743733E-19 -1.6871740069183E-02 -2.4649222849338E-02
 2.5511030361867E+01 -3.1419551871799E-03  1.4024201959206E-02 -1.6893322630850E-02  3.3427447092433E-04  8.8910672492286E-19  1.4396955835103E-19 -6.6637861140268E-03 -1.1704987178485E-02
 2.9900709274659E+01 -1.6798066246325E-03  5.0385811245362E-03 -6.2552524325659E-03 -4.7696403584138E-04 -2.4563191754516E-19 -3.1114166098125E-19 -2.0196325946082E-03 -4.6107236631102E-03
 3.5168864215715E+01 -6.6403115158256E-04  1.4142812137268E-03 -1.8228608761043E-03 -3.5284572699042E-04  7.3895481574261E-20 -1.5652426505541E-18 -4.2700583516809E-04 -1.4350955464699E-03
 4.1419695291531E+01 -1.9002912978461E-04  2.9776332388115E-04 -4.0244261578739E-04 -1.2935660300259E-04 -1.7948163593393E-19  3.3752114318675E-19 -5.1054941439990E-05 -3.3780119571232E-04
 4.8665626607709E+01 -3.7083697634184E-05  4.7610433664151E-05 -6.6577711685654E-05 -3.1373513090160E-05 -8.8045539541838E-19  3.7058885849689E-19 -2.2821474113139E-06 -5.8772545163291E-05
 5.6716111653915E+01 -6.3331666007432E-06  5.9541281608481E-06 -9.1319341817303E-06 -3.8910911286694E-06 -8.1173582562524E-20 -4.0858023171758E-19  1.0512585075360E-06 -8.2796822573507E-06
 6.5027225430406E+01 -8.4803994643615E-08  1.0657683364511E-06 -1.0953406615533E-06 -1.4708411288466E-06  4.8826056794415E-20  5.4965547427728E-19 -5.0738177486495E-07 -8.8700857904432E-07
 7.2587189964099E+01 -5.3663314538587E-07 -1.5624469086442E-08 -2.7754767508962E-07  4.5961054549939E-07 -3.0598114313161E-19 -1.4874177708698E-19  3.7115260567562E-07 -2.6600740069441E-07
 7.8010805313165E+01  7.7949022374276E-07  3.1378878950599E-07  2.9681080657911E-08 -1.0716099586612E-06 -1.0113125776195E-18 -7.6558375545934E-20 -6.9078517862656E-07  1.8465439099629E-07
 8.0000000000000E+01  0.0000000000000E+00  0.0000000000000E+00  0.0000000000000E+00  0.0000000000000E+00  0.0000000000000E+00  0.0000000000000E+00  0.0000000000000E+00  0.0000000000000E+00
