#  1.0000000000000E+00  0.0000000000000E+00  2.3181424059429E-01 -6.4182155740488E-03  8.0000000000000E-02
 0.0000000000000E+00  4.3953768101364E-16 -5.7488737961150E-15  1.1162861740029E-15  2.2325723480058E-16 -4.0185074637659E-37 -1.6886595702516E-36 -1.0709502003527E+00 -1.4345702040769E+00
 1.2134956257652E-03 -3.5611801209991E-02 -3.4765714133175E-02 -5.2300665918112E-06  8.7239216227676E-06  1.3456681960431E-23 -6.1157526071113E-24 -1.0709541096692E+00 -1.4345662488236E+00
 4.8598042576750E-03 -1.3951769467313E-01 -1.3938100239066E-01 -7.2242971208497E-05  9.4591627373361E-05  8.6992465191092E-23 -4.9349573363721E-23 -1.0709784967481E+00 -1.4345372137358E+00
 1.0956449776219E-02 -3.0310451981791E-01 -3.1456425067492E-01 -3.6956920376210E-04  4.7323572355813E-04  1.7650937151370E-22 -9.7562459718238E-23 -1.0710144184536E+00 -1.4344919725017E+00
 1.9532835037547E-02 -5.1260806320863E-01 -5.6076845922580E-01 -1.1783802393904E-03  1.4502652419425E-03  3.4876983335826E-22 -1.9990036745573E-22 -1.0710707397022E+00 -1.4344330918292E+00
 3.0630539981632E-02 -7.5002525230793E-01 -8.7720811149234E-01 -2.9132630405212E-03  3.4298922195229E-03  5.0258734004581E-22 -2.8777445173085E-22 -1.0711407322320E+00 -1.4343669363940E+00
 4.4303746127476E-02 -9.9440927588800E-01 -1.2607658134233E+00 -6.1170730587794E-03  6.8244731778952E-03  7.8200673882431E-22 -4.6893371258014E-22 -1.0712339302989E+00 -1.4342993242902E+00
 6.0619794820640E-02 -1.2235335663728E+00 -1.7050159593792E+00 -1.1472304949721E-02  1.2044374106589E-02  9.7953453438635E-22 -6.1105352500548E-22 -1.0713441384907E+00 -1.4342400462571E+00
 7.9659889028125E-02 -1.4158245590044E+00 -2.1996008172184E+00 -1.9777850547058E-02  1.9397435506636E-02  1.3591974759678E-21 -9.1807499530517E-22 -1.0714811552253E+00 -1.4341984764851E+00
 1.0151995116565E-01 -1.5524259011702E+00 -2.7301798839131E+00 -3.1935328203404E-02  2.9080240971347E-02  1.5518071014314E-21 -1.1675327735735E-21 -1.0716385681032E+00 -1.4341879666497E+00
 1.2631165246940E-01 -1.6191408253407E+00 -3.2790607018275E+00 -4.8898287578286E-02  4.1092697933698E-02  1.9804440485234E-21 -1.6992168094845E-21 -1.0718252337443E+00 -1.4342212221420E+00
 1.5416363287784E-01 -1.6080169712219E+00 -3.8265346970849E+00 -7.1633938889718E-02  5.5258750307398E-02  2.0456888883722E-21 -2.1706016200812E-21 -1.0720327509070E+00 -1.4343143133220E+00
 1.8522293437556E-01 -1.5182868645637E+00 -4.3527324764929E+00 -1.0105740849219E-01  7.1182953402472E-02  2.3578072349506E-21 -3.0914436590089E-21 -1.0722666188951E+00 -1.4344814833579E+00
 2.1965667539691E-01 -1.3565252291555E+00 -4.8397353077943E+00 -1.3799339988108E-01  8.8321578229642E-02  1.9934505687615E-21 -3.9496619624421E-21 -1.0725133330851E+00 -1.4347383629807E+00
 2.5765399934730E-01 -1.1359485419952E+00 -5.2734810116110E+00 -1.8312819605343E-01  1.0599124417306E-01  1.7581234291231E-21 -5.4260010419069E-21 -1.0727712088884E+00 -1.4350957074116E+00
 2.9942833676086E-01 -8.7501210706846E-01 -5.6450721162865E+00 -2.3700516101790E-01  1.2348663744203E-01  2.8091222749754E-22 -6.7217460561024E-21 -1.0730171000074E+00 -1.4355612184697E+00
 3.4522002830748E-01 -5.9552830217498E-01 -5.9510312633067E+00 -3.0001952127473E-01  1.4012330609968E-01 -1.4279849203874E-21 -8.5829329375335E-21 -1.0732368971431E+00 -1.4361314953251E+00
 3.9529936507288E-01 -3.2062473122441E-01 -6.1923469915942E+00 -3.7245338792932E-01  1.5537320312295E-01 -5.2689168860893E-21 -9.6363053963929E-21 -1.0733918266699E+00 -1.4367916084676E+00
 4.4997011361895E-01 -7.2731733526374E-02 -6.3722499759193E+00 -4.5449028928820E-01  1.6890689340020E-01 -9.8356350639122E-21 -1.0368239636216E-20 -1.0734484954454E+00 -1.4375042180087E+00
 5.0957360672842E-01  1.2839204417707E-01 -6.4931577679340E+00 -5.4623444804797E-01  1.8070966122045E-01 -1.7247723380360E-20 -8.3160421988195E-21 -1.0733444626378E+00 -1.4382056490252E+00
 5.7449349700374E-01  2.6780257447686E-01 -6.5534387693835E+00 -6.4766252987888E-01  1.9108144545053E-01 -2.4745592573520E-20 -3.3316619972104E-21 -1.0730172920029E+00 -1.4387907267989E+00
 6.4516129032258E-01  3.3790827261537E-01 -6.5452455051520E+00 -7.5853709681165E-01  2.0067828175622E-01 -3.3219456903468E-20  8.1715802386502E-21 -1.0723685402208E+00 -1.4391038720578E+00
 7.2206280043514E-01  3.4113940599516E-01 -6.4546761601031E+00 -8.7823469402628E-01  2.1039155447970E-01 -3.6314801799095E-20  2.5713634946161E-20 -1.0712906765302E+00 -1.4389184908378E+00
 8.0574569584327E-01  2.9159479358494E-01 -6.2653767036715E+00 -1.0055739751493E+00  2.2122017131569E-01 -3.1900974044985E-20  5.0634160285504E-20 -1.0696282153086E+00 -1.4379229912042E+00
 8.9682834696002E-01  2.1347751703830E-01 -5.9649910652917E+00 -1.1386658664242E+00  2.3396741352292E-01 -1.0506145243237E-20  7.5547431273073E-20 -1.0672016367514E+00 -1.4356967795717E+00
 9.9601022724332E-01  1.3461352481400E-01 -5.5516855628415E+00 -1.2749145889475E+00  2.4901241606507E-01  2.6101170598582E-20  9.2342563703146E-20 -1.0637661221885E+00 -1.4316968826255E+00
 1.1040841788897E+00  7.6119895821538E-02 -5.0358886931337E+00 -1.4111324209199E+00  2.6611500731049E-01  7.4947649135709E-20  8.4909873994012E-20 -1.0590356025204E+00 -1.4252413851957E+00
 1.2219509248095E+00  4.4036192167266E-02 -4.4346144270471E+00 -1.5437147579907E+00  2.8455200983234E-01  1.1047717826957E-19  5.0763818217529E-20 -1.0526460138917E+00 -1.4155140334203E+00
 1.3506362979409E+00  2.9885542378867E-02 -3.7620542263684E+00 -1.6686404110580E+00  3.0337699564271E-01  1.1351412963452E-19  2.5941799085191E-21 -1.0441904529144E+00 -1.4015800036388E+00
 1.4913117716510E+00  2.0952824665911E-02 -3.0263534552149E+00 -1.7812967176704E+00  3.2175499521236E-01  7.3814217121957E-20 -1.7170297745108E-20 -1.0332007643501E+00 -1.3824410387121E+00
 1.6453190177622E+00  1.0815053877880E-02 -2.2378661241179E+00 -1.8763084465056E+00  3.3896383287934E-01  3.3591528281166E-20  1.7361262551157E-20 -1.0192082563219E+00 -1.3571208995757E+00
 1.8141994004940E+00  8.3159778717985E-04 -1.4219625615558E+00 -1.9478124339702E+00  3.5427981642903E-01  3.2813593943345E-20  8.8346990249341E-20 -1.0017555133290E+00 -1.3248019244948E+00
 1.9997295470214E+00 -5.3959745665734E-03 -6.2385192374568E-01 -1.9902756606772E+00  3.6683012178112E-01  7.3695185829920E-20  1.2650980816699E-19 -9.8048610737596E-01 -1.2849795650146E+00
 2.2039644338840E+00 -5.7907672408660E-03  9.7658012307103E-02 -1.9997174800542E+00  3.7573397059199E-01  8.1368487913678E-20  1.1064166221959E-19 -9.5517019994929E-01 -1.2376125080440E+00
 2.4292898137085E+00 -8.0115681699055E-05  6.8384104203338E-01 -1.9749085502563E+00  3.8025923568348E-01  3.2201381429213E-20  7.3995252872119E-20 -9.2577430793467E-01 -1.1831875060926E+00
 2.6784863059733E+00  1.0432002017536E-02  1.0936936906916E+00 -1.9181335544612E+00  3.8005673783222E-01 -3.9617474647197E-20  5.5510361316843E-20 -8.9242006518549E-01 -1.1226595722745E+00
 2.9548081253617E+00  2.3054714231131E-02  1.3199508683587E+00 -1.8349128447760E+00  3.7521539980476E-01 -6.7847929586178E-20  4.0078151159224E-20 -8.5535326744516E-01 -1.0572437219026E+00
 3.2620802702989E+00  3.4778641352824E-02  1.3924795225271E+00 -1.7325252216638E+00  3.6624602342312E-01 -5.9075457060736E-20  3.7344741083701E-20 -8.1481362567684E-01 -9.8815232846803E-01
 3.6048191074170E+00  4.3688070314788E-02  1.3634376282957E+00 -1.6178648185703E+00  3.5379549116097E-01 -2.9610909262126E-20  5.0447771750326E-20 -7.7098626248599E-01 -9.1638983604666E-01
 3.9883827509977E+00  4.9476011360113E-02  1.2828051077312E+00 -1.4958834847443E+00  3.3840335734925E-01 -5.8076423355380E-21  1.0218288732728E-19 -7.2394753362983E-01 -8.4271247887532E-01
 4.4191595630774E+00  5.2742109203704E-02  1.1820863287292E+00 -1.3693766903500E+00  3.2030644517031E-01  1.1273250645255E-19  1.5769772339024E-19 -6.7374227906255E-01 -7.6771756298121E-01
 4.9048056364975E+00  5.3991318607476E-02  1.0745391310667E+00 -1.2398399040902E+00  2.9954665527625E-01  1.7857947443574E-19  1.3259405455875E-19 -6.2042514687547E-01 -6.9197949387769E-01
 5.4545454545455E+00  5.3359297010247E-02  9.6411347987123E-01 -1.1083813205143E+00  2.7608668197444E-01 -2.6901843888967E-21  9.2917434147344E-20 -5.6416448694185E-01 -6.1613515866292E-01
 6.0795542687962E+00  5.0807942901000E-02  8.5220698975462E-01 -9.7622289389412E-01  2.4999106760385E-01 -6.9377914116511E-20  1.0230589555492E-19 -5.0526656331656E-01 -5.4092192021370E-01
 6.7934463423832E+00  4.6361399778025E-02  7.4006107081489E-01 -8.4483781887925E-01  2.2146137424924E-01 -3.4657888103693E-20 -9.0022690724351E-20 -4.4426343101976E-01 -4.6717613759377E-01
 7.6129002726496E+00  4.0166286469388E-02  6.2916930868785E-01 -7.1599630667180E-01  1.9094433617332E-01  2.7488354470618E-20 -1.3327394851199E-19 -3.8193399888802E-01 -3.9582448707735E-01
 8.5584611558500E+00  3.2564554669773E-02  5.2134534750820E-01 -5.9174759358278E-01  1.5913740573720E-01  1.5344073628190E-19  8.6742531716275E-20 -3.1938881712386E-01 -3.2785741717913E-01
 9.6555688906727E+00  2.4086265292438E-02  4.1868805258091E-01 -4.7439569120869E-01  1.2706987063151E-01 -5.1414754409592E-20  1.3332721126876E-19 -2.5806665109742E-01 -2.6430043825032E-01
 1.0935870685435E+01  1.5471721689721E-02  3.2353738899551E-01 -3.6639974350769E-01  9.6044448224278E-02  8.9259311963756E-20 -8.3317718451810E-21 -1.9975503246259E-01 -2.0616961871663E-01
 1.2438879256439E+01  7.5727808899853E-03  2.3831414141269E-01 -2.7023379139855E-01  6.7597082516927E-02  3.7132363044050E-20 -3.1126257009462E-20 -1.4646136005196E-01 -1.5442700262921E-01
 1.4214025594877E+01  1.2458590455194E-03  1.6529667025015E-01 -1.8813177828177E-01  4.3251891680664E-02 -1.0697898304569E-19 -3.3319455921719E-20 -1.0023603695448E-01 -1.0991900943950E-01
 1.6323103064291E+01 -2.8925373617467E-03  1.0624325985876E-01 -1.2176338574173E-01  2.4258151302921E-02  1.2517130244679E-19 -8.7228289207034E-20 -6.2788882269765E-02 -7.3301966114798E-02
 1.8842958547214E+01 -4.6571907893495E-03  6.1968975591757E-02 -7.1810337032013E-02  1.1173055962687E-02 -3.5976105585139E-20  4.2675600805959E-20 -3.5078083520842E-02 -4.4921384119300E-02
 2.1867956415951E+01 -4.4553278920350E-03  3.1917589822932E-02 -3.7593786644883E-02  3.6336505760903E-03  1.8861930020866E-20 -4.3650881415155E-21 -1.6871740069183E-02 -2.4649222849337E-02
 2.5511030361867E+01 -3.1419551871797E-03  1.4024201959206E-02 -1.6893322630850E-02  3.3427447092451E-04 -7.6414496536811E-21  6.3192226853243E-21 -6.6637861140268E-03 -1.1704987178485E-02
 2.9900709274659E+01 -1.6798066246324E-03  5.0385811245362E-03 -6.2552524325658E-03 -4.7696403584130E-04  4.7097653002274E-21  5.5702976844239E-22 -2.0196325946082E-03 -4.6107236631101E-03
 3.5168864215715E+01 -6.6403115158260E-04  1.4142812137268E-03 -1.8228608761044E-03 -3.5284572699046E-04  1.4380306623650E-20  1.1893326016597E-20 -4.2700583516806E-04 -1.4350955464698E-03
 4.1419695291531E+01 -1.9002912978462E-04  2.9776332388117E-04 -4.0244261578737E-04 -1.2935660300258E-04 -1.8979049013348E-21 -3.9809261689424E-21 -5.1054941439972E-05 -3.3780119571231E-04
 4.8665626607709E+01 -3.7083697634242E-05  4.7610433664129E-05 -6.6577711685733E-05 -3.1373513090168E-05  3.0033553183419E-21 -1.1288477211752E-20 -2.2821474112903E-06 -5.8772545163320E-05
 5.6716111653915E+01 -6.3331666007464E-06  5.9541281608584E-06 -9.1319341817314E-06 -3.8910911286523E-06  4.4468577486460E-21  2.3488810738310E-21  1.0512585075291E-06 -8.2796822573745E-06
 6.5027225430406E+01 -8.4803994627683E-08  1.0657683364037E-06 -1.0953406616051E-06 -1.4708411288728E-06 -5.5605049884216E-21 -3.6847168760074E-21 -5.0738177484838E-07 -8.8700857901971E-07
 7.2587189964099E+01 -5.3663314540272E-07 -1.5624469061585E-08 -2.7754767506837E-07  4.5961054549500E-07  3.6386486681900E-21 -1.7747186382155E-21  3.7115260565842E-07 -2.6600740072141E-07
 7.8010805313165E+01  7.7949022375026E-07  3.1378878947885E-07  2.9681080609573E-08 -1.0716099586832E-06  8.2253865237657E-21 -8.9831172399819E-21 -6.9078517860506E-07  1.8465439101469E-07
 8.0000000000000E+01  0.0000000000000E+00  0.0000000000000E+00  0.0000000000000E+00  0.0000000000000E+00  0.0000000000000E+00  0.0000000000000E+00  0.0000000000000E+00  0.0000000000000E+00
