#  1.0000000000000E+00  0.0000000000000E+00  2.3181424059429E-01 -6.4182155740490E-03  8.0000000000000E-02
 0.0000000000000E+00  6.2791097287664E-16 -1.8837329186299E-16  1.3395434088035E-15  8.9302893920233E-16  3.8319866669642E-39 -5.4594267875725E-39 -1.0709502003527E+00 -1.4345702040769E+00
 1.2134956257652E-03 -3.5611801209991E-02 -3.4765714133169E-02 -5.2300665916629E-06  8.7239216235100E-06 -8.6606104451527E-26  4.7030653612927E-26 -1.0709541096692E+00 -1.4345662488236E+00
 4.8598042576750E-03 -1.3951769467313E-01 -1.3938100239065E-01 -7.2242971208420E-05  9.4591627373971E-05 -1.8025394611823E-25  6.8634991383557E-26 -1.0709784967481E+00 -1.4345372137358E+00
 1.0956449776219E-02 -3.0310451981791E-01 -3.1456425067492E-01 -3.6956920376221E-04  4.7323572355856E-04 -5.0889707484775E-25  2.1637860153408E-25 -1.0710144184536E+00 -1.4344919725017E+00
 1.9532835037547E-02 -5.1260806320863E-01 -5.6076845922579E-01 -1.1783802393904E-03  1.4502652419426E-03 -7.2286122730651E-25  2.7981418376809E-25 -1.0710707397023E+00 -1.4344330918292E+00
 3.0630539981632E-02 -7.5002525230793E-01 -8.7720811149234E-01 -2.9132630405212E-03  3.4298922195227E-03 -1.3561312693450E-24  5.7175033665350E-25 -1.0711407322320E+00 -1.4343669363940E+00
 4.4303746127476E-02 -9.9440927588800E-01 -1.2607658134233E+00 -6.1170730587789E-03  6.8244731778948E-03 -1.6240175790620E-24  6.7225455765247E-25 -1.0712339302989E+00 -1.4342993242902E+00
 6.0619794820640E-02 -1.2235335663728E+00 -1.7050159593793E+00 -1.1472304949721E-02  1.2044374106589E-02 -2.6136763681595E-24  1.1928440882760E-24 -1.0713441384907E+00 -1.4342400462571E+00
 7.9659889028125E-02 -1.4158245590044E+00 -2.1996008172184E+00 -1.9777850547058E-02  1.9397435506636E-02 -2.8402220253016E-24  1.3886799431797E-24 -1.0714811552253E+00 -1.4341984764851E+00
 1.0151995116565E-01 -1.5524259011702E+00 -2.7301798839131E+00 -3.1935328203403E-02  2.9080240971347E-02 -4.1945294514393E-24  2.3172695650851E-24 -1.0716385681032E+00 -1.4341879666497E+00
 1.2631165246940E-01 -1.6191408253407E+00 -3.2790607018275E+00 -4.8898287578285E-02  4.1092697933698E-02 -4.1985928606315E-24  2.7928027951151E-24 -1.0718252337443E+00 -1.4342212221420E+00
 1.5416363287784E-01 -1.6080169712219E+00 -3.8265346970849E+00 -7.1633938889717E-02  5.5258750307399E-02 -5.7923694926681E-24  4.4717460688340E-24 -1.0720327509070E+00 -1.4343143133220E+00
 1.8522293437556E-01 -1.5182868645637E+00 -4.3527324764929E+00 -1.0105740849219E-01  7.1182953402473E-02 -5.1557484956619E-24  5.5951059472875E-24 -1.0722666188951E+00 -1.4344814833579E+00
 2.1965667539691E-01 -1.3565252291555E+00 -4.8397353077944E+00 -1.3799339988108E-01  8.8321578229644E-02 -6.4934096162400E-24  8.5497648657713E-24 -1.0725133330851E+00 -1.4347383629807E+00
 2.5765399934730E-01 -1.1359485419952E+00 -5.2734810116110E+00 -1.8312819605343E-01  1.0599124417306E-01 -4.1929161079593E-24  1.0797073726323E-23 -1.0727712088884E+00 -1.4350957074116E+00
 2.9942833676086E-01 -8.7501210706847E-01 -5.6450721162865E+00 -2.3700516101790E-01  1.2348663744203E-01 -3.8825267560291E-24  1.5462514355233E-23 -1.0730171000074E+00 -1.4355612184697E+00
 3.4522002830748E-01 -5.9552830217500E-01 -5.9510312633067E+00 -3.0001952127473E-01  1.4012330609968E-01  2.4056304005713E-24  1.8767936431086E-23 -1.0732368971431E+00 -1.4361314953251E+00
 3.9529936507288E-01 -3.2062473122442E-01 -6.1923469915942E+00 -3.7245338792932E-01  1.5537320312295E-01  7.4170716703894E-24  2.4184167869733E-23 -1.0733918266699E+00 -1.4367916084676E+00
 4.4997011361895E-01 -7.2731733526380E-02 -6.3722499759193E+00 -4.5449028928820E-01  1.6890689340020E-01  2.1852225890913E-23  2.5589330635837E-23 -1.0734484954454E+00 -1.4375042180087E+00
 5.0957360672842E-01  1.2839204417707E-01 -6.4931577679340E+00 -5.4623444804797E-01  1.8070966122045E-01  3.5839652675005E-23  2.5582312843741E-23 -1.0733444626378E+00 -1.4382056490252E+00
 5.7449349700374E-01  2.6780257447686E-01 -6.5534387693834E+00 -6.4766252987888E-01  1.9108144545053E-01  6.1574755577414E-23  1.3764406330927E-23 -1.0730172920029E+00 -1.4387907267989E+00
 6.4516129032258E-01  3.3790827261536E-01 -6.5452455051519E+00 -7.5853709681165E-01  2.0067828175621E-01  8.2398261623811E-23 -9.4306880930820E-24 -1.0723685402209E+00 -1.4391038720578E+00
 7.2206280043514E-01  3.4113940599515E-01 -6.4546761601031E+00 -8.7823469402628E-01  2.1039155447970E-01  1.0607934733671E-22 -5.8466962079771E-23 -1.0712906765302E+00 -1.4389184908378E+00
 8.0574569584327E-01  2.9159479358494E-01 -6.2653767036714E+00 -1.0055739751493E+00  2.2122017131569E-01  9.9636791902271E-23 -1.2938630734949E-22 -1.0696282153086E+00 -1.4379229912042E+00
 8.9682834696002E-01  2.1347751703830E-01 -5.9649910652916E+00 -1.1386658664242E+00  2.3396741352292E-01  5.8955024356688E-23 -2.2605904150564E-22 -1.0672016367514E+00 -1.4356967795717E+00
 9.9601022724332E-01  1.3461352481400E-01 -5.5516855628415E+00 -1.2749145889475E+00  2.4901241606507E-01 -6.3884123625105E-23 -3.1377356200397E-22 -1.0637661221885E+00 -1.4316968826255E+00
 1.1040841788897E+00  7.6119895821543E-02 -5.0358886931337E+00 -1.4111324209199E+00  2.6611500731049E-01 -2.5660932778280E-22 -3.5349157639103E-22 -1.0590356025204E+00 -1.4252413851957E+00
 1.2219509248095E+00  4.4036192167276E-02 -4.4346144270471E+00 -1.5437147579906E+00  2.8455200983234E-01 -5.1761046847881E-22 -2.6711286905707E-22 -1.0526460138917E+00 -1.4155140334203E+00
 1.3506362979409E+00  2.9885542378878E-02 -3.7620542263684E+00 -1.6686404110580E+00  3.0337699564271E-01 -7.3106486355260E-22 -2.6415142346922E-23 -1.0441904529144E+00 -1.4015800036388E+00
 1.4913117716510E+00  2.0952824665922E-02 -3.0263534552148E+00 -1.7812967176703E+00  3.2175499521236E-01 -8.1336134793713E-22  3.4323340001721E-22 -1.0332007643501E+00 -1.3824410387121E+00
 1.6453190177622E+00  1.0815053877891E-02 -2.2378661241179E+00 -1.8763084465056E+00  3.3896383287933E-01 -6.7021482686684E-22  6.8445758971556E-22 -1.0192082563219E+00 -1.3571208995757E+00
 1.8141994004940E+00  8.3159778718793E-04 -1.4219625615557E+00 -1.9478124339702E+00  3.5427981642903E-01 -4.2320451543667E-22  8.6087085316272E-22 -1.0017555133290E+00 -1.3248019244948E+00
 1.9997295470214E+00 -5.3959745665751E-03 -6.2385192374567E-01 -1.9902756606772E+00  3.6683012178111E-01 -1.9723301189188E-22  8.2247239514161E-22 -9.8048610737596E-01 -1.2849795650146E+00
 2.2039644338840E+00 -5.7907672408645E-03  9.7658012307064E-02 -1.9997174800542E+00  3.7573397059198E-01 -1.2348447519105E-22  6.9051635072524E-22 -9.5517019994929E-01 -1.2376125080440E+00
 2.4292898137085E+00 -8.0115681711585E-05  6.8384104203337E-01 -1.9749085502563E+00  3.8025923568347E-01 -1.0122491514883E-22  5.0927270444865E-22 -9.2577430793467E-01 -1.1831875060926E+00
 2.6784863059733E+00  1.0432002017545E-02  1.0936936906916E+00 -1.9181335544612E+00  3.8005673783222E-01 -1.4813837097360E-22  3.1534356818231E-22 -8.9242006518549E-01 -1.1226595722745E+00
 2.9548081253617E+00  2.3054714231135E-02  1.3199508683587E+00 -1.8349128447760E+00  3.7521539980476E-01 -1.9425289172994E-22  1.5352124635151E-22 -8.5535326744516E-01 -1.0572437219026E+00
 3.2620802702989E+00  3.4778641352835E-02  1.3924795225271E+00 -1.7325252216638E+00  3.6624602342312E-01 -2.3784831667510E-22  1.5228367299337E-22 -8.1481362567685E-01 -9.8815232846803E-01
 3.6048191074170E+00  4.3688070314794E-02  1.3634376282957E+00 -1.6178648185703E+00  3.5379549116097E-01 -1.4440069646985E-22  2.5379238519475E-22 -7.7098626248600E-01 -9.1638983604666E-01
 3.9883827509977E+00  4.9476011360111E-02  1.2828051077312E+00 -1.4958834847443E+00  3.3840335734925E-01  1.1801191753602E-23  4.8127210993591E-22 -7.2394753362984E-01 -8.4271247887532E-01
 4.4191595630774E+00  5.2742109203710E-02  1.1820863287292E+00 -1.3693766903500E+00  3.2030644517031E-01  3.1913976070458E-22  7.8642535999136E-22 -6.7374227906256E-01 -7.6771756298121E-01
 4.9048056364975E+00  5.3991318607477E-02  1.0745391310667E+00 -1.2398399040902E+00  2.9954665527625E-01  4.4343348535149E-22  8.7720681988661E-22 -6.2042514687548E-01 -6.9197949387769E-01
 5.4545454545455E+00  5.3359297010250E-02  9.6411347987123E-01 -1.1083813205143E+00  2.7608668197444E-01  5.4900384796819E-23  4.9119133638705E-22 -5.6416448694185E-01 -6.1613515866292E-01
 6.0795542687962E+00  5.0807942900999E-02  8.5220698975462E-01 -9.7622289389412E-01  2.4999106760386E-01 -4.0162788941469E-22  2.4530232024710E-22 -5.0526656331656E-01 -5.4092192021370E-01
 6.7934463423832E+00  4.6361399778027E-02  7.4006107081489E-01 -8.4483781887925E-01  2.2146137424924E-01 -5.4313218156898E-23 -3.9249365066788E-22 -4.4426343101976E-01 -4.6717613759377E-01
 7.6129002726496E+00  4.0166286469389E-02  6.2916930868785E-01 -7.1599630667180E-01  1.9094433617332E-01  3.5223671287641E-22 -5.0928373527527E-22 -3.8193399888802E-01 -3.9582448707735E-01
 8.5584611558500E+00  3.2564554669771E-02  5.2134534750820E-01 -5.9174759358278E-01  1.5913740573720E-01  5.0554154987811E-22  5.2817784415403E-22 -3.1938881712386E-01 -3.2785741717914E-01
 9.6555688906727E+00  2.4086265292438E-02  4.1868805258091E-01 -4.7439569120869E-01  1.2706987063151E-01 -2.6703396043601E-22  5.2209881764656E-22 -2.5806665109742E-01 -2.6430043825032E-01
 1.0935870685435E+01  1.5471721689721E-02  3.2353738899551E-01 -3.6639974350769E-01  9.6044448224278E-02  4.1367662968357E-22  7.5581567405989E-23 -1.9975503246259E-01 -2.0616961871663E-01
 1.2438879256439E+01  7.5727808899843E-03  2.3831414141269E-01 -2.7023379139855E-01  6.7597082516927E-02  1.9040683844036E-22 -1.0372545167673E-22 -1.4646136005196E-01 -1.5442700262921E-01
 1.4214025594877E+01  1.2458590455191E-03  1.6529667025015E-01 -1.8813177828177E-01  4.3251891680664E-02 -4.5134718896251E-22 -2.9346273309000E-22 -1.0023603695448E-01 -1.0991900943950E-01
 1.6323103064291E+01 -2.8925373617473E-03  1.0624325985876E-01 -1.2176338574173E-01  2.4258151302921E-02  6.5201336162265E-22 -2.8354195330483E-22 -6.2788882269766E-02 -7.3301966114799E-02
 1.8842958547214E+01 -4.6571907893498E-03  6.1968975591757E-02 -7.1810337032013E-02  1.1173055962687E-02 -1.9712820792477E-22  1.5301291108243E-22 -3.5078083520842E-02 -4.4921384119300E-02
 2.1867956415951E+01 -4.4553278920351E-03  3.1917589822932E-02 -3.7593786644883E-02  3.6336505760902E-03  9.0459141980750E-23  5.2783095786150E-24 -1.6871740069183E-02 -2.4649222849337E-02
 2.5511030361867E+01 -3.1419551871798E-03  1.4024201959206E-02 -1.6893322630850E-02  3.3427447092438E-04 -3.9793378172244E-23  1.9630358677024E-23 -6.6637861140268E-03 -1.1704987178485E-02
 2.9900709274659E+01 -1.6798066246325E-03  5.0385811245361E-03 -6.2552524325658E-03 -4.7696403584133E-04  2.1685910806062E-23  9.4902433109342E-24 -2.0196325946081E-03 -4.6107236631101E-03
 3.5168864215715E+01 -6.6403115158258E-04  1.4142812137267E-03 -1.8228608761043E-03 -3.5284572699044E-04  6.1526965757488E-23  6.8256859435249E-23 -4.2700583516802E-04 -1.4350955464698E-03
 4.1419695291531E+01 -1.9002912978459E-04  2.9776332388111E-04 -4.0244261578737E-04 -1.2935660300254E-04 -6.3765308706158E-24 -2.0036119264489E-23 -5.1054941439962E-05 -3.3780119571228E-04
 4.8665626607709E+01 -3.7083697634153E-05  4.7610433664154E-05 -6.6577711685639E-05 -3.1373513090157E-05  2.4233909740665E-23 -5.3830256203781E-23 -2.2821474113037E-06 -5.8772545163253E-05
 5.6716111653915E+01 -6.3331666007358E-06  5.9541281608438E-06 -9.1319341817621E-06 -3.8910911286382E-06  1.9592821437309E-23  1.5594243814600E-23  1.0512585075331E-06 -8.2796822573581E-06
 6.5027225430406E+01 -8.4803994622688E-08  1.0657683364373E-06 -1.0953406616092E-06 -1.4708411288789E-06 -2.4051898237345E-23 -2.3014009394516E-23 -5.0738177487929E-07 -8.8700857903260E-07
 7.2587189964099E+01 -5.3663314540892E-07 -1.5624469062210E-08 -2.7754767509169E-07  4.5961054550691E-07  1.9057554396486E-23 -5.6465342488899E-24  3.7115260566172E-07 -2.6600740072821E-07
 7.8010805313165E+01  7.7949022375227E-07  3.1378878949773E-07  2.9681080617349E-08 -1.0716099587031E-06  4.7764855742694E-23 -3.6907544512488E-23 -6.9078517862050E-07  1.8465439101276E-07
 8.0000000000000E+01  0.0000000000000E+00  0.0000000000000E+00  0.0000000000000E+00  0.0000000000000E+00  0.0000000000000E+00  0.0000000000000E+00  0.0000000000000E+00  0.0000000000000E+00
