#  1.0000000000000E+00  0.0000000000000E+00  2.3181424059429E-01 -6.4182155740488E-03  8.0000000000000E-02
 0.0000000000000E+00 -1.4930327577289E-15 -2.5814117773817E-16 -7.8140032180204E-16 -8.9302893920233E-16 -8.2069150592718E-37 -5.3186128196901E-38 -1.0709502003527E+00 -1.4345702040769E+00
 1.2134956257652E-03 -3.5611801209992E-02 -3.4765714133169E-02 -5.2300665937411E-06  8.7239216220250E-06 -3.0409805394793E-24 -2.4873350880195E-24 -1.0709541096691E+00 -1.4345662488236E+00
 4.8598042576750E-03 -1.3951769467314E-01 -1.3938100239065E-01 -7.2242971210553E-05  9.4591627372295E-05 -1.6880685078687E-23 -2.7009218415529E-24 -1.0709784967481E+00 -1.4345372137358E+00
 1.0956449776219E-02 -3.0310451981791E-01 -3.1456425067492E-01 -3.6956920376426E-04  4.7323572355726E-04 -3.5085302535752E-23 -1.0240924230991E-23 -1.0710144184535E+00 -1.4344919725017E+00
 1.9532835037547E-02 -5.1260806320863E-01 -5.6076845922579E-01 -1.1783802393931E-03  1.4502652419414E-03 -6.7919297611576E-23 -1.0549515045114E-23 -1.0710707397022E+00 -1.4344330918292E+00
 3.0630539981632E-02 -7.5002525230792E-01 -8.7720811149233E-01 -2.9132630405239E-03  3.4298922195221E-03 -1.0001977843053E-22 -2.4802123331687E-23 -1.0711407322320E+00 -1.4343669363940E+00
 4.4303746127476E-02 -9.9440927588799E-01 -1.2607658134233E+00 -6.1170730587819E-03  6.8244731778944E-03 -1.5466304313697E-22 -2.0848363059771E-23 -1.0712339302989E+00 -1.4342993242902E+00
 6.0619794820640E-02 -1.2235335663728E+00 -1.7050159593792E+00 -1.1472304949723E-02  1.2044374106589E-02 -2.0018093817939E-22 -4.0320433459542E-23 -1.0713441384907E+00 -1.4342400462571E+00
 7.9659889028125E-02 -1.4158245590043E+00 -2.1996008172184E+00 -1.9777850547061E-02  1.9397435506635E-02 -2.8054333964294E-22 -2.2285106242749E-23 -1.0714811552253E+00 -1.4341984764851E+00
 1.0151995116565E-01 -1.5524259011702E+00 -2.7301798839131E+00 -3.1935328203406E-02  2.9080240971346E-02 -3.3972867270909E-22 -3.7365393418828E-23 -1.0716385681032E+00 -1.4341879666497E+00
 1.2631165246940E-01 -1.6191408253407E+00 -3.2790607018275E+00 -4.8898287578289E-02  4.1092697933696E-02 -4.4981669652914E-22  1.6636383968955E-23 -1.0718252337443E+00 -1.4342212221420E+00
 1.5416363287784E-01 -1.6080169712219E+00 -3.8265346970848E+00 -7.1633938889721E-02  5.5258750307396E-02 -5.2030670128612E-22  3.1920106124875E-23 -1.0720327509070E+00 -1.4343143133220E+00
 1.8522293437556E-01 -1.5182868645637E+00 -4.3527324764928E+00 -1.0105740849220E-01  7.1182953402470E-02 -6.5670932600622E-22  1.6585045610289E-22 -1.0722666188951E+00 -1.4344814833579E+00
 2.1965667539691E-01 -1.3565252291555E+00 -4.8397353077943E+00 -1.3799339988108E-01  8.8321578229641E-02 -7.1840066205346E-22  2.6467974342337E-22 -1.0725133330851E+00 -1.4347383629807E+00
 2.5765399934730E-01 -1.1359485419952E+00 -5.2734810116110E+00 -1.8312819605344E-01  1.0599124417305E-01 -8.4312125416517E-22  5.5410922292710E-22 -1.0727712088884E+00 -1.4350957074116E+00
 2.9942833676086E-01 -8.7501210706843E-01 -5.6450721162865E+00 -2.3700516101790E-01  1.2348663744203E-01 -8.1258671259351E-22  8.1921124495641E-22 -1.0730171000074E+00 -1.4355612184697E+00
 3.4522002830748E-01 -5.9552830217495E-01 -5.9510312633066E+00 -3.0001952127474E-01  1.4012330609967E-01 -7.8290479416623E-22  1.3548977629164E-21 -1.0732368971431E+00 -1.4361314953251E+00
 3.9529936507288E-01 -3.2062473122437E-01 -6.1923469915942E+00 -3.7245338792933E-01  1.5537320312294E-01 -4.1508422537913E-22  1.8412758676378E-21 -1.0733918266699E+00 -1.4367916084676E+00
 4.4997011361895E-01 -7.2731733526335E-02 -6.3722499759192E+00 -4.5449028928821E-01  1.6890689340020E-01  1.3427077417562E-22  2.5952857382107E-21 -1.0734484954454E+00 -1.4375042180087E+00
 5.0957360672842E-01  1.2839204417711E-01 -6.4931577679340E+00 -5.4623444804798E-01  1.8070966122044E-01  1.3473791447939E-21  3.0688376385415E-21 -1.0733444626378E+00 -1.4382056490252E+00
 5.7449349700374E-01  2.6780257447690E-01 -6.5534387693834E+00 -6.4766252987888E-01  1.9108144545053E-01  2.9968929497166E-21  3.4534428934686E-21 -1.0730172920029E+00 -1.4387907267989E+00
 6.4516129032258E-01  3.3790827261540E-01 -6.5452455051519E+00 -7.5853709681165E-01  2.0067828175621E-01  5.5316999913257E-21  2.7592900144146E-21 -1.0723685402208E+00 -1.4391038720578E+00
 7.2206280043514E-01  3.4113940599519E-01 -6.4546761601031E+00 -8.7823469402628E-01  2.1039155447969E-01  8.2192561572378E-21  9.3636651972005E-22 -1.0712906765302E+00 -1.4389184908378E+00
 8.0574569584327E-01  2.9159479358498E-01 -6.2653767036714E+00 -1.0055739751493E+00  2.2122017131568E-01  1.0814819842132E-20 -3.3146419700973E-21 -1.0696282153086E+00 -1.4379229912042E+00
 8.9682834696002E-01  2.1347751703833E-01 -5.9649910652916E+00 -1.1386658664242E+00  2.3396741352291E-01  1.1295643619925E-20 -9.4753662291691E-21 -1.0672016367514E+00 -1.4356967795717E+00
 9.9601022724332E-01  1.3461352481403E-01 -5.5516855628415E+00 -1.2749145889475E+00  2.4901241606506E-01  8.5189499247224E-21 -1.7463176885618E-20 -1.0637661221885E+00 -1.4316968826255E+00
 1.1040841788897E+00  7.6119895821566E-02 -5.0358886931337E+00 -1.4111324209199E+00  2.6611500731048E-01  5.9845970763477E-22 -2.3879922858019E-20 -1.0590356025204E+00 -1.4252413851958E+00
 1.2219509248095E+00  4.4036192167296E-02 -4.4346144270471E+00 -1.5437147579907E+00  2.8455200983233E-01 -1.0409148622207E-20 -2.6235472577496E-20 -1.0526460138917E+00 -1.4155140334203E+00
 1.3506362979409E+00  2.9885542378895E-02 -3.7620542263684E+00 -1.6686404110580E+00  3.0337699564270E-01 -2.0848422795660E-20 -2.1590533358595E-20 -1.0441904529144E+00 -1.4015800036388E+00
 1.4913117716510E+00  2.0952824665935E-02 -3.0263534552148E+00 -1.7812967176704E+00  3.2175499521235E-01 -2.4113144063483E-20 -1.4318630729376E-20 -1.0332007643501E+00 -1.3824410387121E+00
 1.6453190177622E+00  1.0815053877897E-02 -2.2378661241179E+00 -1.8763084465056E+00  3.3896383287932E-01 -2.0553146086539E-20 -1.0747422239312E-20 -1.0192082563219E+00 -1.3571208995757E+00
 1.8141994004940E+00  8.3159778719101E-04 -1.4219625615557E+00 -1.9478124339702E+00  3.5427981642901E-01 -1.5807461056319E-20 -1.6646491019733E-20 -1.0017555133290E+00 -1.3248019244948E+00
 1.9997295470214E+00 -5.3959745665798E-03 -6.2385192374567E-01 -1.9902756606772E+00  3.6683012178110E-01 -1.7502469133661E-20 -2.3956316551053E-20 -9.8048610737595E-01 -1.2849795650146E+00
 2.2039644338840E+00 -5.7907672409034E-03  9.7658012307100E-02 -1.9997174800542E+00  3.7573397059197E-01 -1.8858301633320E-20 -2.4543874591303E-20 -9.5517019994928E-01 -1.2376125080440E+00
 2.4292898137085E+00 -8.0115681732497E-05  6.8384104203340E-01 -1.9749085502563E+00  3.8025923568346E-01 -1.1743247152097E-20 -1.7589718432005E-20 -9.2577430793466E-01 -1.1831875060926E+00
 2.6784863059733E+00  1.0432002017522E-02  1.0936936906916E+00 -1.9181335544612E+00  3.8005673783220E-01  2.5849661018657E-21 -1.3621247626984E-20 -8.9242006518548E-01 -1.1226595722745E+00
 2.9548081253617E+00  2.3054714231129E-02  1.3199508683587E+00 -1.8349128447760E+00  3.7521539980475E-01  1.0265518807341E-20 -1.1655070418746E-20 -8.5535326744516E-01 -1.0572437219026E+00
 3.2620802702989E+00  3.4778641352819E-02  1.3924795225271E+00 -1.7325252216638E+00  3.6624602342311E-01  9.4253588694274E-21 -1.2193477378652E-20 -8.1481362567684E-01 -9.8815232846803E-01
 3.6048191074170E+00  4.3688070314793E-02  1.3634376282957E+00 -1.6178648185703E+00  3.5379549116096E-01  2.4123300918858E-21 -1.3688321178519E-20 -7.7098626248599E-01 -9.1638983604666E-01
 3.9883827509977E+00  4.9476011360104E-02  1.2828051077312E+00 -1.4958834847443E+00  3.3840335734924E-01 -7.4690801753981E-21 -2.1158601312490E-20 -7.2394753362983E-01 -8.4271247887532E-01
 4.4191595630774E+00  5.2742109203701E-02  1.1820863287292E+00 -1.3693766903500E+00  3.2030644517030E-01 -3.3365601944803E-20 -2.6146781264635E-20 -6.7374227906255E-01 -7.6771756298121E-01
 4.9048056364975E+00  5.3991318607468E-02  1.0745391310667E+00 -1.2398399040902E+00  2.9954665527624E-01 -4.4643641262674E-20 -2.0982211211919E-20 -6.2042514687547E-01 -6.9197949387769E-01
 5.4545454545455E+00  5.3359297010245E-02  9.6411347987123E-01 -1.1083813205143E+00  2.7608668197443E-01 -8.3617475520236E-21 -1.9253441991680E-20 -5.6416448694185E-01 -6.1613515866292E-01
 6.0795542687962E+00  5.0807942900992E-02  8.5220698975462E-01 -9.7622289389412E-01  2.4999106760385E-01  9.7701272031685E-21 -2.4744047243743E-20 -5.0526656331656E-01 -5.4092192021370E-01
 6.7934463423832E+00  4.6361399778019E-02  7.4006107081489E-01 -8.4483781887925E-01  2.2146137424923E-01  1.2562669215194E-20  1.6531402709140E-20 -4.4426343101975E-01 -4.6717613759377E-01
 7.6129002726496E+00  4.0166286469381E-02  6.2916930868784E-01 -7.1599630667180E-01  1.9094433617331E-01  1.0172951010177E-21  3.0483433814694E-20 -3.8193399888802E-01 -3.9582448707735E-01
 8.5584611558500E+00  3.2564554669770E-02  5.2134534750820E-01 -5.9174759358278E-01  1.5913740573719E-01 -3.7212082474356E-20 -9.5111562669028E-21 -3.1938881712386E-01 -3.2785741717914E-01
 9.6555688906727E+00  2.4086265292437E-02  4.1868805258090E-01 -4.7439569120869E-01  1.2706987063150E-01  1.5591851769880E-21 -3.0908197056443E-20 -2.5806665109741E-01 -2.6430043825032E-01
 1.0935870685435E+01  1.5471721689719E-02  3.2353738899551E-01 -3.6639974350769E-01  9.6044448224276E-02 -1.8870541324193E-20  7.1759874929458E-21 -1.9975503246259E-01 -2.0616961871663E-01
 1.2438879256439E+01  7.5727808899834E-03  2.3831414141269E-01 -2.7023379139855E-01  6.7597082516926E-02 -5.9032316338280E-21  9.0385064080070E-21 -1.4646136005196E-01 -1.5442700262921E-01
 1.4214025594877E+01  1.2458590455184E-03  1.6529667025015E-01 -1.8813177828177E-01  4.3251891680663E-02  2.5406494504983E-20  7.4324964149960E-22 -1.0023603695448E-01 -1.0991900943950E-01
 1.6323103064291E+01 -2.8925373617477E-03  1.0624325985876E-01 -1.2176338574173E-01  2.4258151302921E-02 -2.1280135829175E-20  2.6953140010137E-20 -6.2788882269765E-02 -7.3301966114799E-02
 1.8842958547214E+01 -4.6571907893499E-03  6.1968975591757E-02 -7.1810337032013E-02  1.1173055962687E-02  4.9465219529202E-21 -1.1397195950646E-20 -3.5078083520842E-02 -4.4921384119300E-02
 2.1867956415951E+01 -4.4553278920352E-03  3.1917589822932E-02 -3.7593786644883E-02  3.6336505760900E-03 -3.8295174056996E-21  2.0806753504932E-21 -1.6871740069183E-02 -2.4649222849338E-02
 2.5511030361867E+01 -3.1419551871799E-03  1.4024201959206E-02 -1.6893322630850E-02  3.3427447092440E-04  1.2363487444715E-21 -1.8288684237782E-21 -6.6637861140268E-03 -1.1704987178485E-02
 2.9900709274659E+01 -1.6798066246325E-03  5.0385811245361E-03 -6.2552524325658E-03 -4.7696403584131E-04 -1.0740194973456E-21  1.6126055605509E-22 -2.0196325946082E-03 -4.6107236631101E-03
 3.5168864215715E+01 -6.6403115158257E-04  1.4142812137267E-03 -1.8228608761042E-03 -3.5284572699050E-04 -3.9567637236602E-21 -1.5921338090729E-21 -4.2700583516806E-04 -1.4350955464698E-03
 4.1419695291531E+01 -1.9002912978454E-04  2.9776332388106E-04 -4.0244261578735E-04 -1.2935660300254E-04  6.8532385245041E-22  7.2704864813903E-22 -5.1054941439940E-05 -3.3780119571224E-04
 4.8665626607709E+01 -3.7083697634178E-05  4.7610433664164E-05 -6.6577711685606E-05 -3.1373513090170E-05  1.1751213373846E-22  2.6865639064732E-21 -2.2821474113178E-06 -5.8772545163274E-05
 5.6716111653915E+01 -6.3331666007106E-06  5.9541281607754E-06 -9.1319341817399E-06 -3.8910911286263E-06 -1.1323358469521E-21 -2.1619933034889E-22  1.0512585075652E-06 -8.2796822573404E-06
 6.5027225430406E+01 -8.4803994620478E-08  1.0657683364411E-06 -1.0953406615681E-06 -1.4708411288608E-06  1.4681006301971E-21  4.3117087019456E-22 -5.0738177487424E-07 -8.8700857902255E-07
 7.2587189964099E+01 -5.3663314540236E-07 -1.5624469061335E-08 -2.7754767506361E-07  4.5961054551492E-07 -6.7206708520316E-22  6.3478980431297E-22  3.7115260566658E-07 -2.6600740072646E-07
 7.8010805313165E+01  7.7949022375753E-07  3.1378878949794E-07  2.9681080661626E-08 -1.0716099586912E-06 -1.1878294369007E-21  2.5231270225959E-21 -6.9078517862032E-07  1.8465439102818E-07
 8.0000000000000E+01  0.0000000000000E+00  0.0000000000000E+00  0.0000000000000E+00  0.0000000000000E+00  0.0000000000000E+00  0.0000000000000E+00  0.0000000000000E+00  0.0000000000000E+00
