#  1.0000000000000E+00  0.0000000000000E+00  2.3181424059429E-01 -6.4182155740487E-03  8.0000000000000E-02
 0.0000000000000E+00 -2.0441990561428E-15  3.1744388073208E-15 -4.4651446960116E-16  1.7860578784047E-15 -2.0683494298795E-38  1.2170020306166E-37 -1.0709502003527E+00 -1.4345702040769E+00
 1.2134956257652E-03 -3.5611801209993E-02 -3.4765714133166E-02 -5.2300665933704E-06  8.7239216246974E-06  4.4912044417942E-25  9.8530284367167E-25 -1.0709541096692E+00 -1.4345662488236E+00
 4.8598042576750E-03 -1.3951769467314E-01 -1.3938100239065E-01 -7.2242971210020E-05  9.4591627375342E-05  2.2076674281515E-24  2.0121906070721E-24 -1.0709784967481E+00 -1.4345372137358E+00
 1.0956449776219E-02 -3.0310451981791E-01 -3.1456425067492E-01 -3.6956920376372E-04  4.7323572356029E-04  4.6615744046203E-24  5.6652770576180E-24 -1.0710144184536E+00 -1.4344919725017E+00
 1.9532835037547E-02 -5.1260806320863E-01 -5.6076845922579E-01 -1.1783802393926E-03  1.4502652419444E-03  8.9171069551750E-24  8.0470192710874E-24 -1.0710707397023E+00 -1.4344330918292E+00
 3.0630539981632E-02 -7.5002525230792E-01 -8.7720811149233E-01 -2.9132630405234E-03  3.4298922195245E-03  1.3316575406160E-23  1.4970434265585E-23 -1.0711407322320E+00 -1.4343669363940E+00
 4.4303746127476E-02 -9.9440927588800E-01 -1.2607658134233E+00 -6.1170730587815E-03  6.8244731778962E-03  2.0639717522288E-23  1.7842335069729E-23 -1.0712339302989E+00 -1.4342993242902E+00
 6.0619794820640E-02 -1.2235335663728E+00 -1.7050159593792E+00 -1.1472304949723E-02  1.2044374106591E-02  2.7377446489169E-23  2.8257088734735E-23 -1.0713441384907E+00 -1.4342400462571E+00
 7.9659889028125E-02 -1.4158245590043E+00 -2.1996008172184E+00 -1.9777850547061E-02  1.9397435506637E-02  3.9056337269895E-23  3.0014043301174E-23 -1.0714811552253E+00 -1.4341984764851E+00
 1.0151995116565E-01 -1.5524259011702E+00 -2.7301798839131E+00 -3.1935328203406E-02  2.9080240971349E-02  4.9483945448988E-23  4.3010275313539E-23 -1.0716385681032E+00 -1.4341879666497E+00
 1.2631165246940E-01 -1.6191408253407E+00 -3.2790607018275E+00 -4.8898287578288E-02  4.1092697933699E-02  6.8051445138163E-23  4.0188662031488E-23 -1.0718252337443E+00 -1.4342212221420E+00
 1.5416363287784E-01 -1.6080169712219E+00 -3.8265346970848E+00 -7.1633938889721E-02  5.5258750307399E-02  8.4834342137575E-23  5.2137712164534E-23 -1.0720327509070E+00 -1.4343143133220E+00
 1.8522293437556E-01 -1.5182868645637E+00 -4.3527324764928E+00 -1.0105740849220E-01  7.1182953402473E-02  1.1397003719419E-22  3.7094591363648E-23 -1.0722666188951E+00 -1.4344814833579E+00
 2.1965667539691E-01 -1.3565252291555E+00 -4.8397353077943E+00 -1.3799339988108E-01  8.8321578229643E-02  1.3993848345862E-22  3.8422505543944E-23 -1.0725133330851E+00 -1.4347383629807E+00
 2.5765399934730E-01 -1.1359485419952E+00 -5.2734810116110E+00 -1.8312819605344E-01  1.0599124417306E-01  1.8135106927000E-22 -5.0083255146886E-24 -1.0727712088884E+00 -1.4350957074116E+00
 2.9942833676086E-01 -8.7501210706846E-01 -5.6450721162865E+00 -2.3700516101790E-01  1.2348663744203E-01  2.1283595013201E-22 -3.5030524369728E-23 -1.0730171000074E+00 -1.4355612184697E+00
 3.4522002830748E-01 -5.9552830217499E-01 -5.9510312633066E+00 -3.0001952127473E-01  1.4012330609968E-01  2.5383572451595E-22 -1.3663208160622E-22 -1.0732368971431E+00 -1.4361314953251E+00
 3.9529936507288E-01 -3.2062473122442E-01 -6.1923469915942E+00 -3.7245338792932E-01  1.5537320312295E-01  2.5948830328045E-22 -2.3189837246865E-22 -1.0733918266699E+00 -1.4367916084676E+00
 4.4997011361895E-01 -7.2731733526379E-02 -6.3722499759192E+00 -4.5449028928820E-01  1.6890689340020E-01  2.4025422983183E-22 -4.2779384442341E-22 -1.0734484954454E+00 -1.4375042180087E+00
 5.0957360672842E-01  1.2839204417707E-01 -6.4931577679340E+00 -5.4623444804797E-01  1.8070966122045E-01  1.1622923837228E-22 -6.0703487412968E-22 -1.0733444626378E+00 -1.4382056490252E+00
 5.7449349700374E-01  2.6780257447686E-01 -6.5534387693834E+00 -6.4766252987888E-01  1.9108144545053E-01 -1.1977047088379E-22 -8.7193550508945E-22 -1.0730172920029E+00 -1.4387907267989E+00
 6.4516129032258E-01  3.3790827261537E-01 -6.5452455051519E+00 -7.5853709681165E-01  2.0067828175622E-01 -5.7953885089425E-22 -1.0084368847627E-21 -1.0723685402209E+00 -1.4391038720578E+00
 7.2206280043514E-01  3.4113940599516E-01 -6.4546761601031E+00 -8.7823469402628E-01  2.1039155447970E-01 -1.2398788270306E-21 -1.0479786454294E-21 -1.0712906765302E+00 -1.4389184908378E+00
 8.0574569584327E-01  2.9159479358494E-01 -6.2653767036714E+00 -1.0055739751493E+00  2.2122017131569E-01 -2.1281199365586E-21 -6.1011312485652E-22 -1.0696282153086E+00 -1.4379229912042E+00
 8.9682834696002E-01  2.1347751703830E-01 -5.9649910652917E+00 -1.1386658664242E+00  2.3396741352292E-01 -2.9742916701485E-21  3.2542642778520E-22 -1.0672016367514E+00 -1.4356967795717E+00
 9.9601022724332E-01  1.3461352481400E-01 -5.5516855628415E+00 -1.2749145889475E+00  2.4901241606507E-01 -3.4615007959752E-21  2.1030105164641E-21 -1.0637661221885E+00 -1.4316968826255E+00
 1.1040841788897E+00  7.6119895821543E-02 -5.0358886931337E+00 -1.4111324209199E+00  2.6611500731049E-01 -2.9503084603062E-21  4.2792362387148E-21 -1.0590356025204E+00 -1.4252413851957E+00
 1.2219509248095E+00  4.4036192167276E-02 -4.4346144270471E+00 -1.5437147579907E+00  2.8455200983234E-01 -1.1661526266628E-21  6.4637659219879E-21 -1.0526460138917E+00 -1.4155140334203E+00
 1.3506362979409E+00  2.9885542378874E-02 -3.7620542263684E+00 -1.6686404110580E+00  3.0337699564271E-01  1.7397781746007E-21  7.3948979893027E-21 -1.0441904529144E+00 -1.4015800036388E+00
 1.4913117716510E+00  2.0952824665917E-02 -3.0263534552149E+00 -1.7812967176704E+00  3.2175499521236E-01  4.4914803661392E-21  6.8872573586890E-21 -1.0332007643501E+00 -1.3824410387121E+00
 1.6453190177622E+00  1.0815053877886E-02 -2.2378661241179E+00 -1.8763084465056E+00  3.3896383287934E-01  5.9073708657459E-21  5.2736565341370E-21 -1.0192082563219E+00 -1.3571208995757E+00
 1.8141994004940E+00  8.3159778718776E-04 -1.4219625615558E+00 -1.9478124339702E+00  3.5427981642903E-01  5.6836806283698E-21  4.4994621755316E-21 -1.0017555133291E+00 -1.3248019244948E+00
 1.9997295470214E+00 -5.3959745665761E-03 -6.2385192374568E-01 -1.9902756606772E+00  3.6683012178112E-01  5.1963367015676E-21  4.6318305653701E-21 -9.8048610737597E-01 -1.2849795650146E+00
 2.2039644338840E+00 -5.7907672408814E-03  9.7658012307084E-02 -1.9997174800542E+00  3.7573397059199E-01  4.7851551329726E-21  4.8831558544667E-21 -9.5517019994929E-01 -1.2376125080440E+00
 2.4292898137085E+00 -8.0115681712069E-05  6.8384104203338E-01 -1.9749085502563E+00  3.8025923568348E-01  3.4935098470565E-21  3.8392960556757E-21 -9.2577430793467E-01 -1.1831875060926E+00
 2.6784863059733E+00  1.0432002017534E-02  1.0936936906916E+00 -1.9181335544612E+00  3.8005673783222E-01  8.1690249865259E-22  3.1355780208136E-21 -8.9242006518549E-01 -1.1226595722745E+00
 2.9548081253617E+00  2.3054714231148E-02  1.3199508683587E+00 -1.8349128447760E+00  3.7521539980476E-01 -1.0526864029301E-21  2.8584948710820E-21 -8.5535326744517E-01 -1.0572437219026E+00
 3.2620802702989E+00  3.4778641352818E-02  1.3924795225271E+00 -1.7325252216638E+00  3.6624602342312E-01 -1.0408060659379E-21  3.1838776899503E-21 -8.1481362567685E-01 -9.8815232846802E-01
 3.6048191074170E+00  4.3688070314788E-02  1.3634376282957E+00 -1.6178648185703E+00  3.5379549116098E-01  5.5302452978054E-22  3.1445700039223E-21 -7.7098626248600E-01 -9.1638983604665E-01
 3.9883827509977E+00  4.9476011360105E-02  1.2828051077312E+00 -1.4958834847443E+00  3.3840335734925E-01  3.3249467035124E-21  3.8152600781713E-21 -7.2394753362984E-01 -8.4271247887532E-01
 4.4191595630774E+00  5.2742109203712E-02  1.1820863287292E+00 -1.3693766903500E+00  3.2030644517031E-01  8.7002138548522E-21  3.4791751829819E-21 -6.7374227906256E-01 -7.6771756298120E-01
 4.9048056364975E+00  5.3991318607477E-02  1.0745391310667E+00 -1.2398399040902E+00  2.9954665527625E-01  1.0664540484889E-20  2.4064059855502E-21 -6.2042514687548E-01 -6.9197949387769E-01
 5.4545454545455E+00  5.3359297010253E-02  9.6411347987122E-01 -1.1083813205143E+00  2.7608668197444E-01  3.5606039687897E-21  3.4060622585151E-21 -5.6416448694185E-01 -6.1613515866292E-01
 6.0795542687962E+00  5.0807942901003E-02  8.5220698975462E-01 -9.7622289389412E-01  2.4999106760386E-01 -8.3667957069843E-22  5.6062115647722E-21 -5.0526656331656E-01 -5.4092192021370E-01
 6.7934463423832E+00  4.6361399778027E-02  7.4006107081489E-01 -8.4483781887925E-01  2.2146137424924E-01 -3.6224277721678E-21 -2.6691078676051E-21 -4.4426343101976E-01 -4.6717613759377E-01
 7.6129002726496E+00  4.0166286469389E-02  6.2916930868785E-01 -7.1599630667180E-01  1.9094433617332E-01 -1.8236592915737E-21 -6.5764035010155E-21 -3.8193399888802E-01 -3.9582448707735E-01
 8.5584611558500E+00  3.2564554669772E-02  5.2134534750820E-01 -5.9174759358278E-01  1.5913740573720E-01  8.3680001666515E-21 -1.3841865502156E-22 -3.1938881712386E-01 -3.2785741717913E-01
 9.6555688906727E+00  2.4086265292439E-02  4.1868805258091E-01 -4.7439569120869E-01  1.2706987063151E-01  1.7867374449779E-21  6.4756537454715E-21 -2.5806665109742E-01 -2.6430043825032E-01
 1.0935870685435E+01  1.5471721689722E-02  3.2353738899551E-01 -3.6639974350769E-01  9.6044448224278E-02  3.6617487207395E-21 -2.7021230968129E-21 -1.9975503246259E-01 -2.0616961871663E-01
 1.2438879256439E+01  7.5727808899851E-03  2.3831414141269E-01 -2.7023379139855E-01  6.7597082516927E-02  6.7480019746867E-22 -2.3070803120050E-21 -1.4646136005196E-01 -1.5442700262921E-01
 1.4214025594877E+01  1.2458590455196E-03  1.6529667025015E-01 -1.8813177828177E-01  4.3251891680664E-02 -5.5986352430812E-21  1.3913050917830E-21 -1.0023603695448E-01 -1.0991900943950E-01
 1.6323103064291E+01 -2.8925373617470E-03  1.0624325985876E-01 -1.2176338574173E-01  2.4258151302921E-02  2.8267852218599E-21 -7.1944445429931E-21 -6.2788882269766E-02 -7.3301966114798E-02
 1.8842958547214E+01 -4.6571907893494E-03  6.1968975591757E-02 -7.1810337032013E-02  1.1173055962687E-02 -3.2755426131532E-22  2.7454554666449E-21 -3.5078083520842E-02 -4.4921384119300E-02
 2.1867956415951E+01 -4.4553278920349E-03  3.1917589822932E-02 -3.7593786644884E-02  3.6336505760904E-03  7.0658498368564E-22 -6.8194476456279E-22 -1.6871740069183E-02 -2.4649222849337E-02
 2.5511030361867E+01 -3.1419551871798E-03  1.4024201959206E-02 -1.6893322630850E-02  3.3427447092460E-04 -1.4978181951057E-22  4.6808865726591E-22 -6.6637861140270E-03 -1.1704987178485E-02
 2.9900709274659E+01 -1.6798066246324E-03  5.0385811245362E-03 -6.2552524325658E-03 -4.7696403584126E-04  2.2780700122180E-22 -1.0076113324446E-22 -2.0196325946082E-03 -4.6107236631101E-03
 3.5168864215715E+01 -6.6403115158258E-04  1.4142812137267E-03 -1.8228608761042E-03 -3.5284572699036E-04  9.7211766708471E-22  7.2239835032142E-23 -4.2700583516806E-04 -1.4350955464698E-03
 4.1419695291531E+01 -1.9002912978451E-04  2.9776332388109E-04 -4.0244261578729E-04 -1.2935660300260E-04 -1.9819541600966E-22 -1.0932901702983E-22 -5.1054941439978E-05 -3.3780119571222E-04
 4.8665626607709E+01 -3.7083697634157E-05  4.7610433664120E-05 -6.6577711685589E-05 -3.1373513090135E-05 -2.1081482857432E-22 -5.8201338049518E-22 -2.2821474112844E-06 -5.8772545163233E-05
 5.6716111653915E+01 -6.3331666006676E-06  5.9541281607984E-06 -9.1319341817613E-06 -3.8910911286467E-06  2.6271833346091E-22 -2.8688068582675E-23  1.0512585075388E-06 -8.2796822572919E-06
 6.5027225430406E+01 -8.4803994629515E-08  1.0657683364464E-06 -1.0953406615497E-06 -1.4708411288220E-06 -3.5096579155895E-22  4.9087182428853E-24 -5.0738177487260E-07 -8.8700857903095E-07
 7.2587189964099E+01 -5.3663314538203E-07 -1.5624469063779E-08 -2.7754767507932E-07  4.5961054551297E-07  1.0322076391634E-22 -1.8417511783785E-22  3.7115260565245E-07 -2.6600740070829E-07
 7.8010805313165E+01  7.7949022372913E-07  3.1378878950854E-07  2.9681080664727E-08 -1.0716099586579E-06  8.8204059129920E-23 -6.3236871806425E-22 -6.9078517861154E-07  1.8465439099249E-07
 8.0000000000000E+01  0.0000000000000E+00  0.0000000000000E+00  0.0000000000000E+00  0.0000000000000E+00  0.0000000000000E+00  0.0000000000000E+00  0.0000000000000E+00  0.0000000000000E+00
