#  1.0000000000000E+00  0.0000000000000E+00  2.3181424059429E-01 -6.4182155740488E-03  8.0000000000000E-02
 0.0000000000000E+00  6.8372528157678E-16 -9.9070397942758E-16  2.4558295828064E-15 -1.1162861740029E-15  2.6626157689329E-34  2.1119384167217E-33 -1.0709502003527E+00 -1.4345702040769E+00
 1.2134956257652E-03 -3.5611801209991E-02 -3.4765714133170E-02 -5.2300665902523E-06  8.7239216220256E-06  6.0428640688407E-21  2.3022715459125E-20 -1.0709541096691E+00 -1.4345662488236E+00
 4.8598042576750E-03 -1.3951769467313E-01 -1.3938100239065E-01 -7.2242971207430E-05  9.4591627372295E-05  2.8077034319935E-20  7.6836787148013E-20 -1.0709784967481E+00 -1.4345372137358E+00
 1.0956449776219E-02 -3.0310451981791E-01 -3.1456425067492E-01 -3.6956920376069E-04  4.7323572355683E-04  6.0977056968839E-20  1.8065680142497E-19 -1.0710144184535E+00 -1.4344919725017E+00
 1.9532835037547E-02 -5.1260806320863E-01 -5.6076845922579E-01 -1.1783802393896E-03  1.4502652419407E-03  1.1434694368218E-19  3.0829731114570E-19 -1.0710707397022E+00 -1.4344330918292E+00
 3.0630539981632E-02 -7.5002525230792E-01 -8.7720811149233E-01 -2.9132630405203E-03  3.4298922195214E-03  1.7713439788630E-19  4.9706077964160E-19 -1.0711407322320E+00 -1.4343669363940E+00
 4.4303746127476E-02 -9.9440927588800E-01 -1.2607658134233E+00 -6.1170730587785E-03  6.8244731778933E-03  2.7397884682379E-19  6.9378418860460E-19 -1.0712339302989E+00 -1.4342993242902E+00
 6.0619794820640E-02 -1.2235335663728E+00 -1.7050159593792E+00 -1.1472304949720E-02  1.2044374106588E-02  3.8537090798367E-19  9.6704457049015E-19 -1.0713441384907E+00 -1.4342400462571E+00
 7.9659889028125E-02 -1.4158245590043E+00 -2.1996008172184E+00 -1.9777850547057E-02  1.9397435506634E-02  5.6298187193995E-19  1.2182277671485E-18 -1.0714811552253E+00 -1.4341984764851E+00
 1.0151995116565E-01 -1.5524259011702E+00 -2.7301798839131E+00 -3.1935328203402E-02  2.9080240971346E-02  7.7810367674909E-19  1.5577615043796E-18 -1.0716385681032E+00 -1.4341879666497E+00
 1.2631165246940E-01 -1.6191408253407E+00 -3.2790607018275E+00 -4.8898287578284E-02  4.1092697933696E-02  1.1232717754297E-18  1.8169308323179E-18 -1.0718252337443E+00 -1.4342212221420E+00
 1.5416363287784E-01 -1.6080169712219E+00 -3.8265346970848E+00 -7.1633938889717E-02  5.5258750307396E-02  1.5586932320440E-18  2.1506617482019E-18 -1.0720327509070E+00 -1.4343143133220E+00
 1.8522293437556E-01 -1.5182868645637E+00 -4.3527324764928E+00 -1.0105740849219E-01  7.1182953402469E-02  2.2274453988521E-18  2.2806700414084E-18 -1.0722666188951E+00 -1.4344814833579E+00
 2.1965667539691E-01 -1.3565252291555E+00 -4.8397353077943E+00 -1.3799339988108E-01  8.8321578229639E-02  3.0626899021203E-18  2.3905272894552E-18 -1.0725133330851E+00 -1.4347383629807E+00
 2.5765399934730E-01 -1.1359485419952E+00 -5.2734810116110E+00 -1.8312819605343E-01  1.0599124417305E-01  4.2397831884327E-18  2.0262447822466E-18 -1.0727712088884E+00 -1.4350957074116E+00
 2.9942833676086E-01 -8.7501210706845E-01 -5.6450721162865E+00 -2.3700516101790E-01  1.2348663744202E-01  5.5922834648115E-18  1.3603382520895E-18 -1.0730171000074E+00 -1.4355612184697E+00
 3.4522002830748E-01 -5.9552830217497E-01 -5.9510312633067E+00 -3.0001952127473E-01  1.4012330609967E-01  7.2142142920944E-18 -3.1517724159559E-19 -1.0732368971431E+00 -1.4361314953251E+00
 3.9529936507288E-01 -3.2062473122439E-01 -6.1923469915942E+00 -3.7245338792932E-01  1.5537320312294E-01  8.6150170913051E-18 -2.8367190733946E-18 -1.0733918266699E+00 -1.4367916084676E+00
 4.4997011361895E-01 -7.2731733526345E-02 -6.3722499759193E+00 -4.5449028928820E-01  1.6890689340020E-01  9.4958863342230E-18 -7.0921138983340E-18 -1.0734484954454E+00 -1.4375042180087E+00
 5.0957360672842E-01  1.2839204417710E-01 -6.4931577679340E+00 -5.4623444804797E-01  1.8070966122045E-01  8.6265102441856E-18 -1.2552864579618E-17 -1.0733444626378E+00 -1.4382056490252E+00
 5.7449349700374E-01  2.6780257447690E-01 -6.5534387693834E+00 -6.4766252987888E-01  1.9108144545053E-01  5.0048937708802E-18 -1.9528978081265E-17 -1.0730172920029E+00 -1.4387907267989E+00
 6.4516129032258E-01  3.3790827261540E-01 -6.5452455051519E+00 -7.5853709681165E-01  2.0067828175621E-01 -3.2007188004791E-18 -2.5753925487890E-17 -1.0723685402208E+00 -1.4391038720578E+00
 7.2206280043514E-01  3.4113940599519E-01 -6.4546761601031E+00 -8.7823469402628E-01  2.1039155447970E-01 -1.6346875426698E-17 -2.9284787741653E-17 -1.0712906765302E+00 -1.4389184908378E+00
 8.0574569584327E-01  2.9159479358497E-01 -6.2653767036714E+00 -1.0055739751493E+00  2.2122017131568E-01 -3.3605539110368E-17 -2.5028117884881E-17 -1.0696282153086E+00 -1.4379229912042E+00
 8.9682834696002E-01  2.1347751703832E-01 -5.9649910652917E+00 -1.1386658664242E+00  2.3396741352291E-01 -4.9532048523308E-17 -1.0598008643399E-17 -1.0672016367514E+00 -1.4356967795717E+00
 9.9601022724332E-01  1.3461352481402E-01 -5.5516855628415E+00 -1.2749145889475E+00  2.4901241606507E-01 -5.6311376812096E-17  1.4754905635454E-17 -1.0637661221885E+00 -1.4316968826255E+00
 1.1040841788897E+00  7.6119895821553E-02 -5.0358886931337E+00 -1.4111324209199E+00  2.6611500731048E-01 -4.5309781049745E-17  4.1407251851408E-17 -1.0590356025204E+00 -1.4252413851957E+00
 1.2219509248095E+00  4.4036192167284E-02 -4.4346144270471E+00 -1.5437147579906E+00  2.8455200983234E-01 -1.7525012030598E-17  5.6260890977530E-17 -1.0526460138917E+00 -1.4155140334203E+00
 1.3506362979409E+00  2.9885542378885E-02 -3.7620542263684E+00 -1.6686404110580E+00  3.0337699564270E-01  1.4530424400590E-17  4.6348584774015E-17 -1.0441904529144E+00 -1.4015800036388E+00
 1.4913117716510E+00  2.0952824665929E-02 -3.0263534552149E+00 -1.7812967176703E+00  3.2175499521235E-01  3.1395099303322E-17  1.8537120941010E-17 -1.0332007643501E+00 -1.3824410387121E+00
 1.6453190177622E+00  1.0815053877894E-02 -2.2378661241179E+00 -1.8763084465056E+00  3.3896383287933E-01  2.8725637755615E-17 -9.4126963069539E-18 -1.0192082563219E+00 -1.3571208995757E+00
 1.8141994004940E+00  8.3159778719180E-04 -1.4219625615558E+00 -1.9478124339702E+00  3.5427981642902E-01  1.9374841348833E-17 -1.9610306125984E-17 -1.0017555133290E+00 -1.3248019244948E+00
 1.9997295470214E+00 -5.3959745665797E-03 -6.2385192374569E-01 -1.9902756606772E+00  3.6683012178111E-01  1.8656603196892E-17 -1.6215134472300E-17 -9.8048610737595E-01 -1.2849795650146E+00
 2.2039644338840E+00 -5.7907672409002E-03  9.7658012307070E-02 -1.9997174800542E+00  3.7573397059198E-01  2.1015057658631E-17 -3.0088974332501E-18 -9.5517019994928E-01 -1.2376125080440E+00
 2.4292898137085E+00 -8.0115681705179E-05  6.8384104203336E-01 -1.9749085502563E+00  3.8025923568347E-01  1.4115953551887E-17  1.2713372859690E-17 -9.2577430793466E-01 -1.1831875060926E+00
 2.6784863059733E+00  1.0432002017534E-02  1.0936936906916E+00 -1.9181335544612E+00  3.8005673783221E-01 -6.3263801074936E-18  2.4329923925122E-17 -8.9242006518548E-01 -1.1226595722745E+00
 2.9548081253617E+00  2.3054714231141E-02  1.3199508683587E+00 -1.8349128447760E+00  3.7521539980475E-01 -1.9880583765760E-17  2.0547207659000E-17 -8.5535326744516E-01 -1.0572437219026E+00
 3.2620802702989E+00  3.4778641352816E-02  1.3924795225271E+00 -1.7325252216638E+00  3.6624602342311E-01 -1.2736937325655E-17  7.4111800281732E-18 -8.1481362567684E-01 -9.8815232846803E-01
 3.6048191074170E+00  4.3688070314783E-02  1.3634376282957E+00 -1.6178648185703E+00  3.5379549116097E-01 -9.0175352835060E-18 -1.9094948191453E-18 -7.7098626248599E-01 -9.1638983604665E-01
 3.9883827509977E+00  4.9476011360111E-02  1.2828051077312E+00 -1.4958834847443E+00  3.3840335734924E-01 -7.0819804566459E-18  3.6147954620852E-17 -7.2394753362983E-01 -8.4271247887532E-01
 4.4191595630774E+00  5.2742109203708E-02  1.1820863287292E+00 -1.3693766903500E+00  3.2030644517030E-01  4.2587394878693E-17  3.3227280410128E-17 -6.7374227906255E-01 -7.6771756298121E-01
 4.9048056364975E+00  5.3991318607467E-02  1.0745391310667E+00 -1.2398399040902E+00  2.9954665527625E-01  4.7944700801031E-17 -6.5857609476518E-18 -6.2042514687547E-01 -6.9197949387769E-01
 5.4545454545455E+00  5.3359297010248E-02  9.6411347987123E-01 -1.1083813205143E+00  2.7608668197444E-01 -7.7893481599540E-18  3.3149114063813E-17 -5.6416448694185E-01 -6.1613515866292E-01
 6.0795542687962E+00  5.0807942900996E-02  8.5220698975462E-01 -9.7622289389412E-01  2.4999106760385E-01 -2.6007849358063E-18  2.6973946206210E-17 -5.0526656331656E-01 -5.4092192021370E-01
 6.7934463423832E+00  4.6361399778024E-02  7.4006107081489E-01 -8.4483781887925E-01  2.2146137424924E-01 -1.4854628281946E-17 -1.9337547500555E-17 -4.4426343101976E-01 -4.6717613759377E-01
 7.6129002726496E+00  4.0166286469388E-02  6.2916930868785E-01 -7.1599630667180E-01  1.9094433617332E-01 -6.1507686330955E-18 -2.8952525222709E-17 -3.8193399888802E-01 -3.9582448707735E-01
 8.5584611558500E+00  3.2564554669771E-02  5.2134534750820E-01 -5.9174759358278E-01  1.5913740573720E-01  4.1897764074297E-17  8.2412313095388E-18 -3.1938881712386E-01 -3.2785741717914E-01
 9.6555688906727E+00  2.4086265292439E-02  4.1868805258091E-01 -4.7439569120869E-01  1.2706987063151E-01 -8.5101200687071E-18  3.4640281965636E-17 -2.5806665109742E-01 -2.6430043825032E-01
 1.0935870685435E+01  1.5471721689721E-02  3.2353738899551E-01 -3.6639974350769E-01  9.6044448224277E-02  1.7984725803339E-17 -7.3413263780177E-18 -1.9975503246259E-01 -2.0616961871663E-01
 1.2438879256439E+01  7.5727808899843E-03  2.3831414141269E-01 -2.7023379139855E-01  6.7597082516927E-02  6.6948516939313E-18 -8.4051636757347E-18 -1.4646136005196E-01 -1.5442700262921E-01
 1.4214025594877E+01  1.2458590455189E-03  1.6529667025015E-01 -1.8813177828177E-01  4.3251891680664E-02 -2.3419539033712E-17 -5.5447256924741E-19 -1.0023603695448E-01 -1.0991900943950E-01
 1.6323103064291E+01 -2.8925373617469E-03  1.0624325985876E-01 -1.2176338574173E-01  2.4258151302921E-02  2.2570514039545E-17 -2.3715179759563E-17 -6.2788882269766E-02 -7.3301966114798E-02
 1.8842958547214E+01 -4.6571907893498E-03  6.1968975591758E-02 -7.1810337032014E-02  1.1173055962687E-02 -5.8517601870512E-18  1.1001312593612E-17 -3.5078083520843E-02 -4.4921384119301E-02
 2.1867956415951E+01 -4.4553278920350E-03  3.1917589822932E-02 -3.7593786644884E-02  3.6336505760902E-03  3.6281493785277E-18 -2.0616009408519E-18 -1.6871740069183E-02 -2.4649222849338E-02
 2.5511030361867E+01 -3.1419551871799E-03  1.4024201959207E-02 -1.6893322630850E-02  3.3427447092442E-04 -1.3288935210770E-18  1.7762650956236E-18 -6.6637861140269E-03 -1.1704987178485E-02
 2.9900709274659E+01 -1.6798066246324E-03  5.0385811245361E-03 -6.2552524325660E-03 -4.7696403584141E-04  9.3916128949170E-19 -1.9182502525115E-19 -2.0196325946081E-03 -4.6107236631101E-03
 3.5168864215715E+01 -6.6403115158274E-04  1.4142812137269E-03 -1.8228608761043E-03 -3.5284572699045E-04  3.2503831517799E-18  1.9784483809106E-18 -4.2700583516808E-04 -1.4350955464700E-03
 4.1419695291531E+01 -1.9002912978456E-04  2.9776332388115E-04 -4.0244261578734E-04 -1.2935660300260E-04 -5.1483864481032E-19 -7.8148301244415E-19 -5.1054941439956E-05 -3.3780119571227E-04
 4.8665626607709E+01 -3.7083697634224E-05  4.7610433664194E-05 -6.6577711685551E-05 -3.1373513090124E-05  2.2782242425070E-19 -2.2924521780062E-18 -2.2821474113296E-06 -5.8772545163315E-05
 5.6716111653915E+01 -6.3331666006813E-06  5.9541281607170E-06 -9.1319341817208E-06 -3.8910911286570E-06  9.6267728775436E-19  2.9278934127645E-19  1.0512585075633E-06 -8.2796822572924E-06
 6.5027225430406E+01 -8.4803994632924E-08  1.0657683364224E-06 -1.0953406615626E-06 -1.4708411288275E-06 -1.2256183628160E-18 -5.2504469226672E-19 -5.0738177485399E-07 -8.8700857903172E-07
 7.2587189964099E+01 -5.3663314537923E-07 -1.5624469102545E-08 -2.7754767509448E-07  4.5961054550730E-07  6.6955216106169E-19 -4.8209612263010E-19  3.7115260566854E-07 -2.6600740069149E-07
 7.8010805313165E+01  7.7949022374767E-07  3.1378878954521E-07  2.9681080654721E-08 -1.0716099586509E-06  1.3275081455796E-18 -2.0662041929197E-18 -6.9078517861002E-07  1.8465439099078E-07
 8.0000000000000E+01  0.0000000000000E+00  0.0000000000000E+00  0.0000000000000E+00  0.0000000000000E+00  0.0000000000000E+00  0.0000000000000E+00  0.0000000000000E+00  0.0000000000000E+00
