#  1.0000000000000E+00  0.0000000000000E+00  2.3181424059429E-01 -6.4182155740491E-03  8.0000000000000E-02
 0.0000000000000E+00 -3.6279300655094E-16 -5.5744540814270E-15  1.1162861740029E-15 -1.3395434088035E-15  3.2715378410894E-34 -5.2193320470559E-35 -1.0709502003527E+00 -1.4345702040769E+00
 1.2134956257652E-03 -3.5611801209992E-02 -3.4765714133174E-02 -5.2300665921821E-06  8.7239216211345E-06  1.9019481952974E-21 -3.1561235648114E-21 -1.0709541096692E+00 -1.4345662488236E+00
 4.8598042576750E-03 -1.3951769467314E-01 -1.3938100239066E-01 -7.2242971208649E-05  9.4591627371838E-05  7.0810029532310E-21 -9.6225946640569E-21 -1.0709784967481E+00 -1.4345372137358E+00
 1.0956449776219E-02 -3.0310451981791E-01 -3.1456425067492E-01 -3.6956920376264E-04  4.7323572355662E-04  1.6307260717821E-20 -2.3256592470883E-20 -1.0710144184536E+00 -1.4344919725017E+00
 1.9532835037547E-02 -5.1260806320863E-01 -5.6076845922579E-01 -1.1783802393912E-03  1.4502652419407E-03  2.8268827947202E-20 -3.8811327554965E-20 -1.0710707397022E+00 -1.4344330918292E+00
 3.0630539981632E-02 -7.5002525230793E-01 -8.7720811149233E-01 -2.9132630405222E-03  3.4298922195214E-03  4.4726938519355E-20 -6.4317990749467E-20 -1.0711407322320E+00 -1.4343669363940E+00
 4.4303746127476E-02 -9.9440927588800E-01 -1.2607658134233E+00 -6.1170730587799E-03  6.8244731778938E-03  6.2231905200109E-20 -8.9341484134014E-20 -1.0712339302989E+00 -1.4342993242902E+00
 6.0619794820640E-02 -1.2235335663728E+00 -1.7050159593792E+00 -1.1472304949722E-02  1.2044374106588E-02  8.3968862783392E-20 -1.2966102221000E-19 -1.0713441384907E+00 -1.4342400462571E+00
 7.9659889028125E-02 -1.4158245590044E+00 -2.1996008172184E+00 -1.9777850547059E-02  1.9397435506634E-02  1.0252513711261E-19 -1.6673455370121E-19 -1.0714811552253E+00 -1.4341984764851E+00
 1.0151995116565E-01 -1.5524259011702E+00 -2.7301798839131E+00 -3.1935328203404E-02  2.9080240971346E-02  1.2244743781652E-19 -2.2779521517246E-19 -1.0716385681032E+00 -1.4341879666497E+00
 1.2631165246940E-01 -1.6191408253407E+00 -3.2790607018275E+00 -4.8898287578286E-02  4.1092697933697E-02  1.2970936441226E-19 -2.8283799408195E-19 -1.0718252337443E+00 -1.4342212221420E+00
 1.5416363287784E-01 -1.6080169712219E+00 -3.8265346970848E+00 -7.1633938889718E-02  5.5258750307397E-02  1.2925592113182E-19 -3.7368037510279E-19 -1.0720327509070E+00 -1.4343143133220E+00
 1.8522293437556E-01 -1.5182868645637E+00 -4.3527324764928E+00 -1.0105740849219E-01  7.1182953402471E-02  9.6448697224015E-20 -4.5360180846772E-19 -1.0722666188951E+00 -1.4344814833579E+00
 2.1965667539691E-01 -1.3565252291555E+00 -4.8397353077943E+00 -1.3799339988108E-01  8.8321578229641E-02  3.4517625450822E-20 -5.7929211302580E-19 -1.0725133330851E+00 -1.4347383629807E+00
 2.5765399934730E-01 -1.1359485419952E+00 -5.2734810116110E+00 -1.8312819605343E-01  1.0599124417305E-01 -9.6683309397543E-20 -6.7639284060169E-19 -1.0727712088884E+00 -1.4350957074116E+00
 2.9942833676086E-01 -8.7501210706846E-01 -5.6450721162865E+00 -2.3700516101790E-01  1.2348663744203E-01 -2.9635695012204E-19 -8.0863949728657E-19 -1.0730171000074E+00 -1.4355612184697E+00
 3.4522002830748E-01 -5.9552830217499E-01 -5.9510312633067E+00 -3.0001952127473E-01  1.4012330609967E-01 -6.1930895292505E-19 -8.5056365006526E-19 -1.0732368971431E+00 -1.4361314953251E+00
 3.9529936507288E-01 -3.2062473122441E-01 -6.1923469915942E+00 -3.7245338792932E-01  1.5537320312295E-01 -1.0520740504215E-18 -8.5072221205890E-19 -1.0733918266699E+00 -1.4367916084676E+00
 4.4997011361895E-01 -7.2731733526374E-02 -6.3722499759193E+00 -4.5449028928820E-01  1.6890689340020E-01 -1.6312543708313E-18 -5.9586393398800E-19 -1.0734484954454E+00 -1.4375042180087E+00
 5.0957360672842E-01  1.2839204417707E-01 -6.4931577679340E+00 -5.4623444804797E-01  1.8070966122045E-01 -2.2586730659222E-18 -1.0035778928794E-19 -1.0733444626378E+00 -1.4382056490252E+00
 5.7449349700374E-01  2.6780257447686E-01 -6.5534387693835E+00 -6.4766252987888E-01  1.9108144545054E-01 -2.8381565391412E-18  9.2946304948577E-19 -1.0730172920029E+00 -1.4387907267989E+00
 6.4516129032258E-01  3.3790827261537E-01 -6.5452455051519E+00 -7.5853709681164E-01  2.0067828175622E-01 -3.0288392663526E-18  2.4023858876610E-18 -1.0723685402208E+00 -1.4391038720578E+00
 7.2206280043514E-01  3.4113940599516E-01 -6.4546761601031E+00 -8.7823469402628E-01  2.1039155447970E-01 -2.4729152481051E-18  4.4284771636336E-18 -1.0712906765302E+00 -1.4389184908378E+00
 8.0574569584327E-01  2.9159479358494E-01 -6.2653767036715E+00 -1.0055739751493E+00  2.2122017131569E-01 -6.3951925668441E-19  6.3531936443464E-18 -1.0696282153086E+00 -1.4379229912042E+00
 8.9682834696002E-01  2.1347751703831E-01 -5.9649910652917E+00 -1.1386658664242E+00  2.3396741352292E-01  2.5720597820658E-18  7.5350162680061E-18 -1.0672016367514E+00 -1.4356967795717E+00
 9.9601022724332E-01  1.3461352481401E-01 -5.5516855628415E+00 -1.2749145889475E+00  2.4901241606507E-01  6.6784120328540E-18  6.5318888398648E-18 -1.0637661221885E+00 -1.4316968826255E+00
 1.1040841788897E+00  7.6119895821546E-02 -5.0358886931337E+00 -1.4111324209199E+00  2.6611500731049E-01  9.8770645785953E-18  2.9430707242152E-18 -1.0590356025204E+00 -1.4252413851957E+00
 1.2219509248095E+00  4.4036192167278E-02 -4.4346144270471E+00 -1.5437147579906E+00  2.8455200983234E-01  9.9420590222413E-18 -2.6624702171227E-18 -1.0526460138917E+00 -1.4155140334203E+00
 1.3506362979409E+00  2.9885542378881E-02 -3.7620542263684E+00 -1.6686404110580E+00  3.0337699564271E-01  5.5419585990299E-18 -6.9068276647952E-18 -1.0441904529144E+00 -1.4015800036388E+00
 1.4913117716510E+00  2.0952824665928E-02 -3.0263534552149E+00 -1.7812967176704E+00  3.2175499521236E-01 -1.2523116362785E-18 -6.9052435809283E-18 -1.0332007643501E+00 -1.3824410387121E+00
 1.6453190177622E+00  1.0815053877895E-02 -2.2378661241179E+00 -1.8763084465056E+00  3.3896383287933E-01 -6.3152651392322E-18 -2.1458834953572E-18 -1.0192082563219E+00 -1.3571208995757E+00
 1.8141994004940E+00  8.3159778719224E-04 -1.4219625615558E+00 -1.9478124339702E+00  3.5427981642903E-01 -7.1075629526499E-18  2.6571764121482E-18 -1.0017555133290E+00 -1.3248019244948E+00
 1.9997295470214E+00 -5.3959745665704E-03 -6.2385192374569E-01 -1.9902756606772E+00  3.6683012178112E-01 -5.7923701173603E-18  3.9623319924462E-18 -9.8048610737596E-01 -1.2849795650146E+00
 2.2039644338840E+00 -5.7907672408774E-03  9.7658012307079E-02 -1.9997174800542E+00  3.7573397059198E-01 -4.5962024035051E-18  1.2210044506802E-18 -9.5517019994929E-01 -1.2376125080440E+00
 2.4292898137085E+00 -8.0115681703366E-05  6.8384104203337E-01 -1.9749085502563E+00  3.8025923568347E-01 -2.9767003454002E-18 -2.2370970714896E-18 -9.2577430793467E-01 -1.1831875060926E+00
 2.6784863059733E+00  1.0432002017539E-02  1.0936936906916E+00 -1.9181335544612E+00  3.8005673783221E-01  2.4428907367274E-19 -4.9182982048368E-18 -8.9242006518549E-01 -1.1226595722745E+00
 2.9548081253617E+00  2.3054714231148E-02  1.3199508683587E+00 -1.8349128447760E+00  3.7521539980476E-01  2.6556741752978E-18 -4.6553119224091E-18 -8.5535326744516E-01 -1.0572437219026E+00
 3.2620802702989E+00  3.4778641352831E-02  1.3924795225271E+00 -1.7325252216638E+00  3.6624602342312E-01  2.2214419750477E-18 -2.6731459450012E-18 -8.1481362567684E-01 -9.8815232846803E-01
 3.6048191074170E+00  4.3688070314789E-02  1.3634376282957E+00 -1.6178648185703E+00  3.5379549116097E-01  1.0386776875876E-18 -1.3972042239262E-18 -7.7098626248599E-01 -9.1638983604666E-01
 3.9883827509977E+00  4.9476011360109E-02  1.2828051077312E+00 -1.4958834847443E+00  3.3840335734925E-01 -1.0298390067276E-18 -6.5759047669005E-18 -7.2394753362984E-01 -8.4271247887532E-01
 4.4191595630774E+00  5.2742109203709E-02  1.1820863287292E+00 -1.3693766903500E+00  3.2030644517031E-01 -1.0057075970613E-17 -4.4333833616742E-18 -6.7374227906256E-01 -7.6771756298121E-01
 4.9048056364975E+00  5.3991318607475E-02  1.0745391310667E+00 -1.2398399040902E+00  2.9954665527625E-01 -1.0682792631150E-17  2.4156606489408E-18 -6.2042514687547E-01 -6.9197949387769E-01
 5.4545454545455E+00  5.3359297010254E-02  9.6411347987122E-01 -1.1083813205143E+00  2.7608668197444E-01 -6.3491620725153E-19 -6.1728035635519E-18 -5.6416448694185E-01 -6.1613515866292E-01
 6.0795542687962E+00  5.0807942900997E-02  8.5220698975462E-01 -9.7622289389412E-01  2.4999106760385E-01 -7.1519341600435E-19 -6.2018070908861E-18 -5.0526656331656E-01 -5.4092192021370E-01
 6.7934463423832E+00  4.6361399778025E-02  7.4006107081489E-01 -8.4483781887925E-01  2.2146137424924E-01  4.1923579356155E-18  3.2053383391490E-18 -4.4426343101976E-01 -4.6717613759377E-01
 7.6129002726496E+00  4.0166286469387E-02  6.2916930868785E-01 -7.1599630667180E-01  1.9094433617332E-01  2.8277064658558E-18  5.9950473024677E-18 -3.8193399888802E-01 -3.9582448707735E-01
 8.5584611558500E+00  3.2564554669772E-02  5.2134534750820E-01 -5.9174759358278E-01  1.5913740573720E-01 -9.2577635897282E-18  5.9131546995050E-19 -3.1938881712386E-01 -3.2785741717914E-01
 9.6555688906727E+00  2.4086265292438E-02  4.1868805258091E-01 -4.7439569120869E-01  1.2706987063150E-01 -5.4783243804361E-19 -7.6656907144310E-18 -2.5806665109742E-01 -2.6430043825032E-01
 1.0935870685435E+01  1.5471721689721E-02  3.2353738899551E-01 -3.6639974350769E-01  9.6044448224276E-02 -3.4513472474249E-18  2.6441444177848E-18 -1.9975503246259E-01 -2.0616961871663E-01
 1.2438879256439E+01  7.5727808899840E-03  2.3831414141269E-01 -2.7023379139855E-01  6.7597082516926E-02 -8.9296854303375E-19  2.2271600185359E-18 -1.4646136005196E-01 -1.5442700262921E-01
 1.4214025594877E+01  1.2458590455187E-03  1.6529667025015E-01 -1.8813177828177E-01  4.3251891680663E-02  5.1501436775035E-18 -1.3011506095540E-18 -1.0023603695448E-01 -1.0991900943950E-01
 1.6323103064291E+01 -2.8925373617476E-03  1.0624325985876E-01 -1.2176338574173E-01  2.4258151302921E-02 -3.3263166975330E-18  6.5762888752739E-18 -6.2788882269765E-02 -7.3301966114799E-02
 1.8842958547214E+01 -4.6571907893501E-03  6.1968975591758E-02 -7.1810337032014E-02  1.1173055962687E-02  5.4993179278944E-19 -2.7195068153669E-18 -3.5078083520842E-02 -4.4921384119301E-02
 2.1867956415951E+01 -4.4553278920352E-03  3.1917589822932E-02 -3.7593786644884E-02  3.6336505760899E-03 -6.6461430589553E-19  6.6225304888957E-19 -1.6871740069183E-02 -2.4649222849338E-02
 2.5511030361867E+01 -3.1419551871800E-03  1.4024201959206E-02 -1.6893322630850E-02  3.3427447092428E-04  1.7498126524995E-19 -4.6167878119079E-19 -6.6637861140269E-03 -1.1704987178485E-02
 2.9900709274659E+01 -1.6798066246324E-03  5.0385811245360E-03 -6.2552524325657E-03 -4.7696403584140E-04 -1.9732506314517E-19  9.6963715368181E-20 -2.0196325946080E-03 -4.6107236631100E-03
 3.5168864215715E+01 -6.6403115158260E-04  1.4142812137267E-03 -1.8228608761041E-03 -3.5284572699042E-04 -8.4320143323935E-19 -2.0424829455222E-19 -4.2700583516804E-04 -1.4350955464698E-03
 4.1419695291531E+01 -1.9002912978450E-04  2.9776332388105E-04 -4.0244261578735E-04 -1.2935660300256E-04  1.6390344768040E-19  1.3222047956860E-19 -5.1054941439938E-05 -3.3780119571219E-04
 4.8665626607709E+01 -3.7083697634186E-05  4.7610433664152E-05 -6.6577711685577E-05 -3.1373513090124E-05  1.0875014177521E-19  5.1990240837521E-19 -2.2821474113115E-06 -5.8772545163272E-05
 5.6716111653915E+01 -6.3331666006754E-06  5.9541281608048E-06 -9.1319341818095E-06 -3.8910911286363E-06 -2.3129933295407E-19  3.2964999777433E-23  1.0512585075575E-06 -8.2796822572928E-06
 6.5027225430406E+01 -8.4803994666145E-08  1.0657683364644E-06 -1.0953406615527E-06 -1.4708411288498E-06  3.0466125151731E-19  3.2449533382897E-20 -5.0738177488066E-07 -8.8700857908896E-07
 7.2587189964099E+01 -5.3663314536486E-07 -1.5624469095458E-08 -2.7754767512139E-07  4.5961054549869E-07 -1.1349340536467E-19  1.5044489548774E-19  3.7115260568078E-07 -2.6600740068469E-07
 7.8010805313165E+01  7.7949022370382E-07  3.1378878953735E-07  2.9681080679004E-08 -1.0716099586716E-06 -1.4942612043541E-19  5.4222794715345E-19 -6.9078517863248E-07  1.8465439095603E-07
 8.0000000000000E+01  0.0000000000000E+00  0.0000000000000E+00  0.0000000000000E+00  0.0000000000000E+00  0.0000000000000E+00  0.0000000000000E+00  0.0000000000000E+00  0.0000000000000E+00
