#  1.0000000000000E+00  0.0000000000000E+00  2.3181424059429E-01 -6.4182155740487E-03  8.0000000000000E-02
 0.0000000000000E+00 -2.0721062104929E-15  1.9674543816801E-15  3.9070016090102E-15 -1.1162861740029E-15  6.4266571571256E-38  7.0545489483390E-38 -1.0709502003527E+00 -1.4345702040769E+00
 1.2134956257652E-03 -3.5611801209993E-02 -3.4765714133168E-02 -5.2300665892129E-06  8.7239216214319E-06 -2.2641125038119E-24  8.0076311997965E-25 -1.0709541096691E+00 -1.4345662488236E+00
 4.8598042576750E-03 -1.3951769467314E-01 -1.3938100239065E-01 -7.2242971205830E-05  9.4591627371990E-05 -5.5626622128945E-24  6.4101415778502E-24 -1.0709784967481E+00 -1.4345372137358E+00
 1.0956449776219E-02 -3.0310451981791E-01 -3.1456425067492E-01 -3.6956920375983E-04  4.7323572355748E-04 -1.4513018805788E-23  1.2444923811515E-23 -1.0710144184535E+00 -1.4344919725017E+00
 1.9532835037547E-02 -5.1260806320863E-01 -5.6076845922580E-01 -1.1783802393883E-03  1.4502652419412E-03 -2.2245721511709E-23  2.5879511068775E-23 -1.0710707397022E+00 -1.4344330918292E+00
 3.0630539981632E-02 -7.5002525230793E-01 -8.7720811149234E-01 -2.9132630405194E-03  3.4298922195217E-03 -3.8840365031542E-23  3.6354121330713E-23 -1.0711407322320E+00 -1.4343669363940E+00
 4.4303746127476E-02 -9.9440927588800E-01 -1.2607658134233E+00 -6.1170730587772E-03  6.8244731778942E-03 -4.9306909159074E-23  5.9800500972630E-23 -1.0712339302989E+00 -1.4342993242902E+00
 6.0619794820640E-02 -1.2235335663728E+00 -1.7050159593793E+00 -1.1472304949719E-02  1.2044374106588E-02 -7.3393869350060E-23  7.5115842916113E-23 -1.0713441384907E+00 -1.4342400462571E+00
 7.9659889028125E-02 -1.4158245590043E+00 -2.1996008172184E+00 -1.9777850547056E-02  1.9397435506635E-02 -8.2835658016316E-23  1.1270302611416E-22 -1.0714811552253E+00 -1.4341984764851E+00
 1.0151995116565E-01 -1.5524259011702E+00 -2.7301798839131E+00 -3.1935328203402E-02  2.9080240971347E-02 -1.1103344590742E-22  1.3577859032077E-22 -1.0716385681032E+00 -1.4341879666497E+00
 1.2631165246940E-01 -1.6191408253407E+00 -3.2790607018275E+00 -4.8898287578284E-02  4.1092697933697E-02 -1.1053394746081E-22  1.9494639853843E-22 -1.0718252337443E+00 -1.4342212221421E+00
 1.5416363287784E-01 -1.6080169712219E+00 -3.8265346970849E+00 -7.1633938889717E-02  5.5258750307397E-02 -1.3182181037304E-22  2.3204499186485E-22 -1.0720327509070E+00 -1.4343143133220E+00
 1.8522293437556E-01 -1.5182868645637E+00 -4.3527324764929E+00 -1.0105740849219E-01  7.1182953402472E-02 -1.0097096652983E-22  3.2307703152149E-22 -1.0722666188951E+00 -1.4344814833579E+00
 2.1965667539691E-01 -1.3565252291555E+00 -4.8397353077944E+00 -1.3799339988108E-01  8.8321578229642E-02 -8.7937750654072E-23  3.8033523269027E-22 -1.0725133330851E+00 -1.4347383629807E+00
 2.5765399934730E-01 -1.1359485419952E+00 -5.2734810116110E+00 -1.8312819605343E-01  1.0599124417305E-01  1.6713879475550E-23  5.0740655741034E-22 -1.0727712088884E+00 -1.4350957074116E+00
 2.9942833676086E-01 -8.7501210706843E-01 -5.6450721162866E+00 -2.3700516101790E-01  1.2348663744203E-01  1.2141794915887E-22  5.7206650414902E-22 -1.0730171000074E+00 -1.4355612184697E+00
 3.4522002830748E-01 -5.9552830217495E-01 -5.9510312633067E+00 -3.0001952127474E-01  1.4012330609968E-01  3.7881326675241E-22  6.9882097681199E-22 -1.0732368971431E+00 -1.4361314953251E+00
 3.9529936507288E-01 -3.2062473122437E-01 -6.1923469915943E+00 -3.7245338792933E-01  1.5537320312295E-01  6.6542721363564E-22  6.8141117874939E-22 -1.0733918266699E+00 -1.4367916084676E+00
 4.4997011361895E-01 -7.2731733526330E-02 -6.3722499759193E+00 -4.5449028928821E-01  1.6890689340020E-01  1.1660117484427E-21  6.4326355626034E-22 -1.0734484954454E+00 -1.4375042180087E+00
 5.0957360672842E-01  1.2839204417712E-01 -6.4931577679341E+00 -5.4623444804798E-01  1.8070966122045E-01  1.6749219089475E-21  2.6067023853529E-22 -1.0733444626378E+00 -1.4382056490252E+00
 5.7449349700374E-01  2.6780257447691E-01 -6.5534387693835E+00 -6.4766252987888E-01  1.9108144545053E-01  2.3308627141961E-21 -3.5772846538134E-22 -1.0730172920029E+00 -1.4387907267989E+00
 6.4516129032258E-01  3.3790827261542E-01 -6.5452455051520E+00 -7.5853709681165E-01  2.0067828175621E-01  2.6992922989971E-21 -1.6389281620472E-21 -1.0723685402208E+00 -1.4391038720578E+00
 7.2206280043514E-01  3.4113940599521E-01 -6.4546761601031E+00 -8.7823469402629E-01  2.1039155447970E-01  2.7016434185050E-21 -3.3412041248233E-21 -1.0712906765302E+00 -1.4389184908378E+00
 8.0574569584327E-01  2.9159479358499E-01 -6.2653767036715E+00 -1.0055739751493E+00  2.2122017131568E-01  1.5270893754770E-21 -5.6767014706113E-21 -1.0696282153086E+00 -1.4379229912042E+00
 8.9682834696002E-01  2.1347751703835E-01 -5.9649910652917E+00 -1.1386658664242E+00  2.3396741352291E-01 -1.0135539746154E-21 -7.7005222561585E-21 -1.0672016367514E+00 -1.4356967795717E+00
 9.9601022724332E-01  1.3461352481405E-01 -5.5516855628415E+00 -1.2749145889475E+00  2.4901241606506E-01 -5.4805531844514E-21 -8.8063477862677E-21 -1.0637661221885E+00 -1.4316968826255E+00
 1.1040841788897E+00  7.6119895821583E-02 -5.0358886931337E+00 -1.4111324209199E+00  2.6611500731048E-01 -1.0784248282290E-20 -7.2151529621157E-21 -1.0590356025204E+00 -1.4252413851958E+00
 1.2219509248095E+00  4.4036192167308E-02 -4.4346144270471E+00 -1.5437147579907E+00  2.8455200983233E-01 -1.5558360784981E-20 -2.8304669207470E-21 -1.0526460138917E+00 -1.4155140334203E+00
 1.3506362979409E+00  2.9885542378909E-02 -3.7620542263684E+00 -1.6686404110580E+00  3.0337699564270E-01 -1.7065726880616E-20  3.7589491364309E-21 -1.0441904529144E+00 -1.4015800036388E+00
 1.4913117716510E+00  2.0952824665947E-02 -3.0263534552149E+00 -1.7812967176704E+00  3.2175499521234E-01 -1.5255059776007E-20  8.6774263323727E-21 -1.0332007643501E+00 -1.3824410387121E+00
 1.6453190177622E+00  1.0815053877906E-02 -2.2378661241179E+00 -1.8763084465056E+00  3.3896383287932E-01 -1.2188118089894E-20  9.8322808296373E-21 -1.0192082563219E+00 -1.3571208995757E+00
 1.8141994004940E+00  8.3159778719997E-04 -1.4219625615558E+00 -1.9478124339702E+00  3.5427981642902E-01 -1.2414245078970E-20  7.4174785936277E-21 -1.0017555133290E+00 -1.3248019244948E+00
 1.9997295470214E+00 -5.3959745665726E-03 -6.2385192374568E-01 -1.9902756606772E+00  3.6683012178110E-01 -1.4965261135141E-20  6.3192318512349E-21 -9.8048610737595E-01 -1.2849795650146E+00
 2.2039644338840E+00 -5.7907672409071E-03  9.7658012307089E-02 -1.9997174800542E+00  3.7573397059197E-01 -1.5692602956396E-20  6.2054262837062E-21 -9.5517019994928E-01 -1.2376125080440E+00
 2.4292898137085E+00 -8.0115681724439E-05  6.8384104203338E-01 -1.9749085502563E+00  3.8025923568346E-01 -1.1484136218871E-20  3.9707156985867E-21 -9.2577430793466E-01 -1.1831875060926E+00
 2.6784863059733E+00  1.0432002017529E-02  1.0936936906916E+00 -1.9181335544612E+00  3.8005673783220E-01 -7.2556744945200E-21 -2.3868028376100E-21 -8.9242006518548E-01 -1.1226595722745E+00
 2.9548081253617E+00  2.3054714231120E-02  1.3199508683587E+00 -1.8349128447760E+00  3.7521539980475E-01 -5.0469630043808E-21 -6.3161131449696E-21 -8.5535326744516E-01 -1.0572437219026E+00
 3.2620802702989E+00  3.4778641352826E-02  1.3924795225271E+00 -1.7325252216638E+00  3.6624602342311E-01 -5.6281360323023E-21 -6.2193990913189E-21 -8.1481362567684E-01 -9.8815232846803E-01
 3.6048191074170E+00  4.3688070314793E-02  1.3634376282957E+00 -1.6178648185703E+00  3.5379549116097E-01 -7.2748179501629E-21 -2.6468139373370E-21 -7.7098626248599E-01 -9.1638983604666E-01
 3.9883827509977E+00  4.9476011360101E-02  1.2828051077312E+00 -1.4958834847443E+00  3.3840335734924E-01 -1.2138388966024E-20  2.1908917242692E-21 -7.2394753362983E-01 -8.4271247887533E-01
 4.4191595630774E+00  5.2742109203701E-02  1.1820863287292E+00 -1.3693766903500E+00  3.2030644517030E-01 -1.7620541831439E-20  1.5018677093020E-20 -6.7374227906255E-01 -7.6771756298121E-01
 4.9048056364975E+00  5.3991318607466E-02  1.0745391310667E+00 -1.2398399040902E+00  2.9954665527625E-01 -1.6733553039658E-20  2.1187824914315E-20 -6.2042514687547E-01 -6.9197949387770E-01
 5.4545454545455E+00  5.3359297010242E-02  9.6411347987123E-01 -1.1083813205144E+00  2.7608668197444E-01 -1.1328724006184E-20  3.0117172185040E-21 -5.6416448694185E-01 -6.1613515866292E-01
 6.0795542687962E+00  5.0807942900992E-02  8.5220698975462E-01 -9.7622289389413E-01  2.4999106760385E-01 -1.1841571521237E-20 -8.1022315982415E-21 -5.0526656331656E-01 -5.4092192021370E-01
 6.7934463423832E+00  4.6361399778018E-02  7.4006107081490E-01 -8.4483781887925E-01  2.2146137424924E-01  1.0133335576427E-20 -4.8919266755277E-21 -4.4426343101975E-01 -4.6717613759377E-01
 7.6129002726496E+00  4.0166286469382E-02  6.2916930868785E-01 -7.1599630667180E-01  1.9094433617331E-01  1.6472433556190E-20  3.0997208265068E-21 -3.8193399888802E-01 -3.9582448707735E-01
 8.5584611558500E+00  3.2564554669768E-02  5.2134534750820E-01 -5.9174759358278E-01  1.5913740573720E-01 -9.2322400331586E-21  1.8727952244637E-20 -3.1938881712386E-01 -3.2785741717914E-01
 9.6555688906727E+00  2.4086265292437E-02  4.1868805258091E-01 -4.7439569120869E-01  1.2706987063150E-01 -1.6323969270786E-20 -3.9417909228959E-21 -2.5806665109742E-01 -2.6430043825032E-01
 1.0935870685435E+01  1.5471721689720E-02  3.2353738899551E-01 -3.6639974350769E-01  9.6044448224276E-02  1.7492872894414E-21  1.0985405821104E-20 -1.9975503246259E-01 -2.0616961871663E-01
 1.2438879256439E+01  7.5727808899840E-03  2.3831414141269E-01 -2.7023379139855E-01  6.7597082516927E-02  4.2294255558774E-21  4.1427139778912E-21 -1.4646136005196E-01 -1.5442700262921E-01
 1.4214025594877E+01  1.2458590455186E-03  1.6529667025015E-01 -1.8813177828177E-01  4.3251891680664E-02  3.2602708534568E-21 -1.3660241585396E-20 -1.0023603695448E-01 -1.0991900943950E-01
 1.6323103064291E+01 -2.8925373617473E-03  1.0624325985876E-01 -1.2176338574173E-01  2.4258151302921E-02  1.2268978665331E-20  1.4393471011913E-20 -6.2788882269766E-02 -7.3301966114799E-02
 1.8842958547214E+01 -4.6571907893500E-03  6.1968975591758E-02 -7.1810337032014E-02  1.1173055962687E-02 -5.5936331872983E-21 -3.8871833191701E-21 -3.5078083520842E-02 -4.4921384119301E-02
 2.1867956415951E+01 -4.4553278920352E-03  3.1917589822932E-02 -3.7593786644884E-02  3.6336505760901E-03  6.9020716198341E-22  2.2996301478660E-21 -1.6871740069183E-02 -2.4649222849338E-02
 2.5511030361867E+01 -3.1419551871801E-03  1.4024201959206E-02 -1.6893322630850E-02  3.3427447092444E-04 -8.4801935899475E-22 -8.6378727823142E-22 -6.6637861140269E-03 -1.1704987178485E-02
 2.9900709274659E+01 -1.6798066246325E-03  5.0385811245362E-03 -6.2552524325658E-03 -4.7696403584136E-04 -3.5044078194971E-23  6.0151577735413E-22 -2.0196325946081E-03 -4.6107236631101E-03
 3.5168864215715E+01 -6.6403115158264E-04  1.4142812137267E-03 -1.8228608761043E-03 -3.5284572699041E-04 -1.2820122949542E-21  1.9853818160992E-21 -4.2700583516804E-04 -1.4350955464699E-03
 4.1419695291531E+01 -1.9002912978456E-04  2.9776332388117E-04 -4.0244261578739E-04 -1.2935660300259E-04  4.6564666764329E-22 -2.9586872735867E-22 -5.1054941440006E-05 -3.3780119571226E-04
 4.8665626607709E+01 -3.7083697634198E-05  4.7610433664126E-05 -6.6577711685640E-05 -3.1373513090101E-05  1.4777961462192E-21  2.2173236132851E-22 -2.2821474113040E-06 -5.8772545163290E-05
 5.6716111653915E+01 -6.3331666006955E-06  5.9541281608444E-06 -9.1319341817138E-06 -3.8910911286690E-06 -2.3950397901540E-22  5.9300161241607E-22  1.0512585075295E-06 -8.2796822573140E-06
 6.5027225430406E+01 -8.4803994637731E-08  1.0657683364029E-06 -1.0953406615683E-06 -1.4708411288332E-06  3.9206268473665E-22 -7.5314985945088E-22 -5.0738177485132E-07 -8.8700857904231E-07
 7.2587189964099E+01 -5.3663314535844E-07 -1.5624469077412E-08 -2.7754767508065E-07  4.5961054548650E-07  2.7373554183559E-22  4.3279246299324E-22  3.7115260567545E-07 -2.6600740068024E-07
 7.8010805313165E+01  7.7949022371024E-07  3.1378878949295E-07  2.9681080614125E-08 -1.0716099586449E-06  1.2462094583102E-21  9.1551014122373E-22 -6.9078517861262E-07  1.8465439097451E-07
 8.0000000000000E+01  0.0000000000000E+00  0.0000000000000E+00  0.0000000000000E+00  0.0000000000000E+00  0.0000000000000E+00  0.0000000000000E+00  0.0000000000000E+00  0.0000000000000E+00
