#  1.0000000000000E+00  0.0000000000000E+00  2.3181424059429E-01 -6.4182155740490E-03  8.0000000000000E-02
 0.0000000000000E+00 -1.5907077979541E-15 -1.9535008045051E-16  1.1162861740029E-15 -6.6977170440174E-16 -6.1128590007638E-35  3.4228228279606E-35 -1.0709502003527E+00 -1.4345702040769E+00
 1.2134956257652E-03 -3.5611801209993E-02 -3.4765714133169E-02 -5.2300665918112E-06  8.7239216224707E-06 -2.3000809847365E-22  2.0967428932443E-22 -1.0709541096691E+00 -1.4345662488236E+00
 4.8598042576750E-03 -1.3951769467314E-01 -1.3938100239065E-01 -7.2242971208497E-05  9.4591627372752E-05 -1.1579337467896E-21  4.9793902321122E-22 -1.0709784967481E+00 -1.4345372137358E+00
 1.0956449776219E-02 -3.0310451981791E-01 -3.1456425067492E-01 -3.6956920376210E-04  4.7323572355791E-04 -2.4863594607731E-21  1.3157947369629E-21 -1.0710144184535E+00 -1.4344919725017E+00
 1.9532835037547E-02 -5.1260806320863E-01 -5.6076845922579E-01 -1.1783802393907E-03  1.4502652419418E-03 -4.6434881686192E-21  2.0226998888181E-21 -1.0710707397022E+00 -1.4344330918292E+00
 3.0630539981632E-02 -7.5002525230792E-01 -8.7720811149233E-01 -2.9132630405215E-03  3.4298922195224E-03 -7.0060778169582E-21  3.6250426315594E-21 -1.0711407322320E+00 -1.4343669363940E+00
 4.4303746127476E-02 -9.9440927588800E-01 -1.2607658134233E+00 -6.1170730587797E-03  6.8244731778948E-03 -1.0427971804954E-20  4.7996409759623E-21 -1.0712339302989E+00 -1.4342993242902E+00
 6.0619794820640E-02 -1.2235335663728E+00 -1.7050159593792E+00 -1.1472304949722E-02  1.2044374106590E-02 -1.3666949433739E-20  7.5984427686608E-21 -1.0713441384907E+00 -1.4342400462571E+00
 7.9659889028125E-02 -1.4158245590043E+00 -2.1996008172184E+00 -1.9777850547059E-02  1.9397435506636E-02 -1.8212651516941E-20  9.6509096682218E-21 -1.0714811552253E+00 -1.4341984764851E+00
 1.0151995116565E-01 -1.5524259011702E+00 -2.7301798839131E+00 -3.1935328203404E-02  2.9080240971348E-02 -2.1851848787293E-20  1.4593287156425E-20 -1.0716385681032E+00 -1.4341879666497E+00
 1.2631165246940E-01 -1.6191408253407E+00 -3.2790607018275E+00 -4.8898287578286E-02  4.1092697933698E-02 -2.6849358681064E-20  1.8632459102155E-20 -1.0718252337443E+00 -1.4342212221420E+00
 1.5416363287784E-01 -1.6080169712219E+00 -3.8265346970848E+00 -7.1633938889719E-02  5.5258750307399E-02 -2.9526598587539E-20  2.7539916611134E-20 -1.0720327509070E+00 -1.4343143133220E+00
 1.8522293437556E-01 -1.5182868645637E+00 -4.3527324764928E+00 -1.0105740849219E-01  7.1182953402472E-02 -3.2880058366608E-20  3.5603834456733E-20 -1.0722666188951E+00 -1.4344814833579E+00
 2.1965667539691E-01 -1.3565252291555E+00 -4.8397353077943E+00 -1.3799339988108E-01  8.8321578229643E-02 -3.0976204661907E-20  5.1110717387360E-20 -1.0725133330851E+00 -1.4347383629807E+00
 2.5765399934730E-01 -1.1359485419952E+00 -5.2734810116110E+00 -1.8312819605343E-01  1.0599124417305E-01 -2.7169936265088E-20  6.5442063696391E-20 -1.0727712088884E+00 -1.4350957074116E+00
 2.9942833676086E-01 -8.7501210706846E-01 -5.6450721162865E+00 -2.3700516101790E-01  1.2348663744203E-01 -1.2121862090164E-20  8.9008157091163E-20 -1.0730171000074E+00 -1.4355612184697E+00
 3.4522002830748E-01 -5.9552830217498E-01 -5.9510312633066E+00 -3.0001952127473E-01  1.4012330609967E-01  1.0918606276855E-20  1.0782078719428E-19 -1.0732368971431E+00 -1.4361314953251E+00
 3.9529936507288E-01 -3.2062473122440E-01 -6.1923469915942E+00 -3.7245338792932E-01  1.5537320312295E-01  5.5276784920493E-20  1.3192080001797E-19 -1.0733918266699E+00 -1.4367916084676E+00
 4.4997011361895E-01 -7.2731733526366E-02 -6.3722499759192E+00 -4.5449028928820E-01  1.6890689340020E-01  1.1604147587599E-19  1.3650815085234E-19 -1.0734484954454E+00 -1.4375042180087E+00
 5.0957360672842E-01  1.2839204417708E-01 -6.4931577679340E+00 -5.4623444804797E-01  1.8070966122045E-01  2.0593261093605E-19  1.2597613698247E-19 -1.0733444626378E+00 -1.4382056490252E+00
 5.7449349700374E-01  2.6780257447687E-01 -6.5534387693834E+00 -6.4766252987888E-01  1.9108144545053E-01  3.0678699799288E-19  5.8588563587729E-20 -1.0730172920029E+00 -1.4387907267989E+00
 6.4516129032258E-01  3.3790827261538E-01 -6.5452455051519E+00 -7.5853709681165E-01  2.0067828175621E-01  4.1133959217805E-19 -6.5390675125708E-20 -1.0723685402208E+00 -1.4391038720578E+00
 7.2206280043514E-01  3.4113940599517E-01 -6.4546761601031E+00 -8.7823469402628E-01  2.1039155447970E-01  4.6067510847666E-19 -2.8896242495653E-19 -1.0712906765302E+00 -1.4389184908378E+00
 8.0574569584327E-01  2.9159479358495E-01 -6.2653767036714E+00 -1.0055739751493E+00  2.2122017131568E-01  4.0545364787681E-19 -5.6921284815115E-19 -1.0696282153086E+00 -1.4379229912042E+00
 8.9682834696002E-01  2.1347751703831E-01 -5.9649910652916E+00 -1.1386658664242E+00  2.3396741352291E-01  1.5789744434413E-19 -8.7044882046672E-19 -1.0672016367514E+00 -1.4356967795717E+00
 9.9601022724332E-01  1.3461352481401E-01 -5.5516855628415E+00 -1.2749145889475E+00  2.4901241606507E-01 -2.7763472992102E-19 -1.0152264554065E-18 -1.0637661221885E+00 -1.4316968826255E+00
 1.1040841788897E+00  7.6119895821550E-02 -5.0358886931336E+00 -1.4111324209199E+00  2.6611500731048E-01 -8.0999490536904E-19 -8.7928776661522E-19 -1.0590356025204E+00 -1.4252413851957E+00
 1.2219509248095E+00  4.4036192167284E-02 -4.4346144270470E+00 -1.5437147579906E+00  2.8455200983233E-01 -1.1338529476693E-18 -3.5974187611722E-19 -1.0526460138917E+00 -1.4155140334203E+00
 1.3506362979409E+00  2.9885542378885E-02 -3.7620542263684E+00 -1.6686404110580E+00  3.0337699564270E-01 -9.6087203573611E-19  2.6762960356739E-19 -1.0441904529144E+00 -1.4015800036388E+00
 1.4913117716510E+00  2.0952824665928E-02 -3.0263534552148E+00 -1.7812967176703E+00  3.2175499521235E-01 -2.2277618696979E-19  5.7301659576701E-19 -1.0332007643501E+00 -1.3824410387121E+00
 1.6453190177622E+00  1.0815053877894E-02 -2.2378661241179E+00 -1.8763084465056E+00  3.3896383287932E-01  5.9327483553861E-19  1.4939038282255E-19 -1.0192082563219E+00 -1.3571208995757E+00
 1.8141994004940E+00  8.3159778719109E-04 -1.4219625615557E+00 -1.9478124339702E+00  3.5427981642902E-01  9.3413357116119E-19 -6.3408759107956E-19 -1.0017555133290E+00 -1.3248019244948E+00
 1.9997295470214E+00 -5.3959745665819E-03 -6.2385192374567E-01 -1.9902756606772E+00  3.6683012178111E-01  7.2588183150246E-19 -1.0967128328643E-18 -9.8048610737596E-01 -1.2849795650146E+00
 2.2039644338840E+00 -5.7907672409120E-03  9.7658012307077E-02 -1.9997174800542E+00  3.7573397059198E-01  5.3349368346569E-19 -7.9589196817626E-19 -9.5517019994928E-01 -1.2376125080440E+00
 2.4292898137085E+00 -8.0115681721819E-05  6.8384104203337E-01 -1.9749085502563E+00  3.8025923568347E-01  5.3147044435503E-19 -1.6199845663569E-19 -9.2577430793466E-01 -1.1831875060926E+00
 2.6784863059733E+00  1.0432002017523E-02  1.0936936906916E+00 -1.9181335544612E+00  3.8005673783221E-01  5.2052285173583E-19  4.6193265946222E-19 -8.9242006518548E-01 -1.1226595722745E+00
 2.9548081253617E+00  2.3054714231132E-02  1.3199508683587E+00 -1.8349128447760E+00  3.7521539980475E-01  3.2138055282967E-19  6.8201175861925E-19 -8.5535326744516E-01 -1.0572437219026E+00
 3.2620802702989E+00  3.4778641352826E-02  1.3924795225271E+00 -1.7325252216638E+00  3.6624602342311E-01  2.0884914457765E-19  5.3690746233446E-19 -8.1481362567684E-01 -9.8815232846803E-01
 3.6048191074170E+00  4.3688070314793E-02  1.3634376282957E+00 -1.6178648185703E+00  3.5379549116097E-01  2.7743994741275E-19  2.7718965679110E-19 -7.7098626248599E-01 -9.1638983604666E-01
 3.9883827509977E+00  4.9476011360101E-02  1.2828051077312E+00 -1.4958834847443E+00  3.3840335734924E-01  8.7780756026289E-19  2.8516493267830E-19 -7.2394753362983E-01 -8.4271247887532E-01
 4.4191595630774E+00  5.2742109203702E-02  1.1820863287291E+00 -1.3693766903500E+00  3.2030644517030E-01  1.4374415855124E-18 -8.5795695668041E-19 -6.7374227906255E-01 -7.6771756298121E-01
 4.9048056364975E+00  5.3991318607476E-02  1.0745391310667E+00 -1.2398399040902E+00  2.9954665527625E-01  9.7373857809637E-19 -1.5405095091002E-18 -6.2042514687547E-01 -6.9197949387769E-01
 5.4545454545455E+00  5.3359297010244E-02  9.6411347987122E-01 -1.1083813205143E+00  2.7608668197444E-01  7.8976947908480E-19  2.9020177097310E-19 -5.6416448694184E-01 -6.1613515866292E-01
 6.0795542687962E+00  5.0807942900995E-02  8.5220698975462E-01 -9.7622289389412E-01  2.4999106760385E-01  8.6881961246822E-19  5.6728577743424E-19 -5.0526656331656E-01 -5.4092192021370E-01
 6.7934463423832E+00  4.6361399778021E-02  7.4006107081489E-01 -8.4483781887925E-01  2.2146137424923E-01 -7.9698259717476E-19  2.4327066653060E-19 -4.4426343101975E-01 -4.6717613759377E-01
 7.6129002726496E+00  4.0166286469383E-02  6.2916930868785E-01 -7.1599630667180E-01  1.9094433617331E-01 -1.0759850868462E-18 -2.4067506921978E-19 -3.8193399888801E-01 -3.9582448707735E-01
 8.5584611558500E+00  3.2564554669772E-02  5.2134534750819E-01 -5.9174759358278E-01  1.5913740573719E-01  7.9936814483051E-19 -1.2554395953796E-18 -3.1938881712385E-01 -3.2785741717913E-01
 9.6555688906727E+00  2.4086265292437E-02  4.1868805258090E-01 -4.7439569120868E-01  1.2706987063150E-01  1.0735933331428E-18  5.7992268597733E-19 -2.5806665109741E-01 -2.6430043825032E-01
 1.0935870685435E+01  1.5471721689721E-02  3.2353738899551E-01 -3.6639974350769E-01  9.6044448224276E-02 -2.2848510429115E-20 -7.2352204299236E-19 -1.9975503246258E-01 -2.0616961871663E-01
 1.2438879256439E+01  7.5727808899842E-03  2.3831414141269E-01 -2.7023379139855E-01  6.7597082516926E-02 -2.2351280270312E-19 -3.2726726935962E-19 -1.4646136005195E-01 -1.5442700262921E-01
 1.4214025594877E+01  1.2458590455190E-03  1.6529667025015E-01 -1.8813177828177E-01  4.3251891680663E-02 -3.2274641062858E-19  8.3456686696902E-19 -1.0023603695448E-01 -1.0991900943950E-01
 1.6323103064291E+01 -2.8925373617472E-03  1.0624325985876E-01 -1.2176338574173E-01  2.4258151302921E-02 -6.0273741316063E-19 -1.0731937727541E-18 -6.2788882269765E-02 -7.3301966114798E-02
 1.8842958547214E+01 -4.6571907893496E-03  6.1968975591757E-02 -7.1810337032013E-02  1.1173055962687E-02  3.2072106456439E-19  3.2600928514376E-19 -3.5078083520842E-02 -4.4921384119300E-02
 2.1867956415951E+01 -4.4553278920352E-03  3.1917589822932E-02 -3.7593786644883E-02  3.6336505760901E-03 -2.5468350771039E-20 -1.5431872890160E-19 -1.6871740069183E-02 -2.4649222849337E-02
 2.5511030361867E+01 -3.1419551871798E-03  1.4024201959206E-02 -1.6893322630850E-02  3.3427447092440E-04  4.6295106499369E-20  6.6823142457568E-20 -6.6637861140267E-03 -1.1704987178485E-02
 2.9900709274659E+01 -1.6798066246325E-03  5.0385811245361E-03 -6.2552524325657E-03 -4.7696403584125E-04  6.4718095310284E-21 -3.6865432628055E-20 -2.0196325946081E-03 -4.6107236631101E-03
 3.5168864215715E+01 -6.6403115158258E-04  1.4142812137267E-03 -1.8228608761044E-03 -3.5284572699044E-04  1.0667846992141E-19 -1.0172758375107E-19 -4.2700583516804E-04 -1.4350955464698E-03
 4.1419695291531E+01 -1.9002912978464E-04  2.9776332388118E-04 -4.0244261578735E-04 -1.2935660300257E-04 -3.3475663781030E-20  1.1205702622095E-20 -5.1054941439982E-05 -3.3780119571233E-04
 4.8665626607709E+01 -3.7083697634169E-05  4.7610433664117E-05 -6.6577711685644E-05 -3.1373513090165E-05 -8.5048160731848E-20 -3.3101226351625E-20 -2.2821474112932E-06 -5.8772545163260E-05
 5.6716111653915E+01 -6.3331666007431E-06  5.9541281608691E-06 -9.1319341816970E-06 -3.8910911286259E-06  2.1908842964623E-20 -3.2916221027302E-20  1.0512585075155E-06 -8.2796822573741E-06
 6.5027225430406E+01 -8.4803994598037E-08  1.0657683364052E-06 -1.0953406616263E-06 -1.4708411288811E-06 -3.3353613922823E-20  4.0410826198793E-20 -5.0738177485643E-07 -8.8700857900916E-07
 7.2587189964099E+01 -5.3663314541811E-07 -1.5624469042929E-08 -2.7754767507191E-07  4.5961054551094E-07 -1.0801333430786E-20 -3.0139854821946E-20  3.7115260565408E-07 -2.6600740073102E-07
 7.8010805313165E+01  7.7949022378152E-07  3.1378878949097E-07  2.9681080590796E-08 -1.0716099586981E-06 -6.3357657990467E-20 -7.2019038197514E-20 -6.9078517860892E-07  1.8465439103041E-07
 8.0000000000000E+01  0.0000000000000E+00  0.0000000000000E+00  0.0000000000000E+00  0.0000000000000E+00  0.0000000000000E+00  0.0000000000000E+00  0.0000000000000E+00  0.0000000000000E+00
