#  1.0000000000000E+00  0.0000000000000E+00  2.3181424059429E-01 -6.4182155740491E-03  8.0000000000000E-02
 0.0000000000000E+00 -1.7441971468795E-16 -3.4883942937591E-15  1.8976864958049E-15 -6.6977170440174E-16  5.9303714853505E-34  8.6232442516576E-35 -1.0709502003527E+00 -1.4345702040769E+00
 1.2134956257652E-03 -3.5611801209991E-02 -3.4765714133173E-02 -5.2300665909204E-06  8.7239216221740E-06  4.5796109708087E-21 -2.8588057055429E-21 -1.0709541096692E+00 -1.4345662488236E+00
 4.8598042576750E-03 -1.3951769467314E-01 -1.3938100239066E-01 -7.2242971207811E-05  9.4591627372904E-05  1.5221468023664E-20 -8.5394965005025E-21 -1.0709784967481E+00 -1.4345372137358E+00
 1.0956449776219E-02 -3.0310451981791E-01 -3.1456425067492E-01 -3.6956920376177E-04  4.7323572355759E-04  3.5988209868737E-20 -2.0683738557919E-20 -1.0710144184536E+00 -1.4344919725017E+00
 1.9532835037547E-02 -5.1260806320863E-01 -5.6076845922580E-01 -1.1783802393905E-03  1.4502652419420E-03  6.1008064433651E-20 -3.4619772583859E-20 -1.0710707397022E+00 -1.4344330918292E+00
 3.0630539981632E-02 -7.5002525230793E-01 -8.7720811149234E-01 -2.9132630405212E-03  3.4298922195224E-03  9.8811704305969E-20 -5.7713098643876E-20 -1.0711407322320E+00 -1.4343669363940E+00
 4.4303746127476E-02 -9.9440927588800E-01 -1.2607658134233E+00 -6.1170730587793E-03  6.8244731778946E-03  1.3667128665605E-19 -8.1413947445864E-20 -1.0712339302989E+00 -1.4342993242902E+00
 6.0619794820640E-02 -1.2235335663728E+00 -1.7050159593793E+00 -1.1472304949721E-02  1.2044374106589E-02  1.9083343155306E-19 -1.2029538589715E-19 -1.0713441384907E+00 -1.4342400462571E+00
 7.9659889028125E-02 -1.4158245590044E+00 -2.1996008172184E+00 -1.9777850547058E-02  1.9397435506636E-02  2.3700793768937E-19 -1.6018279850538E-19 -1.0714811552253E+00 -1.4341984764851E+00
 1.0151995116565E-01 -1.5524259011702E+00 -2.7301798839131E+00 -3.1935328203403E-02  2.9080240971348E-02  3.0184388838595E-19 -2.2677094268123E-19 -1.0716385681032E+00 -1.4341879666497E+00
 1.2631165246940E-01 -1.6191408253407E+00 -3.2790607018275E+00 -4.8898287578285E-02  4.1092697933698E-02  3.4340057420471E-19 -2.9849147531352E-19 -1.0718252337443E+00 -1.4342212221420E+00
 1.5416363287784E-01 -1.6080169712219E+00 -3.8265346970849E+00 -7.1633938889718E-02  5.5258750307398E-02  3.9989300316015E-19 -4.1578925845338E-19 -1.0720327509070E+00 -1.4343143133220E+00
 1.8522293437556E-01 -1.5182868645637E+00 -4.3527324764929E+00 -1.0105740849219E-01  7.1182953402472E-02  4.0267304761478E-19 -5.4631504413934E-19 -1.0722666188951E+00 -1.4344814833579E+00
 2.1965667539691E-01 -1.3565252291555E+00 -4.8397353077944E+00 -1.3799339988108E-01  8.8321578229643E-02  3.9946172979206E-19 -7.4571948622816E-19 -1.0725133330851E+00 -1.4347383629807E+00
 2.5765399934730E-01 -1.1359485419952E+00 -5.2734810116110E+00 -1.8312819605343E-01  1.0599124417306E-01  2.8117862739477E-19 -9.6060883268561E-19 -1.0727712088884E+00 -1.4350957074116E+00
 2.9942833676086E-01 -8.7501210706845E-01 -5.6450721162866E+00 -2.3700516101790E-01  1.2348663744203E-01  9.9960936197601E-20 -1.2505378413896E-18 -1.0730171000074E+00 -1.4355612184697E+00
 3.4522002830748E-01 -5.9552830217497E-01 -5.9510312633067E+00 -3.0001952127473E-01  1.4012330609968E-01 -3.0744198363290E-19 -1.5107864888820E-18 -1.0732368971431E+00 -1.4361314953251E+00
 3.9529936507288E-01 -3.2062473122439E-01 -6.1923469915942E+00 -3.7245338792932E-01  1.5537320312295E-01 -8.7719500175965E-19 -1.7646174671400E-18 -1.0733918266699E+00 -1.4367916084676E+00
 4.4997011361895E-01 -7.2731733526350E-02 -6.3722499759193E+00 -4.5449028928821E-01  1.6890689340020E-01 -1.8058690769031E-18 -1.7889687317893E-18 -1.0734484954454E+00 -1.4375042180087E+00
 5.0957360672842E-01  1.2839204417710E-01 -6.4931577679340E+00 -5.4623444804797E-01  1.8070966122045E-01 -2.9327748919320E-18 -1.5003332842479E-18 -1.0733444626378E+00 -1.4382056490252E+00
 5.7449349700374E-01  2.6780257447689E-01 -6.5534387693835E+00 -6.4766252987888E-01  1.9108144545054E-01 -4.3315142914224E-18 -5.0013632757057E-19 -1.0730172920029E+00 -1.4387907267989E+00
 6.4516129032258E-01  3.3790827261540E-01 -6.5452455051520E+00 -7.5853709681165E-01  2.0067828175622E-01 -5.4665472531675E-18  1.3504462081854E-18 -1.0723685402208E+00 -1.4391038720578E+00
 7.2206280043514E-01  3.4113940599520E-01 -6.4546761601031E+00 -8.7823469402629E-01  2.1039155447970E-01 -5.9600400984480E-18  4.3475361924762E-18 -1.0712906765302E+00 -1.4389184908378E+00
 8.0574569584327E-01  2.9159479358499E-01 -6.2653767036715E+00 -1.0055739751493E+00  2.2122017131569E-01 -4.6829335361215E-18  8.0063628094756E-18 -1.0696282153086E+00 -1.4379229912042E+00
 8.9682834696002E-01  2.1347751703835E-01 -5.9649910652917E+00 -1.1386658664242E+00  2.3396741352292E-01 -1.1667185150698E-18  1.1453897087908E-17 -1.0672016367514E+00 -1.4356967795717E+00
 9.9601022724332E-01  1.3461352481404E-01 -5.5516855628415E+00 -1.2749145889475E+00  2.4901241606507E-01  4.8343649594072E-18  1.2585167495241E-17 -1.0637661221885E+00 -1.4316968826255E+00
 1.1040841788897E+00  7.6119895821582E-02 -5.0358886931337E+00 -1.4111324209199E+00  2.6611500731049E-01  1.1115602714453E-17  9.7346255776765E-18 -1.0590356025204E+00 -1.4252413851958E+00
 1.2219509248095E+00  4.4036192167310E-02 -4.4346144270471E+00 -1.5437147579907E+00  2.8455200983234E-01  1.4502012212672E-17  2.4908755752655E-18 -1.0526460138917E+00 -1.4155140334203E+00
 1.3506362979409E+00  2.9885542378907E-02 -3.7620542263684E+00 -1.6686404110580E+00  3.0337699564271E-01  1.1316677844395E-17 -5.6167606752214E-18 -1.0441904529144E+00 -1.4015800036388E+00
 1.4913117716510E+00  2.0952824665947E-02 -3.0263534552149E+00 -1.7812967176704E+00  3.2175499521235E-01  2.7731857243570E-18 -9.6468465686864E-18 -1.0332007643501E+00 -1.3824410387121E+00
 1.6453190177622E+00  1.0815053877908E-02 -2.2378661241179E+00 -1.8763084465056E+00  3.3896383287933E-01 -6.2345885501335E-18 -6.9202225374702E-18 -1.0192082563219E+00 -1.3571208995757E+00
 1.8141994004940E+00  8.3159778720164E-04 -1.4219625615558E+00 -1.9478124339702E+00  3.5427981642902E-01 -9.8906490753985E-18 -1.8689741574486E-18 -1.0017555133290E+00 -1.3248019244948E+00
 1.9997295470214E+00 -5.3959745665662E-03 -6.2385192374568E-01 -1.9902756606772E+00  3.6683012178111E-01 -9.0821876568716E-18  5.9962392485492E-20 -9.8048610737596E-01 -1.2849795650146E+00
 2.2039644338840E+00 -5.7907672408697E-03  9.7658012307085E-02 -1.9997174800542E+00  3.7573397059198E-01 -5.8214665490909E-18 -2.4451396589459E-18 -9.5517019994929E-01 -1.2376125080440E+00
 2.4292898137085E+00 -8.0115681698088E-05  6.8384104203338E-01 -1.9749085502563E+00  3.8025923568347E-01 -1.3745858387571E-18 -4.9729435435279E-18 -9.2577430793467E-01 -1.1831875060926E+00
 2.6784863059733E+00  1.0432002017520E-02  1.0936936906916E+00 -1.9181335544612E+00  3.8005673783221E-01  4.4944432517262E-18 -5.1229853150433E-18 -8.9242006518549E-01 -1.1226595722745E+00
 2.9548081253617E+00  2.3054714231132E-02  1.3199508683587E+00 -1.8349128447760E+00  3.7521539980475E-01  6.9547549945078E-18 -2.7128673502251E-18 -8.5535326744516E-01 -1.0572437219026E+00
 3.2620802702989E+00  3.4778641352821E-02  1.3924795225271E+00 -1.7325252216638E+00  3.6624602342311E-01  4.5969133816139E-18 -8.2628681100698E-19 -8.1481362567684E-01 -9.8815232846803E-01
 3.6048191074170E+00  4.3688070314793E-02  1.3634376282957E+00 -1.6178648185703E+00  3.5379549116097E-01  2.2562957943238E-18 -2.2243759435698E-19 -7.7098626248599E-01 -9.1638983604666E-01
 3.9883827509977E+00  4.9476011360108E-02  1.2828051077312E+00 -1.4958834847443E+00  3.3840335734924E-01  4.8538370613351E-18 -7.9695995651004E-18 -7.2394753362984E-01 -8.4271247887533E-01
 4.4191595630774E+00  5.2742109203703E-02  1.1820863287292E+00 -1.3693766903500E+00  3.2030644517030E-01 -6.9101401734512E-18 -1.3412842669955E-17 -6.7374227906256E-01 -7.6771756298121E-01
 4.9048056364975E+00  5.3991318607470E-02  1.0745391310667E+00 -1.2398399040902E+00  2.9954665527625E-01 -1.3429090210233E-17 -6.1048983461660E-18 -6.2042514687548E-01 -6.9197949387770E-01
 5.4545454545455E+00  5.3359297010249E-02  9.6411347987123E-01 -1.1083813205143E+00  2.7608668197444E-01  4.9033875188259E-18 -7.1986793162614E-18 -5.6416448694185E-01 -6.1613515866292E-01
 6.0795542687962E+00  5.0807942900991E-02  8.5220698975463E-01 -9.7622289389412E-01  2.4999106760385E-01  4.4234319422409E-18 -7.1314784388439E-18 -5.0526656331656E-01 -5.4092192021370E-01
 6.7934463423832E+00  4.6361399778021E-02  7.4006107081489E-01 -8.4483781887925E-01  2.2146137424924E-01  1.6835174990106E-18  6.9720230920373E-18 -4.4426343101976E-01 -4.6717613759377E-01
 7.6129002726496E+00  4.0166286469383E-02  6.2916930868785E-01 -7.1599630667180E-01  1.9094433617331E-01 -2.0744678467487E-18  8.6956559826193E-18 -3.8193399888802E-01 -3.9582448707736E-01
 8.5584611558500E+00  3.2564554669769E-02  5.2134534750820E-01 -5.9174759358278E-01  1.5913740573720E-01 -1.0271627939441E-17 -7.2753028051715E-18 -3.1938881712386E-01 -3.2785741717914E-01
 9.6555688906727E+00  2.4086265292436E-02  4.1868805258091E-01 -4.7439569120869E-01  1.2706987063150E-01  6.0648296342884E-18 -8.5046972948123E-18 -2.5806665109742E-01 -2.6430043825032E-01
 1.0935870685435E+01  1.5471721689719E-02  3.2353738899551E-01 -3.6639974350769E-01  9.6044448224276E-02 -5.8615198252602E-18 -1.6338254761944E-19 -1.9975503246259E-01 -2.0616961871663E-01
 1.2438879256439E+01  7.5727808899828E-03  2.3831414141269E-01 -2.7023379139855E-01  6.7597082516926E-02 -2.8382595605564E-18  1.5605571725945E-18 -1.4646136005196E-01 -1.5442700262921E-01
 1.4214025594877E+01  1.2458590455181E-03  1.6529667025015E-01 -1.8813177828177E-01  4.3251891680663E-02  6.4816491882068E-18  3.0128345838378E-18 -1.0023603695448E-01 -1.0991900943950E-01
 1.6323103064291E+01 -2.8925373617480E-03  1.0624325985876E-01 -1.2176338574173E-01  2.4258151302920E-02 -9.0851029844036E-18  4.0100052677844E-18 -6.2788882269766E-02 -7.3301966114799E-02
 1.8842958547214E+01 -4.6571907893502E-03  6.1968975591758E-02 -7.1810337032014E-02  1.1173055962686E-02  2.9017198606801E-18 -2.3705921128177E-18 -3.5078083520842E-02 -4.4921384119301E-02
 2.1867956415951E+01 -4.4553278920353E-03  3.1917589822932E-02 -3.7593786644884E-02  3.6336505760898E-03 -1.2581185978670E-18  1.2849763853490E-19 -1.6871740069183E-02 -2.4649222849338E-02
 2.5511030361867E+01 -3.1419551871800E-03  1.4024201959206E-02 -1.6893322630850E-02  3.3427447092427E-04  5.7741364365056E-19 -3.3362272657435E-19 -6.6637861140269E-03 -1.1704987178485E-02
 2.9900709274659E+01 -1.6798066246325E-03  5.0385811245361E-03 -6.2552524325658E-03 -4.7696403584137E-04 -2.8793343502181E-19 -6.5288775007840E-20 -2.0196325946081E-03 -4.6107236631101E-03
 3.5168864215715E+01 -6.6403115158254E-04  1.4142812137266E-03 -1.8228608761043E-03 -3.5284572699043E-04 -6.9908197974999E-19 -9.3311798396017E-19 -4.2700583516800E-04 -1.4350955464698E-03
 4.1419695291531E+01 -1.9002912978456E-04  2.9776332388113E-04 -4.0244261578740E-04 -1.2935660300255E-04  5.6804918203448E-20  2.7796603033918E-19 -5.1054941439969E-05 -3.3780119571225E-04
 4.8665626607709E+01 -3.7083697634209E-05  4.7610433664146E-05 -6.6577711685616E-05 -3.1373513090125E-05 -3.3087906468112E-19  6.3081153142778E-19 -2.2821474113083E-06 -5.8772545163304E-05
 5.6716111653915E+01 -6.3331666007329E-06  5.9541281608355E-06 -9.1319341817444E-06 -3.8910911286533E-06 -2.3994489313334E-19 -1.9693838065860E-19  1.0512585075517E-06 -8.2796822573445E-06
 6.5027225430406E+01 -8.4803994613039E-08  1.0657683364212E-06 -1.0953406615327E-06 -1.4708411288537E-06  2.8819681494907E-19  2.9328968966850E-19 -5.0738177485034E-07 -8.8700857902236E-07
 7.2587189964099E+01 -5.3663314538701E-07 -1.5624469068366E-08 -2.7754767509863E-07  4.5961054549845E-07 -2.4619505603926E-19  5.9200985023039E-20  3.7115260566459E-07 -2.6600740070537E-07
 7.8010805313165E+01  7.7949022374911E-07  3.1378878950943E-07  2.9681080667688E-08 -1.0716099586653E-06 -6.1767663140483E-19  4.3463246936402E-19 -6.9078517862984E-07  1.8465439100585E-07
 8.0000000000000E+01  0.0000000000000E+00  0.0000000000000E+00  0.0000000000000E+00  0.0000000000000E+00  0.0000000000000E+00  0.0000000000000E+00  0.0000000000000E+00  0.0000000000000E+00
