#  1.0000000000000E+00  0.0000000000000E+00  2.3181424059429E-01 -6.4182155740490E-03  8.0000000000000E-02
 0.0000000000000E+00 -2.3860616969312E-15 -2.6930403947820E-15  4.5767733134119E-15 -1.1162861740029E-15  7.5762531572148E-38  1.2520901013020E-37 -1.0709502003527E+00 -1.4345702040769E+00
 1.2134956257652E-03 -3.5611801209994E-02 -3.4765714133172E-02 -5.2300665885449E-06  8.7239216217290E-06 -1.9454914774319E-25  1.4096684046458E-24 -1.0709541096691E+00 -1.4345662488236E+00
 4.8598042576750E-03 -1.3951769467314E-01 -1.3938100239066E-01 -7.2242971205145E-05  9.4591627371686E-05  1.3024977708858E-24  4.0215515764144E-24 -1.0709784967481E+00 -1.4345372137358E+00
 1.0956449776219E-02 -3.0310451981791E-01 -3.1456425067492E-01 -3.6956920375896E-04  4.7323572355705E-04  1.6453722219942E-24  9.9531156648086E-24 -1.0710144184535E+00 -1.4344919725017E+00
 1.9532835037547E-02 -5.1260806320863E-01 -5.6076845922580E-01 -1.1783802393873E-03  1.4502652419405E-03  5.3160304585045E-24  1.6145237740865E-23 -1.0710707397022E+00 -1.4344330918292E+00
 3.0630539981632E-02 -7.5002525230793E-01 -8.7720811149234E-01 -2.9132630405180E-03  3.4298922195214E-03  5.6417249167197E-24  2.7132339992538E-23 -1.0711407322320E+00 -1.4343669363940E+00
 4.4303746127476E-02 -9.9440927588800E-01 -1.2607658134233E+00 -6.1170730587758E-03  6.8244731778933E-03  1.2843829000554E-23  3.6410854422992E-23 -1.0712339302989E+00 -1.4342993242902E+00
 6.0619794820640E-02 -1.2235335663728E+00 -1.7050159593793E+00 -1.1472304949718E-02  1.2044374106588E-02  1.3410466637731E-23  5.2831868034972E-23 -1.0713441384907E+00 -1.4342400462571E+00
 7.9659889028125E-02 -1.4158245590043E+00 -2.1996008172184E+00 -1.9777850547055E-02  1.9397435506634E-02  2.6889885887851E-23  6.4308350993937E-23 -1.0714811552253E+00 -1.4341984764851E+00
 1.0151995116565E-01 -1.5524259011702E+00 -2.7301798839131E+00 -3.1935328203400E-02  2.9080240971347E-02  2.9903854189931E-23  8.5823646045162E-23 -1.0716385681032E+00 -1.4341879666497E+00
 1.2631165246940E-01 -1.6191408253407E+00 -3.2790607018275E+00 -4.8898287578283E-02  4.1092697933696E-02  5.5211261571198E-23  9.7225016264597E-23 -1.0718252337443E+00 -1.4342212221420E+00
 1.5416363287784E-01 -1.6080169712219E+00 -3.8265346970849E+00 -7.1633938889716E-02  5.5258750307397E-02  6.6357403393337E-23  1.2108881006851E-22 -1.0720327509070E+00 -1.4343143133220E+00
 1.8522293437556E-01 -1.5182868645637E+00 -4.3527324764929E+00 -1.0105740849219E-01  7.1182953402471E-02  1.1333503446138E-22  1.2587317135247E-22 -1.0722666188951E+00 -1.4344814833579E+00
 2.1965667539691E-01 -1.3565252291555E+00 -4.8397353077943E+00 -1.3799339988108E-01  8.8321578229643E-02  1.4260820986514E-22  1.4221454512087E-22 -1.0725133330851E+00 -1.4347383629807E+00
 2.5765399934730E-01 -1.1359485419952E+00 -5.2734810116110E+00 -1.8312819605343E-01  1.0599124417306E-01  2.2459828240706E-22  1.2214758588148E-22 -1.0727712088884E+00 -1.4350957074116E+00
 2.9942833676086E-01 -8.7501210706844E-01 -5.6450721162865E+00 -2.3700516101790E-01  1.2348663744203E-01  2.8179365990896E-22  1.0304769781236E-22 -1.0730171000074E+00 -1.4355612184697E+00
 3.4522002830748E-01 -5.9552830217496E-01 -5.9510312633067E+00 -3.0001952127473E-01  1.4012330609968E-01  4.0404583897798E-22  1.3483253301289E-23 -1.0732368971431E+00 -1.4361314953251E+00
 3.9529936507288E-01 -3.2062473122438E-01 -6.1923469915942E+00 -3.7245338792932E-01  1.5537320312295E-01  4.7442225270244E-22 -1.0398823601389E-22 -1.0733918266699E+00 -1.4367916084676E+00
 4.4997011361895E-01 -7.2731733526342E-02 -6.3722499759192E+00 -4.5449028928821E-01  1.6890689340020E-01  5.8940091007945E-22 -3.4763700625409E-22 -1.0734484954454E+00 -1.4375042180087E+00
 5.0957360672842E-01  1.2839204417710E-01 -6.4931577679340E+00 -5.4623444804797E-01  1.8070966122045E-01  5.6003651463903E-22 -6.5757616625512E-22 -1.0733444626378E+00 -1.4382056490252E+00
 5.7449349700374E-01  2.6780257447689E-01 -6.5534387693834E+00 -6.4766252987888E-01  1.9108144545053E-01  4.6140793079586E-22 -1.1312799238458E-21 -1.0730172920029E+00 -1.4387907267989E+00
 6.4516129032258E-01  3.3790827261539E-01 -6.5452455051519E+00 -7.5853709681165E-01  2.0067828175621E-01 -2.6004577102746E-24 -1.6210981364507E-21 -1.0723685402208E+00 -1.4391038720578E+00
 7.2206280043514E-01  3.4113940599518E-01 -6.4546761601031E+00 -8.7823469402628E-01  2.1039155447970E-01 -7.6359248303417E-22 -2.1100482896216E-21 -1.0712906765302E+00 -1.4389184908378E+00
 8.0574569584327E-01  2.9159479358496E-01 -6.2653767036714E+00 -1.0055739751493E+00  2.2122017131568E-01 -2.1301699766828E-21 -2.2030732660182E-21 -1.0696282153086E+00 -1.4379229912042E+00
 8.9682834696002E-01  2.1347751703832E-01 -5.9649910652916E+00 -1.1386658664242E+00  2.3396741352291E-01 -3.7645068044765E-21 -1.6491879565506E-21 -1.0672016367514E+00 -1.4356967795717E+00
 9.9601022724332E-01  1.3461352481402E-01 -5.5516855628415E+00 -1.2749145889475E+00  2.4901241606507E-01 -5.5415531543846E-21  1.1309648551472E-22 -1.0637661221885E+00 -1.4316968826255E+00
 1.1040841788897E+00  7.6119895821554E-02 -5.0358886931337E+00 -1.4111324209199E+00  2.6611500731048E-01 -6.3746782008916E-21  3.0191435120786E-21 -1.0590356025204E+00 -1.4252413851957E+00
 1.2219509248095E+00  4.4036192167284E-02 -4.4346144270471E+00 -1.5437147579906E+00  2.8455200983234E-01 -5.7399573940733E-21  6.6935210988828E-21 -1.0526460138917E+00 -1.4155140334203E+00
 1.3506362979409E+00  2.9885542378877E-02 -3.7620542263684E+00 -1.6686404110580E+00  3.0337699564270E-01 -3.0076623128964E-21  9.5978861984791E-21 -1.0441904529144E+00 -1.4015800036388E+00
 1.4913117716510E+00  2.0952824665919E-02 -3.0263534552148E+00 -1.7812967176703E+00  3.2175499521235E-01  3.0317875842501E-22  1.0649272114387E-20 -1.0332007643501E+00 -1.3824410387121E+00
 1.6453190177622E+00  1.0815053877889E-02 -2.2378661241179E+00 -1.8763084465056E+00  3.3896383287933E-01  2.6174731883206E-21  9.6886225432946E-21 -1.0192082563219E+00 -1.3571208995757E+00
 1.8141994004940E+00  8.3159778718802E-04 -1.4219625615557E+00 -1.9478124339702E+00  3.5427981642902E-01  2.4080929549184E-21  8.8287235037685E-21 -1.0017555133290E+00 -1.3248019244948E+00
 1.9997295470214E+00 -5.3959745665791E-03 -6.2385192374568E-01 -1.9902756606772E+00  3.6683012178111E-01  1.5799344639050E-21  9.0324262108451E-21 -9.8048610737596E-01 -1.2849795650146E+00
 2.2039644338840E+00 -5.7907672408971E-03  9.7658012307080E-02 -1.9997174800542E+00  3.7573397059198E-01  1.0577918171457E-21  9.1615347575080E-21 -9.5517019994929E-01 -1.2376125080440E+00
 2.4292898137085E+00 -8.0115681722424E-05  6.8384104203337E-01 -1.9749085502563E+00  3.8025923568347E-01  5.4071925127910E-22  6.8860727343478E-21 -9.2577430793466E-01 -1.1831875060926E+00
 2.6784863059733E+00  1.0432002017531E-02  1.0936936906916E+00 -1.9181335544612E+00  3.8005673783221E-01 -1.8935377976361E-21  3.8569628031637E-21 -8.9242006518548E-01 -1.1226595722745E+00
 2.9548081253617E+00  2.3054714231140E-02  1.3199508683587E+00 -1.8349128447760E+00  3.7521539980475E-01 -3.6767139795857E-21  2.0579064583394E-21 -8.5535326744516E-01 -1.0572437219026E+00
 3.2620802702989E+00  3.4778641352818E-02  1.3924795225271E+00 -1.7325252216638E+00  3.6624602342311E-01 -3.8616396408273E-21  2.4102784283644E-21 -8.1481362567684E-01 -9.8815232846803E-01
 3.6048191074170E+00  4.3688070314786E-02  1.3634376282957E+00 -1.6178648185703E+00  3.5379549116097E-01 -2.1476089836784E-21  3.7174674823770E-21 -7.7098626248599E-01 -9.1638983604666E-01
 3.9883827509977E+00  4.9476011360105E-02  1.2828051077312E+00 -1.4958834847443E+00  3.3840335734924E-01  9.9456413860104E-23  6.8046944712698E-21 -7.2394753362983E-01 -8.4271247887532E-01
 4.4191595630774E+00  5.2742109203711E-02  1.1820863287291E+00 -1.3693766903500E+00  3.2030644517030E-01  6.1305373821116E-21  1.1080886445475E-20 -6.7374227906255E-01 -7.6771756298121E-01
 4.9048056364975E+00  5.3991318607471E-02  1.0745391310667E+00 -1.2398399040902E+00  2.9954665527625E-01  9.2436651009004E-21  1.1529061537476E-20 -6.2042514687547E-01 -6.9197949387769E-01
 5.4545454545455E+00  5.3359297010251E-02  9.6411347987122E-01 -1.1083813205143E+00  2.7608668197444E-01  6.7623516400198E-22  6.5384518878113E-21 -5.6416448694185E-01 -6.1613515866292E-01
 6.0795542687962E+00  5.0807942900996E-02  8.5220698975462E-01 -9.7622289389412E-01  2.4999106760385E-01 -5.6642775324849E-21  5.2564911813681E-21 -5.0526656331656E-01 -5.4092192021370E-01
 6.7934463423832E+00  4.6361399778021E-02  7.4006107081489E-01 -8.4483781887925E-01  2.2146137424923E-01 -1.5111545098166E-21 -5.9155492194351E-21 -4.4426343101975E-01 -4.6717613759377E-01
 7.6129002726496E+00  4.0166286469385E-02  6.2916930868785E-01 -7.1599630667180E-01  1.9094433617331E-01  3.6307443570095E-21 -8.4625393792363E-21 -3.8193399888802E-01 -3.9582448707735E-01
 8.5584611558500E+00  3.2564554669770E-02  5.2134534750820E-01 -5.9174759358278E-01  1.5913740573720E-01  8.9297517222658E-21  7.0073000721469E-21 -3.1938881712386E-01 -3.2785741717914E-01
 9.6555688906727E+00  2.4086265292437E-02  4.1868805258091E-01 -4.7439569120869E-01  1.2706987063150E-01 -3.7435567725418E-21  8.3119948350508E-21 -2.5806665109742E-01 -2.6430043825032E-01
 1.0935870685435E+01  1.5471721689720E-02  3.2353738899551E-01 -3.6639974350769E-01  9.6044448224276E-02  6.1231579240294E-21  2.8938369242678E-22 -1.9975503246259E-01 -2.0616961871663E-01
 1.2438879256439E+01  7.5727808899839E-03  2.3831414141269E-01 -2.7023379139855E-01  6.7597082516926E-02  2.6808084022212E-21 -1.8307918321456E-21 -1.4646136005196E-01 -1.5442700262921E-01
 1.4214025594877E+01  1.2458590455185E-03  1.6529667025015E-01 -1.8813177828177E-01  4.3251891680664E-02 -7.0234917066264E-21 -3.3006323209747E-21 -1.0023603695448E-01 -1.0991900943950E-01
 1.6323103064291E+01 -2.8925373617475E-03  1.0624325985876E-01 -1.2176338574173E-01  2.4258151302921E-02  9.0940609542377E-21 -5.0785360677450E-21 -6.2788882269765E-02 -7.3301966114798E-02
 1.8842958547214E+01 -4.6571907893498E-03  6.1968975591757E-02 -7.1810337032014E-02  1.1173055962687E-02 -2.6923182826367E-21  2.5877958385443E-21 -3.5078083520842E-02 -4.4921384119301E-02
 2.1867956415951E+01 -4.4553278920350E-03  3.1917589822932E-02 -3.7593786644884E-02  3.6336505760900E-03  1.3180635306610E-21 -1.1282014115381E-22 -1.6871740069183E-02 -2.4649222849337E-02
 2.5511030361867E+01 -3.1419551871799E-03  1.4024201959206E-02 -1.6893322630850E-02  3.3427447092440E-04 -5.5666927194971E-22  3.6146023270307E-22 -6.6637861140268E-03 -1.1704987178485E-02
 2.9900709274659E+01 -1.6798066246324E-03  5.0385811245361E-03 -6.2552524325658E-03 -4.7696403584137E-04  3.2265626318274E-22  8.7692719408232E-23 -2.0196325946081E-03 -4.6107236631100E-03
 3.5168864215715E+01 -6.6403115158264E-04  1.4142812137267E-03 -1.8228608761042E-03 -3.5284572699038E-04  9.4542764623693E-22  9.0612090375105E-22 -4.2700583516805E-04 -1.4350955464698E-03
 4.1419695291531E+01 -1.9002912978449E-04  2.9776332388109E-04 -4.0244261578734E-04 -1.2935660300257E-04 -1.1191758505568E-22 -2.8331499395253E-22 -5.1054941439967E-05 -3.3780119571220E-04
 4.8665626607709E+01 -3.7083697634239E-05  4.7610433664175E-05 -6.6577711685559E-05 -3.1373513090115E-05  2.7815205089986E-22 -7.8242337823053E-22 -2.2821474113168E-06 -5.8772545163321E-05
 5.6716111653915E+01 -6.3331666006891E-06  5.9541281608022E-06 -9.1319341817489E-06 -3.8910911286623E-06  2.9697321278856E-22  1.9415856749633E-22  1.0512585075472E-06 -8.2796822573124E-06
 6.5027225430406E+01 -8.4803994670229E-08  1.0657683364390E-06 -1.0953406615402E-06 -1.4708411288248E-06 -3.6807120368172E-22 -2.9416800698569E-22 -5.0738177486311E-07 -8.8700857906363E-07
 7.2587189964099E+01 -5.3663314536860E-07 -1.5624469088896E-08 -2.7754767510950E-07  4.5961054549932E-07  2.6436690011544E-22 -1.0285388198909E-22  3.7115260567473E-07 -2.6600740069138E-07
 7.8010805313165E+01  7.7949022371741E-07  3.1378878952209E-07  2.9681080695337E-08 -1.0716099586344E-06  6.3110586243649E-22 -5.8044334462414E-22 -6.9078517861740E-07  1.8465439097457E-07
 8.0000000000000E+01  0.0000000000000E+00  0.0000000000000E+00  0.0000000000000E+00  0.0000000000000E+00  0.0000000000000E+00  0.0000000000000E+00  0.0000000000000E+00  0.0000000000000E+00
