#  1.0000000000000E+00  0.0000000000000E+00  2.3181424059429E-01 -6.4182155740490E-03  8.0000000000000E-02
 0.0000000000000E+00 -1.9116400729800E-15 -2.3790849083437E-15  6.6977170440174E-16  2.4558295828064E-15  2.0877328188224E-34  4.6368848476018E-34 -1.0709502003527E+00 -1.4345702040769E+00
 1.2134956257652E-03 -3.5611801209993E-02 -3.4765714133171E-02 -5.2300665919600E-06  8.7239216248461E-06  1.0552586991391E-20  4.1781246932013E-21 -1.0709541096692E+00 -1.4345662488236E+00
 4.8598042576750E-03 -1.3951769467314E-01 -1.3938100239066E-01 -7.2242971208725E-05  9.4591627375037E-05  3.5169598569318E-20  1.2539057340201E-20 -1.0709784967481E+00 -1.4345372137358E+00
 1.0956449776219E-02 -3.0310451981791E-01 -3.1456425067492E-01 -3.6956920376253E-04  4.7323572356029E-04  8.2753349865321E-20  3.0550189765055E-20 -1.0710144184536E+00 -1.4344919725017E+00
 1.9532835037547E-02 -5.1260806320863E-01 -5.6076845922579E-01 -1.1783802393914E-03  1.4502652419443E-03  1.4160305912116E-19  4.9709951321306E-20 -1.0710707397022E+00 -1.4344330918292E+00
 3.0630539981632E-02 -7.5002525230792E-01 -8.7720811149233E-01 -2.9132630405220E-03  3.4298922195246E-03  2.2939547698564E-19  8.1394666931003E-20 -1.0711407322320E+00 -1.4343669363940E+00
 4.4303746127476E-02 -9.9440927588800E-01 -1.2607658134233E+00 -6.1170730587799E-03  6.8244731778966E-03  3.2349820485170E-19  1.0597604753944E-19 -1.0712339302989E+00 -1.4342993242902E+00
 6.0619794820640E-02 -1.2235335663728E+00 -1.7050159593792E+00 -1.1472304949722E-02  1.2044374106591E-02  4.5766433070534E-19  1.4430161612821E-19 -1.0713441384907E+00 -1.4342400462571E+00
 7.9659889028125E-02 -1.4158245590043E+00 -2.1996008172184E+00 -1.9777850547059E-02  1.9397435506637E-02  5.9187014924600E-19  1.5721385301637E-19 -1.0714811552253E+00 -1.4341984764851E+00
 1.0151995116565E-01 -1.5524259011702E+00 -2.7301798839131E+00 -3.1935328203404E-02  2.9080240971350E-02  7.8302097379620E-19  1.7719696882034E-19 -1.0716385681032E+00 -1.4341879666497E+00
 1.2631165246940E-01 -1.6191408253407E+00 -3.2790607018275E+00 -4.8898287578286E-02  4.1092697933700E-02  9.6545380716066E-19  1.3479239399753E-19 -1.0718252337443E+00 -1.4342212221420E+00
 1.5416363287784E-01 -1.6080169712219E+00 -3.8265346970848E+00 -7.1633938889719E-02  5.5258750307400E-02  1.2234925711310E-18  7.4375713484555E-20 -1.0720327509070E+00 -1.4343143133220E+00
 1.8522293437556E-01 -1.5182868645637E+00 -4.3527324764928E+00 -1.0105740849219E-01  7.1182953402473E-02  1.4510528810335E-18 -1.1737051269968E-19 -1.0722666188951E+00 -1.4344814833579E+00
 2.1965667539691E-01 -1.3565252291555E+00 -4.8397353077943E+00 -1.3799339988108E-01  8.8321578229644E-02  1.7541447263165E-18 -3.8450077323536E-19 -1.0725133330851E+00 -1.4347383629807E+00
 2.5765399934730E-01 -1.1359485419952E+00 -5.2734810116110E+00 -1.8312819605344E-01  1.0599124417306E-01  1.9540478998709E-18 -8.9597410779609E-19 -1.0727712088884E+00 -1.4350957074116E+00
 2.9942833676086E-01 -8.7501210706844E-01 -5.6450721162865E+00 -2.3700516101790E-01  1.2348663744203E-01  2.1488346253715E-18 -1.5726460313929E-18 -1.0730171000074E+00 -1.4355612184697E+00
 3.4522002830748E-01 -5.9552830217497E-01 -5.9510312633067E+00 -3.0001952127474E-01  1.4012330609968E-01  2.0226868597355E-18 -2.6228921370892E-18 -1.0732368971431E+00 -1.4361314953251E+00
 3.9529936507288E-01 -3.2062473122439E-01 -6.1923469915942E+00 -3.7245338792933E-01  1.5537320312295E-01  1.6059852957794E-18 -3.8709496023079E-18 -1.0733918266699E+00 -1.4367916084676E+00
 4.4997011361895E-01 -7.2731733526355E-02 -6.3722499759193E+00 -4.5449028928821E-01  1.6890689340020E-01  3.7161549106511E-19 -5.4396573695127E-18 -1.0734484954454E+00 -1.4375042180087E+00
 5.0957360672842E-01  1.2839204417709E-01 -6.4931577679340E+00 -5.4623444804797E-01  1.8070966122045E-01 -1.7150326432712E-18 -6.8119752363013E-18 -1.0733444626378E+00 -1.4382056490252E+00
 5.7449349700374E-01  2.6780257447688E-01 -6.5534387693835E+00 -6.4766252987888E-01  1.9108144545054E-01 -5.2522688305293E-18 -7.6950018514316E-18 -1.0730172920029E+00 -1.4387907267989E+00
 6.4516129032258E-01  3.3790827261539E-01 -6.5452455051519E+00 -7.5853709681165E-01  2.0067828175622E-01 -9.8567334801779E-18 -6.8524867269169E-18 -1.0723685402208E+00 -1.4391038720578E+00
 7.2206280043514E-01  3.4113940599519E-01 -6.4546761601031E+00 -8.7823469402628E-01  2.1039155447970E-01 -1.5261976995841E-17 -3.4679997656539E-18 -1.0712906765302E+00 -1.4389184908378E+00
 8.0574569584327E-01  2.9159479358497E-01 -6.2653767036714E+00 -1.0055739751493E+00  2.2122017131569E-01 -1.9275067894506E-17  3.7560839202504E-18 -1.0696282153086E+00 -1.4379229912042E+00
 8.9682834696002E-01  2.1347751703833E-01 -5.9649910652917E+00 -1.1386658664242E+00  2.3396741352292E-01 -1.9632999651674E-17  1.3989056445222E-17 -1.0672016367514E+00 -1.4356967795717E+00
 9.9601022724332E-01  1.3461352481402E-01 -5.5516855628415E+00 -1.2749145889475E+00  2.4901241606507E-01 -1.3040492102596E-17  2.4835992109775E-17 -1.0637661221885E+00 -1.4316968826255E+00
 1.1040841788897E+00  7.6119895821561E-02 -5.0358886931337E+00 -1.4111324209199E+00  2.6611500731049E-01  3.6518899985702E-20  3.0247266268250E-17 -1.0590356025204E+00 -1.4252413851957E+00
 1.2219509248095E+00  4.4036192167294E-02 -4.4346144270471E+00 -1.5437147579907E+00  2.8455200983234E-01  1.5351290566153E-17  2.5479462408871E-17 -1.0526460138917E+00 -1.4155140334203E+00
 1.3506362979409E+00  2.9885542378894E-02 -3.7620542263684E+00 -1.6686404110580E+00  3.0337699564271E-01  2.3139221213566E-17  9.9791361335105E-18 -1.0441904529144E+00 -1.4015800036388E+00
 1.4913117716510E+00  2.0952824665932E-02 -3.0263534552149E+00 -1.7812967176704E+00  3.2175499521236E-01  1.8339890402400E-17 -7.1938955102800E-18 -1.0332007643501E+00 -1.3824410387121E+00
 1.6453190177622E+00  1.0815053877895E-02 -2.2378661241179E+00 -1.8763084465056E+00  3.3896383287933E-01  4.6280256240869E-18 -1.6710580183882E-17 -1.0192082563219E+00 -1.3571208995757E+00
 1.8141994004940E+00  8.3159778719074E-04 -1.4219625615557E+00 -1.9478124339702E+00  3.5427981642903E-01 -5.0859445591786E-18 -1.6323568888941E-17 -1.0017555133290E+00 -1.3248019244948E+00
 1.9997295470214E+00 -5.3959745665794E-03 -6.2385192374568E-01 -1.9902756606772E+00  3.6683012178112E-01 -5.4986964988777E-18 -1.3977941469678E-17 -9.8048610737596E-01 -1.2849795650146E+00
 2.2039644338840E+00 -5.7907672408904E-03  9.7658012307069E-02 -1.9997174800542E+00  3.7573397059198E-01  1.5672907065414E-18 -1.1306429617893E-17 -9.5517019994929E-01 -1.2376125080440E+00
 2.4292898137085E+00 -8.0115681713479E-05  6.8384104203339E-01 -1.9749085502563E+00  3.8025923568348E-01  8.4697940497177E-18 -5.1261607956190E-18 -9.2577430793467E-01 -1.1831875060926E+00
 2.6784863059733E+00  1.0432002017540E-02  1.0936936906916E+00 -1.9181335544612E+00  3.8005673783222E-01  1.1541136319490E-17  6.1372833846506E-18 -8.9242006518549E-01 -1.1226595722745E+00
 2.9548081253617E+00  2.3054714231144E-02  1.3199508683587E+00 -1.8349128447760E+00  3.7521539980476E-01  8.0338816495831E-18  1.2134793956781E-17 -8.5535326744516E-01 -1.0572437219026E+00
 3.2620802702989E+00  3.4778641352830E-02  1.3924795225271E+00 -1.7325252216638E+00  3.6624602342312E-01  2.8798178198863E-18  7.8559671012224E-18 -8.1481362567685E-01 -9.8815232846803E-01
 3.6048191074170E+00  4.3688070314789E-02  1.3634376282957E+00 -1.6178648185703E+00  3.5379549116097E-01 -2.5055326266676E-19  4.2079167643405E-18 -7.7098626248600E-01 -9.1638983604666E-01
 3.9883827509977E+00  4.9476011360108E-02  1.2828051077312E+00 -1.4958834847443E+00  3.3840335734925E-01  1.7181737315700E-17  6.7624597198604E-18 -7.2394753362984E-01 -8.4271247887532E-01
 4.4191595630774E+00  5.2742109203708E-02  1.1820863287292E+00 -1.3693766903500E+00  3.2030644517031E-01  2.1989643425555E-17 -1.8139697333371E-17 -6.7374227906256E-01 -7.6771756298121E-01
 4.9048056364975E+00  5.3991318607473E-02  1.0745391310667E+00 -1.2398399040902E+00  2.9954665527625E-01  3.9636150162776E-18 -2.6438979905335E-17 -6.2042514687548E-01 -6.9197949387769E-01
 5.4545454545455E+00  5.3359297010249E-02  9.6411347987123E-01 -1.1083813205143E+00  2.7608668197444E-01  1.5711470781662E-17  7.0119066407062E-18 -5.6416448694185E-01 -6.1613515866292E-01
 6.0795542687962E+00  5.0807942900998E-02  8.5220698975462E-01 -9.7622289389412E-01  2.4999106760386E-01  1.4323982940247E-17  4.8266252310523E-18 -5.0526656331656E-01 -5.4092192021370E-01
 6.7934463423832E+00  4.6361399778023E-02  7.4006107081489E-01 -8.4483781887925E-01  2.2146137424924E-01 -1.1941262479759E-17  5.7074509050666E-18 -4.4426343101976E-01 -4.6717613759377E-01
 7.6129002726496E+00  4.0166286469389E-02  6.2916930868785E-01 -7.1599630667180E-01  1.9094433617332E-01 -1.6262768617829E-17 -2.0788624448896E-19 -3.8193399888802E-01 -3.9582448707735E-01
 8.5584611558500E+00  3.2564554669772E-02  5.2134534750820E-01 -5.9174759358278E-01  1.5913740573720E-01  9.1413468356537E-18 -2.1300814206653E-17 -3.1938881712386E-01 -3.2785741717914E-01
 9.6555688906727E+00  2.4086265292439E-02  4.1868805258091E-01 -4.7439569120869E-01  1.2706987063151E-01  1.7541578069378E-17  8.0498476698888E-18 -2.5806665109742E-01 -2.6430043825032E-01
 1.0935870685435E+01  1.5471721689721E-02  3.2353738899551E-01 -3.6639974350769E-01  9.6044448224278E-02 -1.9080401221902E-18 -1.0497814583831E-17 -1.9975503246259E-01 -2.0616961871663E-01
 1.2438879256439E+01  7.5727808899849E-03  2.3831414141269E-01 -2.7023379139855E-01  6.7597082516927E-02 -3.8024130874602E-18 -4.5120542318636E-18 -1.4646136005196E-01 -1.5442700262921E-01
 1.4214025594877E+01  1.2458590455191E-03  1.6529667025015E-01 -1.8813177828177E-01  4.3251891680664E-02 -2.9428830778056E-18  1.2601517453615E-17 -1.0023603695448E-01 -1.0991900943950E-01
 1.6323103064291E+01 -2.8925373617473E-03  1.0624325985876E-01 -1.2176338574173E-01  2.4258151302921E-02 -1.0371628277429E-17 -1.4750182777452E-17 -6.2788882269766E-02 -7.3301966114799E-02
 1.8842958547214E+01 -4.6571907893499E-03  6.1968975591758E-02 -7.1810337032014E-02  1.1173055962687E-02  5.2813743738258E-18  4.3360251952164E-18 -3.5078083520843E-02 -4.4921384119301E-02
 2.1867956415951E+01 -4.4553278920352E-03  3.1917589822932E-02 -3.7593786644884E-02  3.6336505760901E-03 -6.9892928287946E-19 -2.1885924791725E-18 -1.6871740069183E-02 -2.4649222849338E-02
 2.5511030361867E+01 -3.1419551871799E-03  1.4024201959206E-02 -1.6893322630850E-02  3.3427447092440E-04  8.0751074548356E-19  9.0974268130765E-19 -6.6637861140269E-03 -1.1704987178485E-02
 2.9900709274659E+01 -1.6798066246325E-03  5.0385811245362E-03 -6.2552524325658E-03 -4.7696403584140E-04  5.9014477609187E-21 -5.3213728644588E-19 -2.0196325946082E-03 -4.6107236631102E-03
 3.5168864215715E+01 -6.6403115158256E-04  1.4142812137267E-03 -1.8228608761043E-03 -3.5284572699042E-04  1.4159409983921E-18 -1.5590747765921E-18 -4.2700583516800E-04 -1.4350955464698E-03
 4.1419695291531E+01 -1.9002912978455E-04  2.9776332388110E-04 -4.0244261578738E-04 -1.2935660300260E-04 -4.7610130091747E-19  1.9672849743995E-19 -5.1054941439960E-05 -3.3780119571226E-04
 4.8665626607709E+01 -3.7083697634180E-05  4.7610433664143E-05 -6.6577711685599E-05 -3.1373513090141E-05 -1.2272058295223E-18 -3.6750851808937E-19 -2.2821474113004E-06 -5.8772545163293E-05
 5.6716111653915E+01 -6.3331666007469E-06  5.9541281608266E-06 -9.1319341817321E-06 -3.8910911286611E-06  2.6369412178920E-19 -4.9286260052648E-19  1.0512585075314E-06 -8.2796822573340E-06
 6.5027225430406E+01 -8.4803994663366E-08  1.0657683364425E-06 -1.0953406615519E-06 -1.4708411288398E-06 -4.1778583611324E-19  6.1140553563955E-19 -5.0738177486681E-07 -8.8700857905972E-07
 7.2587189964099E+01 -5.3663314539282E-07 -1.5624469074218E-08 -2.7754767508762E-07  4.5961054549590E-07 -1.9051618628239E-19 -4.1551027293636E-19  3.7115260566694E-07 -2.6600740070007E-07
 7.8010805313165E+01  7.7949022374958E-07  3.1378878949875E-07  2.9681080674502E-08 -1.0716099586470E-06 -9.8311815123810E-19 -9.4250430900680E-19 -6.9078517861195E-07  1.8465439098908E-07
 8.0000000000000E+01  0.0000000000000E+00  0.0000000000000E+00  0.0000000000000E+00  0.0000000000000E+00  0.0000000000000E+00  0.0000000000000E+00  0.0000000000000E+00  0.0000000000000E+00
