#  1.0000000000000E+00  0.0000000000000E+00  2.3181424059429E-01 -6.4182155740487E-03  8.0000000000000E-02
 0.0000000000000E+00 -1.5488470664290E-15 -2.4558295828064E-15 -1.1162861740029E-16 -3.7953729916099E-15  1.4958598555378E-38 -3.6103777994771E-38 -1.0709502003527E+00 -1.4345702040769E+00
 1.2134956257652E-03 -3.5611801209993E-02 -3.4765714133171E-02 -5.2300665930725E-06  8.7239216190559E-06  1.2351325970834E-25 -3.1698659762189E-25 -1.0709541096691E+00 -1.4345662488236E+00
 4.8598042576750E-03 -1.3951769467314E-01 -1.3938100239065E-01 -7.2242971210096E-05  9.4591627369400E-05  1.5588780503138E-25 -7.3569638632816E-25 -1.0709784967481E+00 -1.4345372137358E+00
 1.0956449776219E-02 -3.0310451981791E-01 -3.1456425067492E-01 -3.6956920376361E-04  4.7323572355424E-04  5.7422011373853E-25 -1.9572772339815E-24 -1.0710144184535E+00 -1.4344919725017E+00
 1.9532835037547E-02 -5.1260806320863E-01 -5.6076845922579E-01 -1.1783802393924E-03  1.4502652419384E-03  6.1102573246788E-25 -2.9610272528210E-24 -1.0710707397022E+00 -1.4344330918292E+00
 3.0630539981632E-02 -7.5002525230792E-01 -8.7720811149233E-01 -2.9132630405230E-03  3.4298922195188E-03  1.4309529272694E-24 -5.2825333042878E-24 -1.0711407322320E+00 -1.4343669363940E+00
 4.4303746127476E-02 -9.9440927588799E-01 -1.2607658134233E+00 -6.1170730587811E-03  6.8244731778903E-03  1.2360620284384E-24 -6.7518589163282E-24 -1.0712339302989E+00 -1.4342993242902E+00
 6.0619794820640E-02 -1.2235335663728E+00 -1.7050159593792E+00 -1.1472304949723E-02  1.2044374106585E-02  2.4163875357794E-24 -1.0421546277688E-23 -1.0713441384907E+00 -1.4342400462571E+00
 7.9659889028125E-02 -1.4158245590043E+00 -2.1996008172184E+00 -1.9777850547060E-02  1.9397435506631E-02  1.4906014349341E-24 -1.2290292091954E-23 -1.0714811552253E+00 -1.4341984764851E+00
 1.0151995116565E-01 -1.5524259011702E+00 -2.7301798839131E+00 -3.1935328203405E-02  2.9080240971343E-02  2.6048711531130E-24 -1.7623206524728E-23 -1.0716385681032E+00 -1.4341879666497E+00
 1.2631165246940E-01 -1.6191408253407E+00 -3.2790607018275E+00 -4.8898287578288E-02  4.1092697933693E-02 -1.3648926160726E-25 -1.9841257666670E-23 -1.0718252337443E+00 -1.4342212221420E+00
 1.5416363287784E-01 -1.6080169712219E+00 -3.8265346970848E+00 -7.1633938889720E-02  5.5258750307393E-02 -3.0549338330180E-25 -2.7085358753491E-23 -1.0720327509070E+00 -1.4343143133220E+00
 1.8522293437556E-01 -1.5182868645637E+00 -4.3527324764928E+00 -1.0105740849220E-01  7.1182953402467E-02 -7.0418361466792E-24 -2.9277022228954E-23 -1.0722666188951E+00 -1.4344814833579E+00
 2.1965667539691E-01 -1.3565252291555E+00 -4.8397353077943E+00 -1.3799339988108E-01  8.8321578229637E-02 -1.1074661223349E-23 -3.7917963571780E-23 -1.0725133330851E+00 -1.4347383629807E+00
 2.5765399934730E-01 -1.1359485419952E+00 -5.2734810116110E+00 -1.8312819605344E-01  1.0599124417305E-01 -2.5640380679653E-23 -3.8081290218544E-23 -1.0727712088884E+00 -1.4350957074116E+00
 2.9942833676086E-01 -8.7501210706845E-01 -5.6450721162865E+00 -2.3700516101790E-01  1.2348663744202E-01 -3.7760635852037E-23 -4.4623818081860E-23 -1.0730171000074E+00 -1.4355612184697E+00
 3.4522002830748E-01 -5.9552830217497E-01 -5.9510312633066E+00 -3.0001952127474E-01  1.4012330609967E-01 -6.5122901192061E-23 -3.5597122110822E-23 -1.0732368971431E+00 -1.4361314953251E+00
 3.9529936507288E-01 -3.2062473122440E-01 -6.1923469915942E+00 -3.7245338792932E-01  1.5537320312294E-01 -8.8790284569608E-23 -2.8434842383077E-23 -1.0733918266699E+00 -1.4367916084676E+00
 4.4997011361895E-01 -7.2731733526359E-02 -6.3722499759192E+00 -4.5449028928820E-01  1.6890689340019E-01 -1.2894273739980E-22  8.6897314461701E-24 -1.0734484954454E+00 -1.4375042180087E+00
 5.0957360672842E-01  1.2839204417709E-01 -6.4931577679340E+00 -5.4623444804797E-01  1.8070966122044E-01 -1.5421320887441E-22  5.5888244648646E-23 -1.0733444626378E+00 -1.4382056490252E+00
 5.7449349700374E-01  2.6780257447688E-01 -6.5534387693834E+00 -6.4766252987888E-01  1.9108144545053E-01 -1.7958834351593E-22  1.5433101439012E-22 -1.0730172920029E+00 -1.4387907267989E+00
 6.4516129032258E-01  3.3790827261538E-01 -6.5452455051519E+00 -7.5853709681164E-01  2.0067828175621E-01 -1.4817251530519E-22  2.7228856511236E-22 -1.0723685402208E+00 -1.4391038720578E+00
 7.2206280043514E-01  3.4113940599517E-01 -6.4546761601031E+00 -8.7823469402628E-01  2.1039155447969E-01 -5.9664129411509E-23  4.4109853967058E-22 -1.0712906765302E+00 -1.4389184908378E+00
 8.0574569584327E-01  2.9159479358495E-01 -6.2653767036714E+00 -1.0055739751493E+00  2.2122017131568E-01  1.7033873913402E-22  5.7827720808377E-22 -1.0696282153086E+00 -1.4379229912042E+00
 8.9682834696002E-01  2.1347751703831E-01 -5.9649910652916E+00 -1.1386658664242E+00  2.3396741352291E-01  5.2590829122664E-22  6.5474829457353E-22 -1.0672016367514E+00 -1.4356967795717E+00
 9.9601022724332E-01  1.3461352481401E-01 -5.5516855628415E+00 -1.2749145889475E+00  2.4901241606506E-01  1.0355366466998E-21  4.9374224544601E-22 -1.0637661221885E+00 -1.4316968826255E+00
 1.1040841788897E+00  7.6119895821549E-02 -5.0358886931337E+00 -1.4111324209199E+00  2.6611500731048E-01  1.5196698662643E-21  3.4892637035449E-23 -1.0590356025204E+00 -1.4252413851957E+00
 1.2219509248095E+00  4.4036192167282E-02 -4.4346144270471E+00 -1.5437147579906E+00  2.8455200983233E-01  1.8088801052778E-21 -8.1714974482667E-22 -1.0526460138917E+00 -1.4155140334203E+00
 1.3506362979409E+00  2.9885542378886E-02 -3.7620542263684E+00 -1.6686404110580E+00  3.0337699564270E-01  1.5857150432817E-21 -1.8067768977430E-21 -1.0441904529144E+00 -1.4015800036388E+00
 1.4913117716510E+00  2.0952824665929E-02 -3.0263534552148E+00 -1.7812967176704E+00  3.2175499521235E-01  8.8223268745924E-22 -2.6326816430482E-21 -1.0332007643501E+00 -1.3824410387121E+00
 1.6453190177622E+00  1.0815053877896E-02 -2.2378661241179E+00 -1.8763084465056E+00  3.3896383287932E-01 -6.4778792363890E-23 -2.8635181714232E-21 -1.0192082563219E+00 -1.3571208995757E+00
 1.8141994004940E+00  8.3159778719057E-04 -1.4219625615557E+00 -1.9478124339702E+00  3.5427981642902E-01 -6.5638378177193E-22 -2.6505530144152E-21 -1.0017555133290E+00 -1.3248019244948E+00
 1.9997295470214E+00 -5.3959745665713E-03 -6.2385192374568E-01 -1.9902756606772E+00  3.6683012178110E-01 -8.0022487458685E-22 -2.2738393189252E-21 -9.8048610737596E-01 -1.2849795650146E+00
 2.2039644338840E+00 -5.7907672408476E-03  9.7658012307060E-02 -1.9997174800542E+00  3.7573397059197E-01 -6.2737446633226E-22 -2.0368426711541E-21 -9.5517019994928E-01 -1.2376125080440E+00
 2.4292898137085E+00 -8.0115681709772E-05  6.8384104203337E-01 -1.9749085502563E+00  3.8025923568346E-01 -4.1358774782187E-22 -1.5839058926238E-21 -9.2577430793466E-01 -1.1831875060926E+00
 2.6784863059733E+00  1.0432002017512E-02  1.0936936906916E+00 -1.9181335544612E+00  3.8005673783220E-01  7.9644329459032E-23 -1.0603608730073E-21 -8.9242006518548E-01 -1.1226595722745E+00
 2.9548081253617E+00  2.3054714231132E-02  1.3199508683587E+00 -1.8349128447760E+00  3.7521539980475E-01  5.0608747277497E-22 -6.8163805673081E-22 -8.5535326744516E-01 -1.0572437219026E+00
 3.2620802702989E+00  3.4778641352832E-02  1.3924795225271E+00 -1.7325252216638E+00  3.6624602342311E-01  6.0219899330151E-22 -7.6753704141802E-22 -8.1481362567684E-01 -9.8815232846803E-01
 3.6048191074170E+00  4.3688070314786E-02  1.3634376282957E+00 -1.6178648185703E+00  3.5379549116097E-01  1.6802078160432E-22 -9.5490225034855E-22 -7.7098626248599E-01 -9.1638983604666E-01
 3.9883827509977E+00  4.9476011360097E-02  1.2828051077312E+00 -1.4958834847443E+00  3.3840335734924E-01 -5.7205700111874E-22 -1.4474742627502E-21 -7.2394753362983E-01 -8.4271247887532E-01
 4.4191595630774E+00  5.2742109203705E-02  1.1820863287291E+00 -1.3693766903500E+00  3.2030644517030E-01 -1.9967822523610E-21 -1.9850601138779E-21 -6.7374227906255E-01 -7.6771756298121E-01
 4.9048056364975E+00  5.3991318607468E-02  1.0745391310667E+00 -1.2398399040902E+00  2.9954665527625E-01 -2.5764347006895E-21 -2.0244492889438E-21 -6.2042514687547E-01 -6.9197949387769E-01
 5.4545454545455E+00  5.3359297010245E-02  9.6411347987123E-01 -1.1083813205143E+00  2.7608668197444E-01 -7.0566567997853E-22 -1.3919314776258E-21 -5.6416448694185E-01 -6.1613515866292E-01
 6.0795542687962E+00  5.0807942900994E-02  8.5220698975462E-01 -9.7622289389412E-01  2.4999106760385E-01  9.0773341549995E-22 -1.3614975001622E-21 -5.0526656331656E-01 -5.4092192021370E-01
 6.7934463423832E+00  4.6361399778021E-02  7.4006107081489E-01 -8.4483781887925E-01  2.2146137424924E-01  6.8128013953508E-22  1.1442520708880E-21 -4.4426343101976E-01 -4.6717613759377E-01
 7.6129002726496E+00  4.0166286469385E-02  6.2916930868785E-01 -7.1599630667180E-01  1.9094433617331E-01 -3.4318297349868E-22  2.0282723164014E-21 -3.8193399888802E-01 -3.9582448707735E-01
 8.5584611558500E+00  3.2564554669770E-02  5.2134534750820E-01 -5.9174759358278E-01  1.5913740573720E-01 -2.2817087700745E-21 -9.5485934597855E-22 -3.1938881712386E-01 -3.2785741717914E-01
 9.6555688906727E+00  2.4086265292437E-02  4.1868805258091E-01 -4.7439569120869E-01  1.2706987063150E-01  2.0229460774546E-22 -1.9726267940198E-21 -2.5806665109742E-01 -2.6430043825032E-01
 1.0935870685435E+01  1.5471721689720E-02  3.2353738899551E-01 -3.6639974350769E-01  9.6044448224277E-02 -1.3474558059407E-21  3.1100191885687E-22 -1.9975503246259E-01 -2.0616961871663E-01
 1.2438879256439E+01  7.5727808899842E-03  2.3831414141269E-01 -2.7023379139855E-01  6.7597082516927E-02 -4.5308155781592E-22  5.6245055338734E-22 -1.4646136005196E-01 -1.5442700262921E-01
 1.4214025594877E+01  1.2458590455188E-03  1.6529667025015E-01 -1.8813177828177E-01  4.3251891680664E-02  1.7377158419792E-21  2.9197182664312E-22 -1.0023603695448E-01 -1.0991900943950E-01
 1.6323103064291E+01 -2.8925373617474E-03  1.0624325985876E-01 -1.2176338574173E-01  2.4258151302921E-02 -1.6278388871741E-21  1.6871494481920E-21 -6.2788882269766E-02 -7.3301966114799E-02
 1.8842958547214E+01 -4.6571907893498E-03  6.1968975591757E-02 -7.1810337032014E-02  1.1173055962687E-02  4.0894683322508E-22 -7.2316239292626E-22 -3.5078083520842E-02 -4.4921384119301E-02
 2.1867956415951E+01 -4.4553278920351E-03  3.1917589822932E-02 -3.7593786644884E-02  3.6336505760902E-03 -2.7966034664651E-22  1.0363596885893E-22 -1.6871740069183E-02 -2.4649222849338E-02
 2.5511030361867E+01 -3.1419551871800E-03  1.4024201959206E-02 -1.6893322630850E-02  3.3427447092443E-04  9.6376331174676E-23 -1.1194046154932E-22 -6.6637861140269E-03 -1.1704987178485E-02
 2.9900709274659E+01 -1.6798066246325E-03  5.0385811245361E-03 -6.2552524325658E-03 -4.7696403584139E-04 -7.6766799181920E-23  1.5756858220622E-25 -2.0196325946081E-03 -4.6107236631101E-03
 3.5168864215715E+01 -6.6403115158257E-04  1.4142812137266E-03 -1.8228608761043E-03 -3.5284572699040E-04 -2.6874720117380E-22 -1.3172803911301E-22 -4.2700583516801E-04 -1.4350955464698E-03
 4.1419695291531E+01 -1.9002912978454E-04  2.9776332388118E-04 -4.0244261578740E-04 -1.2935660300258E-04  4.3770138957389E-23  5.3333129250335E-23 -5.1054941440011E-05 -3.3780119571228E-04
 4.8665626607709E+01 -3.7083697634231E-05  4.7610433664164E-05 -6.6577711685614E-05 -3.1373513090104E-05 -7.2121987079872E-24  1.9101982001355E-22 -2.2821474113028E-06 -5.8772545163316E-05
 5.6716111653915E+01 -6.3331666007098E-06  5.9541281608547E-06 -9.1319341817393E-06 -3.8910911286597E-06 -7.8143326360159E-23 -2.2612015356859E-23  1.0512585075241E-06 -8.2796822573371E-06
 6.5027225430406E+01 -8.4803994631980E-08  1.0657683364216E-06 -1.0953406615782E-06 -1.4708411288480E-06  1.0059539068176E-22  3.9555799781593E-23 -5.0738177485651E-07 -8.8700857902580E-07
 7.2587189964099E+01 -5.3663314537265E-07 -1.5624469085528E-08 -2.7754767510068E-07  4.5961054550425E-07 -5.0615406359836E-23  4.0434376144553E-23  3.7115260566872E-07 -2.6600740069178E-07
 7.8010805313165E+01  7.7949022371987E-07  3.1378878951119E-07  2.9681080633315E-08 -1.0716099586630E-06 -9.8525501838772E-23  1.6980157040516E-22 -6.9078517861877E-07  1.8465439098506E-07
 8.0000000000000E+01  0.0000000000000E+00  0.0000000000000E+00  0.0000000000000E+00  0.0000000000000E+00  0.0000000000000E+00  0.0000000000000E+00  0.0000000000000E+00  0.0000000000000E+00
