 0.0000000000000E+00  1.0010808689421E+00  2.9078699140816E-01 -1.0083008528085E-17  2.3745647902744E-01  1.4553395963141E+00  6.4182155740486E-03  6.4182155740502E-03 -1.5246647896008E-15  1.8362616001019E-15
 5.6228775510204E+00  1.0378685360233E+00  3.0147281646320E-01  1.0756111862454E-15  2.4618251722051E-01  1.5642663896093E+00  6.4182155740469E-03  6.4182155740481E-03 -1.8734110357102E-15 -1.5044670865890E-15
 1.1245755102041E+01  1.0760080743581E+00  3.1255132365492E-01  6.1006252797897E-16  2.5522921940580E-01  1.6813459510471E+00  6.4182155740477E-03  6.4182155740480E-03 -1.5928663142970E-15 -4.5992419823479E-16
 1.6868632653061E+01  1.1155491624401E+00  3.2403694324582E-01  4.5326380238406E-16  2.6460836932683E-01  1.8071884852098E+00  6.4182155740481E-03  6.4182155740478E-03 -8.4949906889815E-16 -7.7028270761533E-17
 2.2491510204082E+01  1.1565433043459E+00  3.3594463578092E-01  3.5218878298551E-16  2.7433218375551E-01  1.9424498682385E+00  6.4182155740471E-03  6.4182155740468E-03 -9.4148702299481E-16 -1.4940575035098E-16
 2.8114387755102E+01  1.1990438968207E+00  3.4828991157454E-01  2.6034878365791E-16  2.8441332840500E-01  2.0878350661811E+00  6.4182155740473E-03  6.4182155740469E-03 -6.0842739035055E-16  2.9348598197857E-16
 3.3737265306122E+01  1.2431062988308E+00  3.6108885091326E-01  2.0629132352512E-16  2.9486493442747E-01  2.2441018091903E+00  6.4182155740475E-03  6.4182155740470E-03 -5.9551263449651E-16  6.5837612614327E-16
 3.9360142857143E+01  1.2887879036708E+00  3.7435812500113E-01 -1.7086103754208E-22  3.0570061551794E-01  2.4120645407219E+00  6.4182155740474E-03  6.4182155740469E-03 -4.2664108794123E-16  4.3818696698687E-16
 4.4983020408163E+01  1.3361482137210E+00  3.8811501767477E-01 -1.7798810412455E-22  3.1693448564680E-01  2.5925986623161E+00  6.4182155740468E-03  6.4182155740466E-03  1.8777568980279E-16 -9.3932880152176E-18
 5.0605897959184E+01  1.3852489179523E+00  4.0237744791630E-01 -3.3241743138524E-23  3.2858117744387E-01  2.7866450960850E+00  6.4182155740467E-03  6.4182155740467E-03  3.1326397399673E-17  1.6903610577530E-16
 5.6228775510204E+01  1.4361539722782E+00  4.1716399319367E-01  6.3010358971963E-17  3.4065586125810E-01  2.9952151886854E+00  6.4182155740472E-03  6.4182155740472E-03 -4.3577073373345E-17  3.6349761056350E-16
 6.1851653061224E+01  1.4889296828612E+00  4.3249391365861E-01  4.6260698372455E-17  3.5317426491759E-01  3.2193959823357E+00  6.4182155740472E-03  6.4182155740472E-03  1.8019507954381E-16  1.0259578495066E-16
 6.7474530612245E+01  1.5436447924790E+00  4.4838717723393E-01  3.3838942890811E-17  3.6615269421587E-01  3.4603558803495E+00  6.4182155740471E-03  6.4182155740471E-03  3.5505601349256E-16 -2.7168764722926E-16
 7.3097408163265E+01  1.6003705700650E+00  4.6486448562259E-01  2.4738526007657E-17  3.7960805415089E-01  3.7193507367123E+00  6.4182155740466E-03  6.4182155740467E-03  1.2720106136245E-16 -1.6512837582465E-16
 7.8720285714286E+01  1.6591809035402E+00  4.8194730127265E-01  1.8112903788056E-17  3.9355787094461E-01  3.9977304014423E+00  6.4182155740470E-03  6.4182155740470E-03 -2.7427459475106E-16  1.0541501898812E-16
 8.4343163265306E+01  1.7201523960544E+00  4.9965787533309E-01  1.3261113261880E-17  4.0802031487162E-01  4.2969457558452E+00  6.4182155740469E-03  6.4182155740469E-03 -4.3616947217425E-16 -1.0751654781354E-17
 8.9966040816327E+01  1.7833644657664E+00  5.1801927663692E-01  9.6885244649055E-18  4.2301422392686E-01  4.6185562743338E+00  6.4182155740469E-03  6.4182155740470E-03 -1.2049629341708E-16  5.3117713190538E-17
 9.5588918367347E+01  1.8488994492891E+00  5.3705542174944E-01  7.0592082706310E-18  4.3855912836286E-01  4.9642381522203E+00  6.4182155740471E-03  6.4182155740470E-03  3.4659956091998E-16 -1.5972016393162E-16
 1.0121179591837E+02  1.9168427089369E+00  5.5679110612061E-01  5.1299723299801E-18  4.5467527612890E-01  5.3357930418449E+00  6.4182155740464E-03  6.4182155740465E-03 -3.9418462320515E-17 -2.6738952091766E-16
 1.0683467346939E+02  1.9872827439142E+00  5.7725203638228E-01  3.7197191433844E-18  4.7138365924478E-01  5.7351574425710E+00  6.4182155740467E-03  6.4182155740467E-03 -3.2343876194621E-16  2.0071161290457E-17
 1.1245755102041E+02  2.0603113055892E+00  5.9846486383227E-01  9.1299223636253E-22  4.8870604114398E-01  6.1644127935862E+00  6.4182155740466E-03  6.4182155740465E-03  1.2842233836783E-16 -1.7912026317406E-16
 1.1808042857143E+02  2.1360235170050E+00  6.2045721914888E-01  6.4123708160484E-22  5.0666498502147E-01  6.6257963221135E+00  6.4182155740464E-03  6.4182155740464E-03 -9.9549611395669E-17 -1.5669582804592E-16
 1.2370330612245E+02  2.2145179967808E+00  6.4325774838113E-01  4.5283842539789E-22  5.2528388322332E-01  7.1217127035703E+00  6.4182155740470E-03  6.4182155740470E-03  1.3529868449168E-16  1.9964302516476E-16
 1.2932618367347E+02  2.2958969875679E+00  6.6689615026152E-01  3.2009642646244E-22  5.4458698771631E-01  7.6547465944464E+00  6.4182155740470E-03  6.4182155740469E-03  3.2708364000236E-16  1.3426059808366E-16
 1.3494906122449E+02  2.3802664892252E+00  6.9140321489003E-01  2.2645117245650E-22  5.6459944167722E-01  8.2276761032235E+00  6.4182155740467E-03  6.4182155740466E-03 -2.5290894453282E-16  9.1919694008130E-17
 1.4057193877551E+02  2.4677363968887E+00  7.1681086383962E-01  1.6061353945627E-22  5.8534731224294E-01  8.8434872695418E+00  6.4182155740470E-03  6.4182155740469E-03 -1.9332715603947E-16  1.6349835587286E-16
 1.4619481632653E+02  2.5584206441152E+00  7.4315219173550E-01  1.1485656094029E-22  6.0685762446417E-01  9.5053896270793E+00  6.4182155740471E-03  6.4182155740471E-03 -1.1941096700506E-16  1.5129841098701E-16
 1.5181769387755E+02  2.6524373512857E+00  7.7046150936245E-01  8.3892910213896E-23  6.2915839650675E-01  1.0216832931255E+01  6.4182155740470E-03  6.4182155740471E-03 -1.1879363112658E-16 -8.7060236322398E-17
 1.5744057142857E+02  2.7499089794628E+00  7.9877438835616E-01  6.3299277988780E-23  6.5227867614656E-01  1.0981525138938E+01  6.4182155740468E-03  6.4182155740467E-03  3.8419280510823E-16 -1.0270551562455E-16
 1.6306344897959E+02  2.8509624899019E+00  8.2812770753692E-01  4.9024727710916E-23  6.7624857860567E-01  1.1803451733874E+01  6.4182155740468E-03  6.4182155740469E-03  2.4760486831450E-16 -2.3227036086695E-16
 1.6868632653061E+02  2.9557295094237E+00  8.5855970094596E-01  3.7105203001133E-23  7.0109932577873E-01  1.2686896498547E+01  6.4182155740463E-03  6.4182155740466E-03 -2.2684871743154E-16 -2.7200970992009E-16
 1.7430920408163E+02  3.0643465018647E+00  8.9011000764704E-01  2.5940262053648E-23  7.2686328690090E-01  1.3636463840736E+01  6.4182155740468E-03  6.4182155740469E-03 -2.1215776578194E-16  1.6303417800579E-16
 1.7993208163265E+02  3.1769549458269E+00  9.2281972335816E-01  1.7462048453866E-23  7.5357402071034E-01  1.4657102791136E+01  6.4182155740471E-03  6.4182155740469E-03  1.7001145351238E-16  2.8463065333653E-16
 1.8555495918367E+02  3.2937015189609E+00  9.5673145398059E-01  1.1851228607314E-23  7.8126631915992E-01  1.5754132797108E+01  6.4182155740471E-03  6.4182155740469E-03  5.0082134161915E-16  5.4411310951968E-17
 1.9117783673469E+02  3.4147382890195E+00  9.9188937109503E-01  8.3206734293701E-24  8.0997625273537E-01  1.6933271447002E+01  6.4182155740466E-03  6.4182155740467E-03 -1.2160613099745E-16 -1.1517354903064E-16
 1.9680071428571E+02  3.5402229119337E+00  1.0283392694971E+00  6.0954483832425E-24  8.3974121743874E-01  1.8200664269537E+01  6.4182155740468E-03  6.4182155740468E-03 -2.9040970225604E-16  4.8929317552822E-17
 2.0242359183673E+02  3.6703188371659E+00  1.0661286268471E+00  4.6482270192868E-24  8.7059998349839E-01  1.9562916763555E+01  6.4182155740471E-03  6.4182155740470E-03 -2.2752847039831E-16  2.8885321580931E-16
 2.0804646938776E+02  3.8051955206112E+00  1.1053066655121E+00  3.6612701775003E-24  9.0259274586898E-01  2.1027128825091E+01  6.4182155740468E-03  6.4182155740470E-03 -5.7762128569469E-17 -1.2762177510120E-16
 2.1366934693878E+02  3.9450286453206E+00  1.1459244166798E+00  2.9347520190981E-24  9.3576117658726E-01  2.2600931751173E+01  6.4182155740464E-03  6.4182155740465E-03 -2.0310393182960E-17 -2.2485252749530E-16
 2.1929222448980E+02  4.0900003503369E+00  1.1880347868296E+00  2.3697522999992E-24  9.7014847905180E-01  2.4292528013223E+01  6.4182155740470E-03  6.4182155740468E-03  5.9489302028321E-17  5.7554390012964E-17
 2.2491510204082E+02  4.2402994679387E+00  1.2316926266452E+00  1.9138814486881E-24  1.0057994442974E+00  2.6110734007353E+01  6.4182155740467E-03  6.4182155740466E-03  6.6496040537144E-17  5.7727107358849E-17
 2.3053797959184E+02  4.3961217696033E+00  1.2769548024604E+00  1.5393428946767E-24  1.0427605093373E+00  2.8065026004360E+01  6.4182155740469E-03  6.4182155740469E-03 -4.9022658393409E-17  6.8901543003508E-17
 2.3616085714286E+02  4.5576702210080E+00  1.3238802703302E+00  1.2303098377569E-24  1.0810798176500E+00  3.0165589538908E+01  6.4182155740470E-03  6.4182155740470E-03  8.0164082863020E-17  7.2086019068266E-17
 2.4178373469388E+02  4.7251552464020E+00  1.3725301528235E+00  9.7632578737828E-25  1.1208072818876E+00  3.2423372495308E+01  6.4182155740468E-03  6.4182155740468E-03  2.4820325123301E-16 -2.7432158675401E-16
 2.4740661224490E+02  4.8987950026937E+00  1.4229678186379E+00  7.6922305549015E-25  1.1619946488900E+00  3.4850142166574E+01  6.4182155740463E-03  6.4182155740464E-03  6.6169558805343E-17 -1.2456683704585E-16
 2.5302948979592E+02  5.0788156636104E+00  1.4752589651410E+00  6.0189594445600E-25  1.2046955670872E+00  3.7458546584141E+01  6.4182155740469E-03  6.4182155740469E-03 -2.5173668986416E-16 -6.2293322190689E-17
 2.5865236734694E+02  5.2654517142992E+00  1.5294717039434E+00  4.6793575084323E-25  1.2489656563788E+00  4.0262180437877E+01  6.4182155740465E-03  6.4182155740465E-03  2.3066745200098E-16 -7.8445958696375E-17
 2.6427524489796E+02  5.4589462567554E+00  1.5856766496180E+00  3.6159359771637E-25  1.2948625805816E+00  4.3275655929973E+01  6.4182155740472E-03  6.4182155740470E-03  2.0603798600348E-16  3.6965066601066E-16
 2.6989812244898E+02  5.6595513264735E+00  1.6439470116779E+00  2.7781892185136E-25  1.3424461225392E+00  4.6514678931982E+01  6.4182155740469E-03  6.4182155740468E-03 -2.1838670665057E-16 -1.1755920737067E-16
 2.7552100000000E+02  5.8675282207349E+00  1.7043586899358E+00  2.1227698959586E-25  1.3917782619922E+00  4.9996130841933E+01  6.4182155740460E-03  6.4182155740460E-03 -4.4672493228286E-16  4.5412921292844E-16
