#  1.0000000000000E+00  0.0000000000000E+00  2.3181424059429E-01 -6.4182155740464E-03
 0.0000000000000E+00  4.1163052666369E-16 -8.0233068756481E-17  2.5116438915072E-16 -1.1511701169408E-16  8.7575900107227E-40 -2.0025592973448E-39  2.3569493713060E-01 -2.8869985159561E-02
 1.2134956257652E-03  4.8358283716292E-03 -5.9082557927473E-03 -1.3160670440082E-06 -7.5284686279311E-07  2.8593248905649E-27 -2.3873858958161E-26  2.3569442245966E-01 -2.8870565092489E-02
 4.8598042576750E-03  1.9432308598184E-02 -2.3184624471702E-02 -1.3481250661675E-05 -1.0565031927375E-05  8.3502890748200E-27 -4.7397008683695E-26  2.3569038382955E-01 -2.8874147567935E-02
 1.0956449776219E-02  4.4017987720321E-02 -5.0507411906331E-02 -6.7487625403956E-05 -5.4026493761379E-05  2.2903634053952E-26 -1.3481374226343E-25  2.3568384781138E-01 -2.8879381450338E-02
 1.9532835037547E-02  7.8851978641429E-02 -8.5753676649988E-02 -2.0646087505171E-04 -1.7227047285735E-04  3.2517746297745E-26 -1.9067874789244E-25  2.3567558421394E-01 -2.8887625592108E-02
 3.0630539981632E-02  1.2406253605216E-01 -1.2612478973253E-01 -4.8791891382167E-04 -4.2579894572474E-04  5.9830420486218E-26 -3.5942460678825E-25  2.3566612347759E-01 -2.8897825921042E-02
 4.4303746127476E-02  1.7946140922158E-01 -1.6832857266600E-01 -9.6954054905105E-04 -8.9391840875403E-04  6.3791528524420E-26 -4.3411143361485E-25  2.3565670635980E-01 -2.8911438513021E-02
 6.0619794820640E-02  2.4437007409904E-01 -2.0881931238269E-01 -1.7086570581482E-03 -1.6762354166699E-03  9.4915170686762E-26 -7.0496157128141E-25  2.3564835569244E-01 -2.8927490190455E-02
 7.9659889028125E-02  3.1749497816984E-01 -2.4408422055351E-01 -2.7464897130030E-03 -2.8895223210039E-03  6.6272894650934E-26 -7.8708701953490E-25  2.3564281628958E-01 -2.8947486519086E-02
 1.0151995116565E-01  3.9688771978155E-01 -2.7095938244797E-01 -4.1077439842094E-03 -4.6656440708514E-03  6.6634047890367E-26 -1.1838535332257E-24  2.3564160397497E-01 -2.8970447455790E-02
 1.2631165246940E-01  4.8001103737760E-01 -2.8693931033636E-01 -5.7869007799216E-03 -7.1444826415249E-03 -5.9525025047356E-26 -1.2603206575045E-24  2.3564690546012E-01 -2.8997789982099E-02
 1.5416363287784E-01  5.6391922729457E-01 -2.9044555444469E-01 -7.7519275321555E-03 -1.0468317207380E-02 -1.7616014209116E-25 -1.7996244381714E-24  2.3566056448019E-01 -2.9028330449748E-02
 1.8522293437556E-01  6.4553069148175E-01 -2.8100866846989E-01 -9.9365315067474E-03 -1.4772551766905E-02 -5.3455169863483E-25 -1.8311599083704E-24  2.3568489023813E-01 -2.9063140874422E-02
 2.1965667539691E-01  7.2195647748290E-01 -2.5933815202862E-01 -1.2251159919061E-02 -2.0180001959546E-02 -9.4095223266305E-25 -2.4748814267491E-24  2.3572151732799E-01 -2.9100522836524E-02
 2.5765399934730E-01  7.9081578712167E-01 -2.2726108005517E-01 -1.4582984681902E-02 -2.6794084304269E-02 -1.7677450229224E-24 -2.3085172235833E-24  2.3577204564460E-01 -2.9140852473424E-02
 2.9942833676086E-01  8.5047458001144E-01 -1.8754491985443E-01 -1.6814152552060E-02 -3.4697909239867E-02 -2.7334112165658E-24 -2.8173025026495E-24  2.3583668185604E-01 -2.9181547101459E-02
 3.4522002830748E-01  9.0012870337963E-01 -1.4362965119237E-01 -1.8827575170968E-02 -4.3953622154931E-02 -4.3188542793496E-24 -1.9556162561225E-24  2.3591459850795E-01 -2.9221927658474E-02
 3.9529936507288E-01  9.3969418154017E-01 -9.9312343230809E-02 -2.0528966404020E-02 -5.4607196166702E-02 -6.0331782389124E-24 -1.5591887751957E-24  2.3600222058953E-01 -2.9258205887504E-02
 4.4997011361895E-01  9.6948186378867E-01 -5.8409238431513E-02 -2.1853941406418E-02 -6.6690489739612E-02 -8.2947679174041E-24  1.2550019464695E-24  2.3609313442015E-01 -2.9288388123072E-02
 5.0957360672842E-01  9.8971585237354E-01 -2.4396671145527E-02 -2.2788501878549E-02 -8.0223213969848E-02 -1.0005744590923E-23  4.2558443980598E-24  2.3617581441872E-01 -2.9307288122498E-02
 5.7449349700374E-01  9.9999999999997E-01  3.1175908209169E-14 -2.3370590567417E-02 -9.5204638995486E-02 -1.0972253900125E-23  1.1141902680538E-23  2.3623284220777E-01 -2.9311449907376E-02
 6.4516129032258E-01  9.9894664475736E-01  1.3297941864252E-02 -2.3698926563768E-02 -1.1159816992606E-01 -8.6703844744903E-24  1.8583136324522E-23  2.3623782733862E-01 -2.9294116989035E-02
 7.2206280043514E-01  9.8419659508849E-01  1.5772468295410E-02 -2.3914112619432E-02 -1.2930282619546E-01 -1.6066056760946E-24  2.9813782659607E-23  2.3615374190280E-01 -2.9250055476508E-02
 8.0574569584327E-01  9.5303567622069E-01  9.7821520649154E-03 -2.4177724339112E-02 -1.4812440847225E-01  1.4194820414013E-23  3.7698369006755E-23  2.3592901453278E-01 -2.9170318240228E-02
 8.9682834696002E-01  9.0351625712839E-01 -4.8776474510764E-04 -2.4620856073566E-02 -1.6775260173723E-01  3.9364662681978E-23  4.1601439073549E-23  2.3549531116693E-01 -2.9046826998988E-02
 9.9601022724332E-01  8.3559489990370E-01 -1.0171319312982E-02 -2.5305039905569E-02 -1.8776449880538E-01  7.3479333952573E-23  2.7510613410391E-23  2.3476372079610E-01 -2.8866917411985E-02
 1.1040841788897E+00  7.5142337846051E-01 -1.5565147006896E-02 -2.6189974135395E-02 -2.0765037688118E-01  1.0604480370691E-22 -7.1319306101270E-24  2.3362372192784E-01 -2.8617948918079E-02
 1.2219509248095E+00  6.5431199461959E-01 -1.5638972457183E-02 -2.7159784081267E-02 -2.2684946310314E-01  1.2180138933120E-22 -7.1231717858918E-23  2.3194222080110E-01 -2.8282265202317E-02
 1.3506362979409E+00  5.4701013632048E-01 -1.1967476543993E-02 -2.8072535813199E-02 -2.4475558857110E-01  9.9894940588090E-23 -1.4456736108921E-22  2.2956761705589E-01 -2.7842746224675E-02
 1.4913117716510E+00  4.3105299015218E-01 -6.9438383767033E-03 -2.8822533252609E-02 -2.6068837784011E-01  3.7174992595737E-23 -2.0671940366199E-22  2.2633678428438E-01 -2.7279062491891E-02
 1.6453190177622E+00  3.0812068597326E-01 -1.9440067740814E-03 -2.9343495273207E-02 -2.7386168546354E-01 -4.6508839005647E-23 -2.2044681177192E-22  2.2209009274199E-01 -2.6574684400629E-02
 1.8141994004940E+00  1.8219367204394E-01  2.9115065795249E-03 -2.9588148513358E-02 -2.8342170639293E-01 -1.0789426246181E-22 -1.9503881374196E-22  2.1669124888721E-01 -2.5714453826680E-02
 1.9997295470214E+00  6.0328219719874E-02  7.7816159854280E-03 -2.9498463243344E-02 -2.8857162554564E-01 -1.2597110678574E-22 -1.4982115061885E-22  2.1005334200306E-01 -2.4692579776256E-02
 2.2039644338840E+00 -4.8422595367845E-02  1.2494900416697E-02 -2.9020487991363E-02 -2.8875497385100E-01 -1.0938904204347E-22 -1.2222268021554E-22  2.0216109321755E-01 -2.3510222034794E-02
 2.4292898137085E+00 -1.3521359499016E-01  1.6627736639319E-02 -2.8117120698279E-02 -2.8383054355507E-01 -7.9117935656086E-23 -9.3898699476314E-23  1.9308315707160E-01 -2.2181747138789E-02
 2.6784863059733E+00 -1.9411520116999E-01  1.9706438632312E-02 -2.6792426954043E-02 -2.7417767548088E-01 -3.4852097976759E-23 -7.4186441077391E-23  1.8296171881357E-01 -2.0728325590225E-02
 2.9548081253617E+00 -2.2447491389851E-01  2.1363525500561E-02 -2.5091832766679E-02 -2.6064697361728E-01  3.0390024413649E-24 -5.9570952958935E-23  1.7198209367333E-01 -1.9179046606798E-02
 3.2620802702989E+00 -2.3127738807375E-01  2.1510389286950E-02 -2.3103984178761E-02 -2.4433682713435E-01  9.0880517908884E-24 -6.7875775056082E-23  1.6033049603414E-01 -1.7560698307669E-02
 3.6048191074170E+00 -2.2273897807851E-01  2.0412461646219E-02 -2.0930901431590E-02 -2.2627980759046E-01 -2.4282026060295E-23 -6.5798815224093E-23  1.4816416122803E-01 -1.5899141227995E-02
 3.9883827509977E+00 -2.0655622855015E-01  1.8548987397558E-02 -1.8668029077732E-02 -2.0722181112643E-01 -8.9839591752291E-23 -7.1416137817902E-23  1.3560442050108E-01 -1.4213607840717E-02
 4.4191595630774E+00 -1.8752237599572E-01  1.6363870171302E-02 -1.6380580016909E-02 -1.8760020571698E-01 -1.9462930333762E-22 -5.9954549033013E-23  1.2275390505310E-01 -1.2523956280564E-02
 4.9048056364975E+00 -1.6766829906304E-01  1.4113337092056E-02 -1.4115128521253E-02 -1.6767341314386E-01 -2.3106251018379E-22 -4.8879350843128E-23  1.0971827039366E-01 -1.0848256679071E-02
 5.4545454545455E+00 -1.4765401822577E-01  1.1905315109152E-02 -1.1904915401438E-02 -1.4765401216288E-01 -9.7854230069066E-23 -6.4501856259759E-23  9.6623471398252E-02 -9.2096897765256E-03
 6.0795542687962E+00 -1.2777882603781E-01  9.7867009666115E-03 -9.7871619195078E-03 -1.2777896858849E-01  1.4670690567331E-23 -1.1337734672225E-22  8.3622217050619E-02 -7.6318069632167E-03
 6.7934463423832E+00 -1.0832677680930E-01  7.7981516602146E-03 -7.7976812214905E-03 -1.0832664184040E-01  8.1422256057406E-23  4.9648295262487E-23  7.0896945649226E-02 -6.1433148000222E-03
 7.6129002726496E+00 -8.9617833266602E-02  5.9773417218479E-03 -5.9778209955729E-03 -8.9617962922607E-02  4.2505859006240E-23  1.4248731841328E-22  5.8657005473247E-02 -4.7717306396573E-03
 8.5584611558500E+00 -7.2005900130145E-02  4.3643025724879E-03 -4.3638154925989E-03 -7.2005774923132E-02 -1.7575935509593E-22  1.4261237186538E-23  4.7133736006392E-02 -3.5468105719502E-03
 9.6555688906727E+00 -5.5858542222191E-02  2.9905843963347E-03 -2.9910784075537E-03 -5.5858663803706E-02 -5.5780521225881E-23 -1.2993183687580E-22  3.6567763959843E-02 -2.4926133377002E-03
 1.0935870685435E+01 -4.1530964589157E-02  1.8818155102835E-03 -1.8813154070456E-03 -4.1530845899973E-02 -7.6582433065606E-23  6.5393332127135E-23  2.7191470491403E-02 -1.6294178830231E-03
 1.2438879256439E+01 -2.9324023396875E-02  1.0449470393926E-03 -1.0454522890864E-03 -2.9324139803096E-02 -9.7264526906579E-24  5.1182721703168E-23  1.9201969115696E-02 -9.6457343206525E-04
 1.4214025594877E+01 -1.9438379828638E-02  4.7142025254426E-04 -4.7091110722258E-04 -1.9438265252770E-02  1.2257121121721E-22 -3.9493014836020E-23  1.2730752049948E-02 -4.9444974037767E-04
 1.6323103064291E+01 -1.1924121554543E-02  1.2731751704974E-04 -1.2782871637422E-04 -1.1924234553817E-02 -4.6535863232776E-23  1.6391402152265E-22  7.8110004163796E-03 -1.9725532570618E-04
 1.8842958547214E+01 -6.6490985175450E-03 -3.6151421992800E-05  3.6661823837838E-05 -6.6489871025044E-03  1.5584384155159E-24 -5.9928803977144E-23  4.3565689800071E-03 -3.9800623450066E-05
 2.1867956415951E+01 -3.2967014639299E-03 -8.2323867164152E-05  8.1818701105015E-05 -3.2968109317508E-03 -1.4636180335356E-23  1.6027709309604E-23  2.1606561517635E-03  2.2462316660834E-05
 2.5511030361867E+01 -1.4156761785454E-03 -6.8143327291941E-05  6.8636556763837E-05 -1.4155694996807E-03  2.3921894288794E-24 -1.0387835096720E-23  9.2814432037097E-04  3.1126833271231E-05
 2.9900709274659E+01 -5.1074430144403E-04 -3.9359124667369E-05  3.8887269847252E-05 -5.1084674536082E-04 -5.0189464732360E-24  2.5928434656171E-24  3.3499617766935E-04  2.0911496739038E-05
 3.5168864215715E+01 -1.5019094534917E-04 -1.6403523702136E-05  1.6842337773981E-05 -1.5009477988336E-04 -2.1933507132811E-23  9.6241486828518E-25  9.8555107105409E-05  9.3120270188512E-06
 4.1419695291531E+01 -3.5022282158530E-05 -5.5095166471568E-06  5.1153478368474E-06 -3.5109837121777E-05  4.6696841421558E-24  1.8772767365065E-24  2.2998298857670E-05  3.2759437722501E-06
 4.8665626607709E+01 -6.5247966781204E-06 -1.1234336358676E-06  1.4654371950943E-06 -6.4476047653727E-06  6.2397822683260E-24  1.2625567863798E-23  4.2851617446016E-06  6.7321604949670E-07
 5.6716111653915E+01 -9.5686190907993E-07 -3.9470795259947E-07  1.0666879129583E-07 -1.0227078432428E-06 -5.8460691395690E-24  1.2528554093162E-24  6.3093411167884E-07  2.4984936626490E-07
 6.5027225430406E+01 -1.7320626849934E-07  7.8463492242422E-08  1.6910706093059E-07 -1.1519032998424E-07  7.8903729070028E-24 -9.4770412814916E-25  1.1250939358398E-07 -5.3362861312288E-08
 7.2587189964099E+01 -2.0908030114795E-09 -9.5303045382405E-08 -7.9990957619508E-08 -4.1580590136429E-08 -1.8519667231327E-24  4.3737042057476E-24  2.4952059168745E-09  6.2676369144294E-08
 7.8010805313165E+01 -4.6061552588356E-08  1.4459633686658E-07  1.5327496337844E-07  2.5777960959996E-08 -4.3870529293646E-25  1.4409467549021E-23  2.8421646095082E-08 -9.5458738761654E-08
 8.0000000000000E+01  0.0000000000000E+00  0.0000000000000E+00  0.0000000000000E+00  0.0000000000000E+00  0.0000000000000E+00  0.0000000000000E+00  0.0000000000000E+00  0.0000000000000E+00
