 400
 8.2208418E-16 -1.2829737E-12  4.9665349E+02  1.0000000E+00  6.7894046E+02  0.0000000E+00 -1.0943305E-08 -9.3745497E-13 -9.9999991E-01 -4.2803411E-04
 2.5002483E-04  1.2022589E-01  4.5079174E+02  9.3747798E-01  6.2058372E+02  0.0000000E+00  2.1158138E-05  2.4883465E-04 -9.8610639E-01  1.6611496E-01
 5.0019863E-04  2.2099910E-01  3.5544750E+02  8.0450260E-01  4.4962073E+02  0.0000000E+00  8.0142535E-05  4.9176083E-04 -9.5478085E-01  2.9731048E-01
 7.5067041E-04  3.0099300E-01  2.8806179E+02  7.1842022E-01  3.2184816E+02  0.0000000E+00  1.6619995E-04  7.2688920E-04 -9.2302882E-01  3.8473081E-01
 1.0015893E-03  3.6749275E-01  2.4143309E+02  6.5801786E-01  2.5965015E+02  0.0000000E+00  2.7108451E-04  9.5477624E-04 -8.9338903E-01  4.4928393E-01
 1.2531045E-03  4.2263202E-01  1.9870637E+02  5.8916465E-01  2.1433273E+02  0.0000000E+00  3.9093060E-04  1.1758598E-03 -8.6503702E-01  5.0170803E-01
 1.5053654E-03  4.6823143E-01  1.6434611E+02  5.2837319E-01  1.7115451E+02  0.0000000E+00  5.2292928E-04  1.3907996E-03 -8.3968394E-01  5.4307540E-01
 1.7585216E-03  5.0643361E-01  1.3914460E+02  4.8316063E-01  1.3069680E+02  0.0000000E+00  6.6460355E-04  1.6005817E-03 -8.1840388E-01  5.7464344E-01
 2.0127230E-03  5.3978630E-01  1.2506146E+02  4.6632172E-01  9.5741176E+01  0.0000000E+00  8.1377109E-04  1.8064046E-03 -8.0171069E-01  5.9771229E-01
 2.2681197E-03  5.7089992E-01  1.1976035E+02  4.7579409E-01  7.4378555E+01  0.0000000E+00  9.6869379E-04  2.0094417E-03 -7.8876196E-01  6.1469876E-01
 2.5248623E-03  6.0167367E-01  1.2065567E+02  5.0631926E-01  6.2402970E+01  0.0000000E+00  1.1282643E-03  2.2105694E-03 -7.7820601E-01  6.2800908E-01
 2.7831017E-03  6.3330062E-01  1.2422318E+02  5.4591093E-01  6.4826227E+01  0.0000000E+00  1.2920260E-03  2.4102397E-03 -7.6807955E-01  6.4035443E-01
 3.0429891E-03  6.6599145E-01  1.2579392E+02  5.7476644E-01  7.4270177E+01  0.0000000E+00  1.4601372E-03  2.6084273E-03 -7.5665126E-01  6.5381868E-01
 3.3046762E-03  6.9841382E-01  1.2139780E+02  5.7441650E-01  8.5016002E+01  0.0000000E+00  1.6332528E-03  2.8046633E-03 -7.4276761E-01  6.6954931E-01
 3.5683154E-03  7.2954031E-01  1.1420731E+02  5.5860891E-01  9.3369577E+01  0.0000000E+00  1.8120417E-03  2.9984080E-03 -7.2671357E-01  6.8694060E-01
 3.8340595E-03  7.5868214E-01  1.0483294E+02  5.2978147E-01  9.8248821E+01  0.0000000E+00  1.9970215E-03  3.1891918E-03 -7.0890739E-01  7.0530157E-01
 4.1020617E-03  7.8530021E-01  9.3689008E+01  4.8939003E-01  1.0094272E+02  0.0000000E+00  2.1885659E-03  3.3766263E-03 -6.8971047E-01  7.2408526E-01
 4.3724761E-03  8.0900369E-01  8.1533402E+01  4.4066901E-01  9.9938781E+01  0.0000000E+00  2.3868921E-03  3.5604363E-03 -6.6970688E-01  7.4262555E-01
 4.6454573E-03  8.2956956E-01  6.9154513E+01  3.8725424E-01  9.6643013E+01  0.0000000E+00  2.5920728E-03  3.7404782E-03 -6.4943432E-01  7.6041769E-01
 4.9211605E-03  8.4704523E-01  5.8021134E+01  3.3709099E-01  8.9845025E+01  0.0000000E+00  2.8040316E-03  3.9167777E-03 -6.2964171E-01  7.7688565E-01
 5.1997419E-03  8.6197009E-01  4.9431512E+01  2.9819028E-01  8.2448483E+01  0.0000000E+00  3.0225687E-03  4.0895364E-03 -6.1083845E-01  7.9175526E-01
 5.4813581E-03  8.7487114E-01  4.2400794E+01  2.6565505E-01  7.5365716E+01  0.0000000E+00  3.2474564E-03  4.2590350E-03 -5.9312396E-01  8.0511115E-01
 5.7661666E-03  8.8608362E-01  3.6522184E+01  2.3766718E-01  6.8848896E+01  0.0000000E+00  3.4785014E-03  4.4255622E-03 -5.7648315E-01  8.1710904E-01
 6.0543260E-03  8.9588300E-01  3.1643055E+01  2.1384195E-01  6.2792731E+01  0.0000000E+00  3.7155411E-03  4.5894087E-03 -5.6090926E-01  8.2787729E-01
 6.3459952E-03  9.0450741E-01  2.7630972E+01  1.9385802E-01  5.7055356E+01  0.0000000E+00  3.9584420E-03  4.7508637E-03 -5.4639133E-01  8.3753001E-01
 6.6413344E-03  9.1216626E-01  2.4354258E+01  1.7731940E-01  5.1956468E+01  0.0000000E+00  4.2071038E-03  4.9102084E-03 -5.3285912E-01  8.4620397E-01
 6.9405045E-03  9.1904518E-01  2.1729058E+01  1.6409490E-01  4.7366588E+01  0.0000000E+00  4.4614523E-03  5.0677140E-03 -5.2025980E-01  8.5400804E-01
 7.2436674E-03  9.2530475E-01  1.9650121E+01  1.5382926E-01  4.3124041E+01  0.0000000E+00  4.7214412E-03  5.2236370E-03 -5.0853451E-01  8.6104161E-01
 7.5509859E-03  9.3107824E-01  1.7983357E+01  1.4584389E-01  3.9608264E+01  0.0000000E+00  4.9870539E-03  5.3782115E-03 -4.9756590E-01  8.6742618E-01
 7.8626236E-03  9.3646325E-01  1.6595505E+01  1.3933724E-01  3.6632916E+01  0.0000000E+00  5.2583005E-03  5.5316463E-03 -4.8725387E-01  8.7326037E-01
 8.1787454E-03  9.4149010E-01  1.5211385E+01  1.3214164E-01  3.4035918E+01  0.0000000E+00  5.5352200E-03  5.6841180E-03 -4.7748842E-01  8.7863804E-01
 8.4995170E-03  9.4613777E-01  1.3822068E+01  1.2416892E-01  3.1569498E+01  0.0000000E+00  5.8178716E-03  5.8357803E-03 -4.6822528E-01  8.8360912E-01
 8.8251051E-03  9.5043408E-01  1.2595062E+01  1.1694945E-01  2.9252121E+01  0.0000000E+00  6.1063234E-03  5.9867846E-03 -4.5945799E-01  8.8819950E-01
 9.1556776E-03  9.5441742E-01  1.1536017E+01  1.1066442E-01  2.7048081E+01  0.0000000E+00  6.4006486E-03  6.1372839E-03 -4.5118046E-01  8.9243274E-01
 9.4914031E-03  9.5813481E-01  1.0639929E+01  1.0540046E-01  2.4965304E+01  0.0000000E+00  6.7009263E-03  6.2874314E-03 -4.4338208E-01  8.9633271E-01
 9.8324517E-03  9.6163604E-01  9.9183460E+00  1.0141223E-01  2.2954580E+01  0.0000000E+00  7.0072409E-03  6.4373808E-03 -4.3605352E-01  8.9992073E-01
 1.0178994E-02  9.6497085E-01  9.3567295E+00  9.8699452E-02  2.1130801E+01  0.0000000E+00  7.3196834E-03  6.5872833E-03 -4.2917031E-01  9.0322359E-01
 1.0531202E-02  9.6818989E-01  8.9478708E+00  9.7327848E-02  1.9448011E+01  0.0000000E+00  7.6383505E-03  6.7372881E-03 -4.2271197E-01  9.0626408E-01
 1.0889250E-02  9.7134215E-01  8.6832535E+00  9.7343780E-02  1.7913792E+01  0.0000000E+00  7.9633455E-03  6.8875399E-03 -4.1665167E-01  9.0906622E-01
 1.1253310E-02  9.7447501E-01  8.5470447E+00  9.8701909E-02  1.6536273E+01  0.0000000E+00  8.2947787E-03  7.0381770E-03 -4.1095763E-01  9.1165444E-01
 1.1623559E-02  9.7763341E-01  8.5297263E+00  1.0141406E-01  1.5257824E+01  0.0000000E+00  8.6327673E-03  7.1893301E-03 -4.0559952E-01  9.1405089E-01
 1.2000172E-02  9.8085792E-01  8.6086617E+00  1.0532149E-01  1.4218101E+01  0.0000000E+00  8.9774375E-03  7.3411175E-03 -4.0052490E-01  9.1628588E-01
 1.2383326E-02  9.8418431E-01  8.7648179E+00  1.1028178E-01  1.3362495E+01  0.0000000E+00  9.3289241E-03  7.4936444E-03 -3.9568729E-01  9.1838530E-01
 1.2773201E-02  9.8764085E-01  8.9709821E+00  1.1602209E-01  1.2700996E+01  0.0000000E+00  9.6873717E-03  7.6469980E-03 -3.9103041E-01  9.2037776E-01
 1.3169975E-02  9.9124564E-01  9.1941264E+00  1.2215581E-01  1.2245173E+01  0.0000000E+00  1.0052937E-02  7.8012438E-03 -3.8649020E-01  9.2229351E-01
 1.3573829E-02  9.9500115E-01  9.3897845E+00  1.2809566E-01  1.1928094E+01  0.0000000E+00  1.0425787E-02  7.9564220E-03 -3.8200408E-01  9.2416064E-01
 1.3984945E-02  9.9887770E-01  9.4312097E+00  1.3204314E-01  1.1878639E+01  0.0000000E+00  1.0806107E-02  8.1125390E-03 -3.7747856E-01  9.2601833E-01
 1.4403503E-02  1.0027975E+00  9.2736291E+00  1.3320012E-01  1.1855546E+01  0.0000000E+00  1.1194091E-02  8.2695719E-03 -3.7287215E-01  9.2788273E-01
 1.4829689E-02  1.0066989E+00  9.0237361E+00  1.3292872E-01  1.1798573E+01  0.0000000E+00  1.1589940E-02  8.4274862E-03 -3.6818890E-01  9.2975101E-01
 1.5263685E-02  1.0105452E+00  8.6960204E+00  1.3134823E-01  1.1718506E+01  0.0000000E+00  1.1993856E-02  8.5862466E-03 -3.6343664E-01  9.3161892E-01
 1.5705678E-02  1.0143087E+00  8.3253698E+00  1.2891102E-01  1.1618982E+01  0.0000000E+00  1.2406038E-02  8.7458179E-03 -3.5862400E-01  9.3348210E-01
 1.6155852E-02  1.0179658E+00  7.9187510E+00  1.2567630E-01  1.1482336E+01  0.0000000E+00  1.2826686E-02  8.9061656E-03 -3.5376391E-01  9.3533475E-01
 1.6614396E-02  1.0214976E+00  7.4834254E+00  1.2171599E-01  1.1315423E+01  0.0000000E+00  1.3256001E-02  9.0672567E-03 -3.4886806E-01  9.3717185E-01
 1.7081495E-02  1.0248883E+00  7.0338613E+00  1.1723119E-01  1.1116547E+01  0.0000000E+00  1.3694180E-02  9.2290612E-03 -3.4395041E-01  9.3898782E-01
 1.7557340E-02  1.0281242E+00  6.5701859E+00  1.1219946E-01  1.0893644E+01  0.0000000E+00  1.4141420E-02  9.3915521E-03 -3.3902487E-01  9.4077741E-01
 1.8042117E-02  1.0311962E+00  6.1045655E+00  1.0680731E-01  1.0625932E+01  0.0000000E+00  1.4597917E-02  9.5547083E-03 -3.3411139E-01  9.4253360E-01
 1.8536018E-02  1.0340972E+00  5.6462948E+00  1.0120888E-01  1.0320881E+01  0.0000000E+00  1.5063862E-02  9.7185148E-03 -3.2922861E-01  9.4425024E-01
 1.9039232E-02  1.0368247E+00  5.2001103E+00  9.5489722E-02  9.9770030E+00  0.0000000E+00  1.5539445E-02  9.8829650E-03 -3.2439802E-01  9.4592067E-01
 1.9551949E-02  1.0393821E+00  4.7817359E+00  8.9949845E-02  9.6021407E+00  0.0000000E+00  1.6024854E-02  1.0048062E-02 -3.1964108E-01  9.4753870E-01
 2.0074362E-02  1.0417806E+00  4.4133452E+00  8.5041982E-02  9.1796345E+00  0.0000000E+00  1.6520271E-02  1.0213822E-02 -3.1498750E-01  9.4909582E-01
 2.0606661E-02  1.0440495E+00  4.1226759E+00  8.1370266E-02  8.7498746E+00  0.0000000E+00  1.7025875E-02  1.0380275E-02 -3.1045729E-01  9.5058733E-01
 2.1149038E-02  1.0462221E+00  3.8937806E+00  7.8711504E-02  8.3300711E+00  0.0000000E+00  1.7541843E-02  1.0547457E-02 -3.0605510E-01  9.5201380E-01
 2.1701686E-02  1.0483201E+00  3.7061638E+00  7.6722753E-02  7.9420300E+00  0.0000000E+00  1.8068352E-02  1.0715405E-02 -3.0177346E-01  9.5337966E-01
 2.2264796E-02  1.0503624E+00  3.5535059E+00  7.5324559E-02  7.5788147E+00  0.0000000E+00  1.8605582E-02  1.0884155E-02 -2.9760763E-01  9.5468827E-01
 2.2838561E-02  1.0523659E+00  3.4342159E+00  7.4529731E-02  7.2324365E+00  0.0000000E+00  1.9153712E-02  1.1053740E-02 -2.9355246E-01  9.5594297E-01
 2.3423172E-02  1.0543452E+00  3.3418058E+00  7.4241049E-02  6.9233066E+00  0.0000000E+00  1.9712923E-02  1.1224190E-02 -2.8959676E-01  9.5714874E-01
 2.4018823E-02  1.0563138E+00  3.2715077E+00  7.4388661E-02  6.6440747E+00  0.0000000E+00  2.0283398E-02  1.1395530E-02 -2.8573069E-01  9.5830996E-01
 2.4625705E-02  1.0582834E+00  3.2213789E+00  7.4959816E-02  6.3865503E+00  0.0000000E+00  2.0865323E-02  1.1567779E-02 -2.8194423E-01  9.5943079E-01
 2.5244010E-02  1.0602632E+00  3.1846160E+00  7.5823136E-02  6.1728308E+00  0.0000000E+00  2.1458882E-02  1.1740948E-02 -2.7821984E-01  9.6051742E-01
 2.5873930E-02  1.0622597E+00  3.1546122E+00  7.6838287E-02  5.9948583E+00  0.0000000E+00  2.2064266E-02  1.1915041E-02 -2.7454160E-01  9.6157522E-01
 2.6515654E-02  1.0642752E+00  3.1250646E+00  7.7858743E-02  5.8443362E+00  0.0000000E+00  2.2681666E-02  1.2090046E-02 -2.7089352E-01  9.6260932E-01
 2.7169374E-02  1.0663041E+00  3.0770746E+00  7.8403705E-02  5.7384680E+00  0.0000000E+00  2.3311277E-02  1.2265941E-02 -2.6724971E-01  9.6362731E-01
 2.7835279E-02  1.0683256E+00  2.9918025E+00  7.7951568E-02  5.6454353E+00  0.0000000E+00  2.3953298E-02  1.2442684E-02 -2.6359583E-01  9.6463321E-01
 2.8513558E-02  1.0703209E+00  2.8898392E+00  7.6985879E-02  5.5511407E+00  0.0000000E+00  2.4607927E-02  1.2620229E-02 -2.5993111E-01  9.6562716E-01
 2.9204398E-02  1.0722791E+00  2.7782935E+00  7.5669096E-02  5.4557653E+00  0.0000000E+00  2.5275362E-02  1.2798528E-02 -2.5625793E-01  9.6660844E-01
 2.9907987E-02  1.0741920E+00  2.6594230E+00  7.4044480E-02  5.3588142E+00  0.0000000E+00  2.5955800E-02  1.2977530E-02 -2.5257867E-01  9.6757636E-01
 3.0624510E-02  1.0760535E+00  2.5362480E+00  7.2181686E-02  5.2605034E+00  0.0000000E+00  2.6649434E-02  1.3157185E-02 -2.4889575E-01  9.6853028E-01
 3.1354152E-02  1.0778584E+00  2.4107581E+00  7.0127282E-02  5.1606856E+00  0.0000000E+00  2.7356459E-02  1.3337442E-02 -2.4521178E-01  9.6946954E-01
 3.2097095E-02  1.0796022E+00  2.2840035E+00  6.7904527E-02  5.0594867E+00  0.0000000E+00  2.8077065E-02  1.3518248E-02 -2.4152946E-01  9.7039349E-01
 3.2853521E-02  1.0812813E+00  2.1563130E+00  6.5517155E-02  4.9567634E+00  0.0000000E+00  2.8811441E-02  1.3699552E-02 -2.3785167E-01  9.7130149E-01
 3.3623610E-02  1.0828926E+00  2.0288147E+00  6.2994311E-02  4.8526574E+00  0.0000000E+00  2.9559775E-02  1.3881301E-02 -2.3418135E-01  9.7219293E-01
 3.4407540E-02  1.0844335E+00  1.9025337E+00  6.0364705E-02  4.7470143E+00  0.0000000E+00  3.0322251E-02  1.4063443E-02 -2.3052164E-01  9.7306720E-01
 3.5205487E-02  1.0859015E+00  1.7778382E+00  5.7638431E-02  4.6399884E+00  0.0000000E+00  3.1099051E-02  1.4245927E-02 -2.2687578E-01  9.7392370E-01
 3.6017624E-02  1.0872950E+00  1.6548436E+00  5.4818179E-02  4.5314184E+00  0.0000000E+00  3.1890353E-02  1.4428702E-02 -2.2324716E-01  9.7476187E-01
 3.6844124E-02  1.0886126E+00  1.5342190E+00  5.1925685E-02  4.4214718E+00  0.0000000E+00  3.2696335E-02  1.4611719E-02 -2.1963928E-01  9.7558115E-01
 3.7685156E-02  1.0898533E+00  1.4167194E+00  4.8987595E-02  4.3099764E+00  0.0000000E+00  3.3517168E-02  1.4794930E-02 -2.1605582E-01  9.7638101E-01
 3.8540887E-02  1.0910164E+00  1.3026180E+00  4.6015855E-02  4.1971134E+00  0.0000000E+00  3.4353024E-02  1.4978288E-02 -2.1250053E-01  9.7716095E-01
 3.9411481E-02  1.0921017E+00  1.1919580E+00  4.3015067E-02  4.0827029E+00  0.0000000E+00  3.5204068E-02  1.5161749E-02 -2.0897736E-01  9.7792048E-01
 4.0297101E-02  1.0931097E+00  1.0852990E+00  4.0009162E-02  3.9669398E+00  0.0000000E+00  3.6070463E-02  1.5345272E-02 -2.0549035E-01  9.7865914E-01
 4.1197903E-02  1.0940411E+00  9.8344863E-01  3.7033365E-02  3.8496336E+00  0.0000000E+00  3.6952367E-02  1.5528818E-02 -2.0204372E-01  9.7937650E-01
 4.2114045E-02  1.0948972E+00  8.8666137E-01  3.4104477E-02  3.7308875E+00  0.0000000E+00  3.7849936E-02  1.5712353E-02 -1.9864175E-01  9.8007217E-01
 4.3045679E-02  1.0956802E+00  7.9555447E-01  3.1254724E-02  3.6108251E+00  0.0000000E+00  3.8763321E-02  1.5895844E-02 -1.9528891E-01  9.8074576E-01
 4.3992954E-02  1.0963929E+00  7.1082110E-01  2.8521818E-02  3.4892444E+00  0.0000000E+00  3.9692668E-02  1.6079265E-02 -1.9198978E-01  9.8139692E-01
 4.4956015E-02  1.0970398E+00  6.3429547E-01  2.5993036E-02  3.3671611E+00  0.0000000E+00  4.0638118E-02  1.6262593E-02 -1.8874894E-01  9.8202538E-01
 4.5935005E-02  1.0976274E+00  5.6711940E-01  2.3733585E-02  3.2459947E+00  0.0000000E+00  4.1599810E-02  1.6445811E-02 -1.8556986E-01  9.8263107E-01
 4.6930062E-02  1.0981613E+00  5.0722029E-01  2.1676124E-02  3.1274602E+00  0.0000000E+00  4.2577877E-02  1.6628904E-02 -1.8245347E-01  9.8321449E-01
 4.7941320E-02  1.0986467E+00  4.5409424E-01  1.9815176E-02  3.0126582E+00  0.0000000E+00  4.3572447E-02  1.6811858E-02 -1.7940058E-01  9.8377611E-01
 4.8968910E-02  1.0990886E+00  4.0722690E-01  1.8143631E-02  2.9000098E+00  0.0000000E+00  4.4583646E-02  1.6994663E-02 -1.7641191E-01  9.8431643E-01
 5.0012959E-02  1.0994918E+00  3.6628608E-01  1.6661380E-02  2.7915744E+00  0.0000000E+00  4.5611594E-02  1.7177310E-02 -1.7348729E-01  9.8483611E-01
 5.1073588E-02  1.0998613E+00  3.3135636E-01  1.5386993E-02  2.6857110E+00  0.0000000E+00  4.6656408E-02  1.7359789E-02 -1.7062711E-01  9.8533567E-01
 5.2150916E-02  1.1002020E+00  3.0192191E-01  1.4311466E-02  2.5835813E+00  0.0000000E+00  4.7718198E-02  1.7542094E-02 -1.6783047E-01  9.8581587E-01
 5.3245055E-02  1.1005186E+00  2.7779668E-01  1.3440299E-02  2.4864433E+00  0.0000000E+00  4.8797073E-02  1.7724219E-02 -1.6509629E-01  9.8627745E-01
 5.4356115E-02  1.1008160E+00  2.5848801E-01  1.2763626E-02  2.3925491E+00  0.0000000E+00  4.9893135E-02  1.7906157E-02 -1.6242378E-01  9.8672109E-01
 5.5484199E-02  1.1010988E+00  2.4381457E-01  1.2285778E-02  2.3031442E+00  0.0000000E+00  5.1006482E-02  1.8087902E-02 -1.5981075E-01  9.8714767E-01
 5.6629406E-02  1.1013717E+00  2.3330738E-01  1.1996004E-02  2.2195739E+00  0.0000000E+00  5.2137207E-02  1.8269446E-02 -1.5725469E-01  9.8755808E-01
 5.7791831E-02  1.1016389E+00  2.2686956E-01  1.1901548E-02  2.1399784E+00  0.0000000E+00  5.3285401E-02  1.8450780E-02 -1.5475347E-01  9.8795312E-01
 5.8971563E-02  1.1019045E+00  2.2385632E-01  1.1980310E-02  2.0656897E+00  0.0000000E+00  5.4451147E-02  1.8631894E-02 -1.5230330E-01  9.8833380E-01
 6.0168685E-02  1.1021722E+00  2.2376026E-01  1.2215297E-02  1.9969938E+00  0.0000000E+00  5.5634525E-02  1.8812773E-02 -1.4990025E-01  9.8870112E-01
 6.1383277E-02  1.1024451E+00  2.2599187E-01  1.2583050E-02  1.9353576E+00  0.0000000E+00  5.6835611E-02  1.8993400E-02 -1.4753966E-01  9.8905614E-01
 6.2615412E-02  1.1027257E+00  2.2972144E-01  1.3044135E-02  1.8787594E+00  0.0000000E+00  5.8054475E-02  1.9173751E-02 -1.4521683E-01  9.8939986E-01
 6.3865159E-02  1.1030155E+00  2.3404653E-01  1.3551414E-02  1.8286517E+00  0.0000000E+00  5.9291184E-02  1.9353797E-02 -1.4292556E-01  9.8973344E-01
 6.5132579E-02  1.1033145E+00  2.3761853E-01  1.4027467E-02  1.7853402E+00  0.0000000E+00  6.0545800E-02  1.9533502E-02 -1.4065929E-01  9.9005806E-01
 6.6417731E-02  1.1036207E+00  2.3797126E-01  1.4321506E-02  1.7499304E+00  0.0000000E+00  6.1818379E-02  1.9712821E-02 -1.3841067E-01  9.9037492E-01
 6.7720665E-02  1.1039271E+00  2.3123729E-01  1.4185306E-02  1.7172919E+00  0.0000000E+00  6.3108976E-02  1.9891699E-02 -1.3617364E-01  9.9068498E-01
 6.9041429E-02  1.1042258E+00  2.2061420E-01  1.3793845E-02  1.6848850E+00  0.0000000E+00  6.4417638E-02  2.0070078E-02 -1.3394759E-01  9.9098842E-01
 7.0380061E-02  1.1045128E+00  2.0772390E-01  1.3236262E-02  1.6525108E+00  0.0000000E+00  6.5744407E-02  2.0247898E-02 -1.3173368E-01  9.9128514E-01
 7.1736597E-02  1.1047849E+00  1.9344562E-01  1.2560934E-02  1.6202458E+00  0.0000000E+00  6.7089319E-02  2.0425102E-02 -1.2953297E-01  9.9157512E-01
 7.3111065E-02  1.1050402E+00  1.7809340E-01  1.1782918E-02  1.5879621E+00  0.0000000E+00  6.8452403E-02  2.0601633E-02 -1.2734657E-01  9.9185828E-01
 7.4503489E-02  1.1052771E+00  1.6216239E-01  1.0930892E-02  1.5557489E+00  0.0000000E+00  6.9833684E-02  2.0777437E-02 -1.2517550E-01  9.9213461E-01
 7.5913886E-02  1.1054943E+00  1.4591552E-01  1.0019965E-02  1.5236252E+00  0.0000000E+00  7.1233179E-02  2.0952460E-02 -1.2302080E-01  9.9240409E-01
 7.7342267E-02  1.1056910E+00  1.2956004E-01  9.0626290E-03  1.4916101E+00  0.0000000E+00  7.2650899E-02  2.1126648E-02 -1.2088349E-01  9.9266670E-01
 7.8788638E-02  1.1058665E+00  1.1321592E-01  8.0661886E-03  1.4598038E+00  0.0000000E+00  7.4086849E-02  2.1299953E-02 -1.1876454E-01  9.9292245E-01
 8.0252999E-02  1.1060206E+00  9.7148521E-02  7.0491095E-03  1.4280672E+00  0.0000000E+00  7.5541029E-02  2.1472324E-02 -1.1666495E-01  9.9317133E-01
 8.1735343E-02  1.1061529E+00  8.1395111E-02  6.0144102E-03  1.3964994E+00  0.0000000E+00  7.7013432E-02  2.1643715E-02 -1.1458564E-01  9.9341337E-01
 8.3235660E-02  1.1062635E+00  6.6056378E-02  4.9701055E-03  1.3651214E+00  0.0000000E+00  7.8504044E-02  2.1814080E-02 -1.1252751E-01  9.9364861E-01
 8.4753930E-02  1.1063524E+00  5.1218830E-02  3.9237019E-03  1.3339544E+00  0.0000000E+00  8.0012846E-02  2.1983376E-02 -1.1049143E-01  9.9387708E-01
 8.6290132E-02  1.1064201E+00  3.6958224E-02  2.8823862E-03  1.3030198E+00  0.0000000E+00  8.1539813E-02  2.2151561E-02 -1.0847822E-01  9.9409883E-01
 8.7844236E-02  1.1064669E+00  2.3390593E-02  1.8570179E-03  1.2724293E+00  0.0000000E+00  8.3084915E-02  2.2318595E-02 -1.0648867E-01  9.9431392E-01
 8.9416208E-02  1.1064933E+00  1.0462768E-02  8.4550086E-04  1.2420275E+00  0.0000000E+00  8.4648113E-02  2.2484441E-02 -1.0452357E-01  9.9452241E-01
 9.1006006E-02  1.1065001E+00 -1.6872456E-03 -1.3877042E-04  1.2119246E+00  0.0000000E+00  8.6229365E-02  2.2649065E-02 -1.0258359E-01  9.9472439E-01
 9.2613587E-02  1.1064881E+00 -1.2970949E-02 -1.0856747E-03  1.1821561E+00  0.0000000E+00  8.7828622E-02  2.2812431E-02 -1.0066939E-01  9.9491993E-01
 9.4238897E-02  1.1064585E+00 -2.3261158E-02 -1.9811913E-03  1.1528425E+00  0.0000000E+00  8.9445831E-02  2.2974509E-02 -9.8781492E-02  9.9510915E-01
 9.5881880E-02  1.1064124E+00 -3.2654432E-02 -2.8298385E-03  1.1241241E+00  0.0000000E+00  9.1080930E-02  2.3135270E-02 -9.6920136E-02  9.9529216E-01
 9.7542475E-02  1.1063509E+00 -4.1199462E-02 -3.6323896E-03  1.0960330E+00  0.0000000E+00  9.2733855E-02  2.3294686E-02 -9.5085415E-02  9.9546912E-01
 9.9220614E-02  1.1062751E+00 -4.8926609E-02 -4.3881744E-03  1.0686012E+00  0.0000000E+00  9.4404536E-02  2.3452729E-02 -9.3277344E-02  9.9564016E-01
 1.0091622E-01  1.1061862E+00 -5.5863159E-02 -5.0963385E-03  1.0418606E+00  0.0000000E+00  9.6092895E-02  2.3609374E-02 -9.1495848E-02  9.9580546E-01
 1.0262923E-01  1.1060851E+00 -6.2065509E-02 -5.7588114E-03  1.0159830E+00  0.0000000E+00  9.7798852E-02  2.3764597E-02 -8.9740731E-02  9.9596516E-01
 1.0435955E-01  1.1059729E+00 -6.7496840E-02 -6.3689981E-03  9.9072415E-01  0.0000000E+00  9.9522321E-02  2.3918375E-02 -8.8011806E-02  9.9611943E-01
 1.0610709E-01  1.1058508E+00 -7.2233415E-02 -6.9308421E-03  9.6625390E-01  0.0000000E+00  1.0126321E-01  2.4070685E-02 -8.6308671E-02  9.9626844E-01
 1.0787176E-01  1.1057197E+00 -7.6315744E-02 -7.4452085E-03  9.4260526E-01  0.0000000E+00  1.0302142E-01  2.4221505E-02 -8.4630871E-02  9.9641237E-01
 1.0965346E-01  1.1055805E+00 -7.9790625E-02 -7.9137774E-03  9.1981145E-01  0.0000000E+00  1.0479686E-01  2.4370814E-02 -8.2977843E-02  9.9655139E-01
 1.1145210E-01  1.1054343E+00 -8.2712398E-02 -8.3392295E-03  8.9790585E-01  0.0000000E+00  1.0658942E-01  2.4518590E-02 -8.1348920E-02  9.9668568E-01
 1.1326757E-01  1.1052819E+00 -8.5144695E-02 -8.7254957E-03  8.7692208E-01  0.0000000E+00  1.0839899E-01  2.4664813E-02 -7.9743326E-02  9.9681543E-01
 1.1509975E-01  1.1051240E+00 -8.7163094E-02 -9.0781219E-03  8.5689389E-01  0.0000000E+00  1.1022546E-01  2.4809462E-02 -7.8160176E-02  9.9694081E-01
 1.1694854E-01  1.1049613E+00 -8.8859527E-02 -9.4048472E-03  8.3785522E-01  0.0000000E+00  1.1206870E-01  2.4952515E-02 -7.6598468E-02  9.9706202E-01
 1.1881381E-01  1.1047942E+00 -9.0350548E-02 -9.7166456E-03  8.1984020E-01  0.0000000E+00  1.1392860E-01  2.5093949E-02 -7.5057087E-02  9.9717924E-01
 1.2069545E-01  1.1046228E+00 -9.1796234E-02 -1.0030019E-02  8.0288386E-01  0.0000000E+00  1.1580504E-01  2.5233742E-02 -7.3534799E-02  9.9729265E-01
 1.2259332E-01  1.1044471E+00 -9.3467903E-02 -1.0374911E-02  7.8702732E-01  0.0000000E+00  1.1769788E-01  2.5371869E-02 -7.2030247E-02  9.9740245E-01
 1.2450730E-01  1.1042660E+00 -9.5861087E-02 -1.0808451E-02  7.7195702E-01  0.0000000E+00  1.1960699E-01  2.5508305E-02 -7.0542174E-02  9.9750880E-01
 1.2643725E-01  1.1040782E+00 -9.8703256E-02 -1.1303337E-02  7.5703256E-01  0.0000000E+00  1.2153223E-01  2.5643023E-02 -6.9070447E-02  9.9761178E-01
 1.2838304E-01  1.1038832E+00 -1.0169137E-01 -1.1826838E-02  7.4230436E-01  0.0000000E+00  1.2347347E-01  2.5775999E-02 -6.7615273E-02  9.9771147E-01
 1.3034453E-01  1.1036807E+00 -1.0471449E-01 -1.2366766E-02  7.2778181E-01  0.0000000E+00  1.2543056E-01  2.5907210E-02 -6.6176835E-02  9.9780791E-01
 1.3232157E-01  1.1034707E+00 -1.0770378E-01 -1.2915189E-02  7.1347419E-01  0.0000000E+00  1.2740336E-01  2.6036635E-02 -6.4755288E-02  9.9790117E-01
 1.3431402E-01  1.1032532E+00 -1.1061235E-01 -1.3466346E-02  6.9939064E-01  0.0000000E+00  1.2939172E-01  2.6164252E-02 -6.3350752E-02  9.9799132E-01
 1.3632173E-01  1.1030282E+00 -1.1340703E-01 -1.4015818E-02  6.8554032E-01  0.0000000E+00  1.3139549E-01  2.6290045E-02 -6.1963317E-02  9.9807843E-01
 1.3834455E-01  1.1027961E+00 -1.1606410E-01 -1.4560113E-02  6.7193239E-01  0.0000000E+00  1.3341450E-01  2.6413995E-02 -6.0593037E-02  9.9816255E-01
 1.4038232E-01  1.1025570E+00 -1.1856690E-01 -1.5096451E-02  6.5857599E-01  0.0000000E+00  1.3544862E-01  2.6536087E-02 -5.9239933E-02  9.9824377E-01
 1.4243490E-01  1.1023111E+00 -1.2090433E-01 -1.5622628E-02  6.4548027E-01  0.0000000E+00  1.3749767E-01  2.6656306E-02 -5.7903990E-02  9.9832216E-01
 1.4450212E-01  1.1020589E+00 -1.2307003E-01 -1.6136960E-02  6.3265438E-01  0.0000000E+00  1.3956150E-01  2.6774638E-02 -5.6585159E-02  9.9839778E-01
 1.4658382E-01  1.1018006E+00 -1.2506180E-01 -1.6638252E-02  6.2010744E-01  0.0000000E+00  1.4163994E-01  2.6891072E-02 -5.5283356E-02  9.9847071E-01
 1.4867984E-01  1.1015365E+00 -1.2688146E-01 -1.7125820E-02  6.0784859E-01  0.0000000E+00  1.4373283E-01  2.7005596E-02 -5.3998458E-02  9.9854102E-01
 1.5079002E-01  1.1012670E+00 -1.2853511E-01 -1.7599557E-02  5.9588692E-01  0.0000000E+00  1.4584001E-01  2.7118200E-02 -5.2730308E-02  9.9860879E-01
 1.5291419E-01  1.1009923E+00 -1.3003393E-01 -1.8060101E-02  5.8423153E-01  0.0000000E+00  1.4796129E-01  2.7228875E-02 -5.1478711E-02  9.9867409E-01
 1.5505218E-01  1.1007128E+00 -1.3139692E-01 -1.8509260E-02  5.7289152E-01  0.0000000E+00  1.5009652E-01  2.7337611E-02 -5.0243434E-02  9.9873700E-01
 1.5720383E-01  1.1004287E+00 -1.3266340E-01 -1.8951882E-02  5.6187323E-01  0.0000000E+00  1.5224552E-01  2.7444401E-02 -4.9024208E-02  9.9879759E-01
 1.5936897E-01  1.1001401E+00 -1.3388787E-01 -1.9395323E-02  5.5112041E-01  0.0000000E+00  1.5440811E-01  2.7549239E-02 -4.7820783E-02  9.9885593E-01
 1.6154743E-01  1.0998472E+00 -1.3501658E-01 -1.9831466E-02  5.4058760E-01  0.0000000E+00  1.5658414E-01  2.7652116E-02 -4.6633045E-02  9.9891209E-01
 1.6373903E-01  1.0995501E+00 -1.3602612E-01 -2.0256270E-02  5.3028204E-01  0.0000000E+00  1.5877342E-01  2.7753029E-02 -4.5460881E-02  9.9896612E-01
 1.6594361E-01  1.0992493E+00 -1.3690737E-01 -2.0667653E-02  5.2021025E-01  0.0000000E+00  1.6097577E-01  2.7851972E-02 -4.4304152E-02  9.9901809E-01
 1.6816098E-01  1.0989448E+00 -1.3765702E-01 -2.1064334E-02  5.1037865E-01  0.0000000E+00  1.6319103E-01  2.7948941E-02 -4.3162690E-02  9.9906806E-01
 1.7039099E-01  1.0986371E+00 -1.3827545E-01 -2.1445562E-02  5.0079365E-01  0.0000000E+00  1.6541901E-01  2.8043934E-02 -4.2036299E-02  9.9911608E-01
 1.7263345E-01  1.0983265E+00 -1.3878165E-01 -2.1813510E-02  4.9150161E-01  0.0000000E+00  1.6765954E-01  2.8136949E-02 -4.0924738E-02  9.9916223E-01
 1.7488819E-01  1.0980132E+00 -1.3914741E-01 -2.2162976E-02  4.8242943E-01  0.0000000E+00  1.6991244E-01  2.8227983E-02 -3.9827783E-02  9.9920656E-01
 1.7715504E-01  1.0976975E+00 -1.3939837E-01 -2.2497204E-02  4.7362289E-01  0.0000000E+00  1.7217754E-01  2.8317036E-02 -3.8745138E-02  9.9924913E-01
 1.7943382E-01  1.0973796E+00 -1.3954446E-01 -2.2817078E-02  4.6508827E-01  0.0000000E+00  1.7445466E-01  2.8404106E-02 -3.7676491E-02  9.9928999E-01
 1.8172436E-01  1.0970600E+00 -1.3959808E-01 -2.3123961E-02  4.5683181E-01  0.0000000E+00  1.7674362E-01  2.8489194E-02 -3.6621501E-02  9.9932921E-01
 1.8402649E-01  1.0967386E+00 -1.3957440E-01 -2.3419788E-02  4.4885973E-01  0.0000000E+00  1.7904424E-01  2.8572299E-02 -3.5579800E-02  9.9936684E-01
 1.8634003E-01  1.0964158E+00 -1.3949215E-01 -2.3707220E-02  4.4117820E-01  0.0000000E+00  1.8135636E-01  2.8653420E-02 -3.4550991E-02  9.9940294E-01
 1.8866480E-01  1.0960917E+00 -1.3937496E-01 -2.3989918E-02  4.3379337E-01  0.0000000E+00  1.8367979E-01  2.8732559E-02 -3.3534649E-02  9.9943756E-01
 1.9100064E-01  1.0957663E+00 -1.3925420E-01 -2.4273097E-02  4.2671136E-01  0.0000000E+00  1.8601435E-01  2.8809715E-02 -3.2530319E-02  9.9947075E-01
 1.9334738E-01  1.0954397E+00 -1.3917729E-01 -2.4565081E-02  4.1993858E-01  0.0000000E+00  1.8835989E-01  2.8884887E-02 -3.1537518E-02  9.9950257E-01
 1.9570484E-01  1.0951115E+00 -1.3924122E-01 -2.4883475E-02  4.1344889E-01  0.0000000E+00  1.9071621E-01  2.8958075E-02 -3.0555745E-02  9.9953306E-01
 1.9807285E-01  1.0947815E+00 -1.3950656E-01 -2.5240160E-02  4.0710556E-01  0.0000000E+00  1.9308314E-01  2.9029278E-02 -2.9584678E-02  9.9956228E-01
 2.0045123E-01  1.0944494E+00 -1.3985180E-01 -2.5614219E-02  4.0084185E-01  0.0000000E+00  1.9546053E-01  2.9098497E-02 -2.8624312E-02  9.9959024E-01
 2.0283984E-01  1.0941149E+00 -1.4023517E-01 -2.5998440E-02  3.9466088E-01  0.0000000E+00  1.9784818E-01  2.9165732E-02 -2.7674653E-02  9.9961698E-01
 2.0523848E-01  1.0937780E+00 -1.4063261E-01 -2.6388556E-02  3.8856476E-01  0.0000000E+00  2.0024594E-01  2.9230985E-02 -2.6735694E-02  9.9964254E-01
 2.0764700E-01  1.0934388E+00 -1.4102798E-01 -2.6781595E-02  3.8255552E-01  0.0000000E+00  2.0265363E-01  2.9294257E-02 -2.5807416E-02  9.9966693E-01
 2.1006523E-01  1.0930974E+00 -1.4140974E-01 -2.7175320E-02  3.7663514E-01  0.0000000E+00  2.0507108E-01  2.9355553E-02 -2.4889792E-02  9.9969020E-01
 2.1249301E-01  1.0927536E+00 -1.4176940E-01 -2.7567978E-02  3.7080561E-01  0.0000000E+00  2.0749814E-01  2.9414876E-02 -2.3982782E-02  9.9971237E-01
 2.1493017E-01  1.0924077E+00 -1.4210063E-01 -2.7958163E-02  3.6506888E-01  0.0000000E+00  2.0993462E-01  2.9472231E-02 -2.3086336E-02  9.9973348E-01
 2.1737655E-01  1.0920597E+00 -1.4239876E-01 -2.8344743E-02  3.5942688E-01  0.0000000E+00  2.1238037E-01  2.9527623E-02 -2.2200394E-02  9.9975354E-01
 2.1983199E-01  1.0917097E+00 -1.4266047E-01 -2.8726808E-02  3.5388155E-01  0.0000000E+00  2.1483523E-01  2.9581057E-02 -2.1324884E-02  9.9977260E-01
 2.2229633E-01  1.0913579E+00 -1.4288357E-01 -2.9103645E-02  3.4843480E-01  0.0000000E+00  2.1729903E-01  2.9632540E-02 -2.0459723E-02  9.9979068E-01
 2.2476941E-01  1.0910043E+00 -1.4306686E-01 -2.9474727E-02  3.4308853E-01  0.0000000E+00  2.1977161E-01  2.9682078E-02 -1.9604820E-02  9.9980781E-01
 2.2725107E-01  1.0906491E+00 -1.4319967E-01 -2.9837534E-02  3.3786068E-01  0.0000000E+00  2.2225282E-01  2.9729680E-02 -1.8760064E-02  9.9982401E-01
 2.2974117E-01  1.0902923E+00 -1.4330558E-01 -3.0196665E-02  3.3272118E-01  0.0000000E+00  2.2474250E-01  2.9775352E-02 -1.7925357E-02  9.9983933E-01
 2.3223954E-01  1.0899342E+00 -1.4337409E-01 -3.0549673E-02  3.2768775E-01  0.0000000E+00  2.2724048E-01  2.9819104E-02 -1.7100568E-02  9.9985377E-01
 2.3474603E-01  1.0895747E+00 -1.4340906E-01 -3.0897107E-02  3.2276228E-01  0.0000000E+00  2.2974663E-01  2.9860942E-02 -1.6285562E-02  9.9986738E-01
 2.3726050E-01  1.0892141E+00 -1.4341882E-01 -3.1240526E-02  3.1794264E-01  0.0000000E+00  2.3226078E-01  2.9900877E-02 -1.5480197E-02  9.9988017E-01
 2.3978279E-01  1.0888523E+00 -1.4340684E-01 -3.1580491E-02  3.1321963E-01  0.0000000E+00  2.3478279E-01  2.9938916E-02 -1.4684342E-02  9.9989218E-01
 2.4231277E-01  1.0884896E+00 -1.4336449E-01 -3.1914909E-02  3.0859016E-01  0.0000000E+00  2.3731250E-01  2.9975070E-02 -1.3897883E-02  9.9990342E-01
 2.4485027E-01  1.0881258E+00 -1.4329007E-01 -3.2243156E-02  3.0405584E-01  0.0000000E+00  2.3984977E-01  3.0009347E-02 -1.3120697E-02  9.9991392E-01
 2.4739517E-01  1.0877613E+00 -1.4318344E-01 -3.2564948E-02  2.9961822E-01  0.0000000E+00  2.4239446E-01  3.0041758E-02 -1.2352652E-02  9.9992370E-01
 2.4994732E-01  1.0873960E+00 -1.4304541E-01 -3.2880215E-02  2.9527880E-01  0.0000000E+00  2.4494643E-01  3.0072313E-02 -1.1593610E-02  9.9993279E-01
 2.5250657E-01  1.0870301E+00 -1.4287754E-01 -3.3189068E-02  2.9103909E-01  0.0000000E+00  2.4750552E-01  3.0101022E-02 -1.0843421E-02  9.9994121E-01
 2.5507280E-01  1.0866637E+00 -1.4268203E-01 -3.3491781E-02  2.8690059E-01  0.0000000E+00  2.5007161E-01  3.0127895E-02 -1.0101930E-02  9.9994897E-01
 2.5764586E-01  1.0862969E+00 -1.4246170E-01 -3.3788799E-02  2.8286478E-01  0.0000000E+00  2.5264455E-01  3.0152943E-02 -9.3689708E-03  9.9995611E-01
 2.6022562E-01  1.0859297E+00 -1.4222002E-01 -3.4080746E-02  2.7893315E-01  0.0000000E+00  2.5522421E-01  3.0176175E-02 -8.6443716E-03  9.9996264E-01
 2.6281196E-01  1.0855622E+00 -1.4196117E-01 -3.4368454E-02  2.7510717E-01  0.0000000E+00  2.5781045E-01  3.0197604E-02 -7.9279512E-03  9.9996857E-01
 2.6540473E-01  1.0851944E+00 -1.4169803E-01 -3.4654921E-02  2.7140424E-01  0.0000000E+00  2.6040315E-01  3.0217239E-02 -7.2195142E-03  9.9997394E-01
 2.6800381E-01  1.0848265E+00 -1.4141861E-01 -3.4937131E-02  2.6779410E-01  0.0000000E+00  2.6300217E-01  3.0235091E-02 -6.5188785E-03  9.9997875E-01
 2.7060908E-01  1.0844585E+00 -1.4114036E-01 -3.5219294E-02  2.6429396E-01  0.0000000E+00  2.6560739E-01  3.0251169E-02 -5.8258315E-03  9.9998303E-01
 2.7322040E-01  1.0840903E+00 -1.4087253E-01 -3.5503731E-02  2.6090528E-01  0.0000000E+00  2.6821868E-01  3.0265485E-02 -5.1401609E-03  9.9998679E-01
 2.7583767E-01  1.0837219E+00 -1.4062753E-01 -3.5793656E-02  2.5762948E-01  0.0000000E+00  2.7083591E-01  3.0278049E-02 -4.4616471E-03  9.9999005E-01
 2.7846074E-01  1.0833533E+00 -1.4042430E-01 -3.6094092E-02  2.5446807E-01  0.0000000E+00  2.7345896E-01  3.0288869E-02 -3.7900627E-03  9.9999282E-01
 2.8108951E-01  1.0829844E+00 -1.4030436E-01 -3.6416115E-02  2.5141175E-01  0.0000000E+00  2.7608772E-01  3.0297957E-02 -3.1251752E-03  9.9999512E-01
 2.8372387E-01  1.0826148E+00 -1.4029313E-01 -3.6767008E-02  2.4839561E-01  0.0000000E+00  2.7872206E-01  3.0305321E-02 -2.4668470E-03  9.9999696E-01
 2.8636368E-01  1.0822444E+00 -1.4033571E-01 -3.7133063E-02  2.4538798E-01  0.0000000E+00  2.8136187E-01  3.0310971E-02 -1.8151038E-03  9.9999835E-01
 2.8900884E-01  1.0818731E+00 -1.4041069E-01 -3.7508955E-02  2.4238958E-01  0.0000000E+00  2.8400703E-01  3.0314917E-02 -1.1699820E-03  9.9999932E-01
 2.9165925E-01  1.0815009E+00 -1.4050497E-01 -3.7891391E-02  2.3940071E-01  0.0000000E+00  2.8665743E-01  3.0317170E-02 -5.3151592E-04  9.9999986E-01
 2.9431478E-01  1.0811276E+00 -1.4060276E-01 -3.8276212E-02  2.3642371E-01  0.0000000E+00  2.8931296E-01  3.0317741E-02  1.0026320E-04  9.9999999E-01
 2.9697533E-01  1.0807534E+00 -1.4071127E-01 -3.8665415E-02  2.3345452E-01  0.0000000E+00  2.9197352E-01  3.0316641E-02  7.2532338E-04  9.9999974E-01
 2.9964080E-01  1.0803782E+00 -1.4081553E-01 -3.9054916E-02  2.3049547E-01  0.0000000E+00  2.9463898E-01  3.0313882E-02  1.3436378E-03  9.9999910E-01
 3.0231108E-01  1.0800020E+00 -1.4090993E-01 -3.9443106E-02  2.2754676E-01  0.0000000E+00  2.9730926E-01  3.0309476E-02  1.9551807E-03  9.9999809E-01
 3.0498607E-01  1.0796249E+00 -1.4098936E-01 -3.9828452E-02  2.2460857E-01  0.0000000E+00  2.9998424E-01  3.0303435E-02  2.5599281E-03  9.9999672E-01
 3.0766566E-01  1.0792471E+00 -1.4104897E-01 -4.0209444E-02  2.2168110E-01  0.0000000E+00  3.0266382E-01  3.0295773E-02  3.1578582E-03  9.9999501E-01
 3.1034977E-01  1.0788684E+00 -1.4108399E-01 -4.0584547E-02  2.1876454E-01  0.0000000E+00  3.0534791E-01  3.0286501E-02  3.7489511E-03  9.9999297E-01
 3.1303829E-01  1.0784891E+00 -1.4108957E-01 -4.0952140E-02  2.1585906E-01  0.0000000E+00  3.0803641E-01  3.0275635E-02  4.3331888E-03  9.9999061E-01
 3.1573112E-01  1.0781092E+00 -1.4106047E-01 -4.1310454E-02  2.1296486E-01  0.0000000E+00  3.1072921E-01  3.0263188E-02  4.9105550E-03  9.9998794E-01
 3.1842818E-01  1.0777288E+00 -1.4099611E-01 -4.1659029E-02  2.1008437E-01  0.0000000E+00  3.1342623E-01  3.0249172E-02  5.4810366E-03  9.9998498E-01
 3.2112936E-01  1.0773481E+00 -1.4087616E-01 -4.1991506E-02  2.0721325E-01  0.0000000E+00  3.1612737E-01  3.0233604E-02  6.0446187E-03  9.9998173E-01
 3.2383459E-01  1.0769673E+00 -1.4069851E-01 -4.2306805E-02  2.0435394E-01  0.0000000E+00  3.1883255E-01  3.0216497E-02  6.6012920E-03  9.9997821E-01
 3.2654378E-01  1.0765864E+00 -1.4044639E-01 -4.2599361E-02  2.0150830E-01  0.0000000E+00  3.2154167E-01  3.0197867E-02  7.1510479E-03  9.9997443E-01
 3.2925683E-01  1.0762059E+00 -1.4008291E-01 -4.2857279E-02  1.9869963E-01  0.0000000E+00  3.2425464E-01  3.0177728E-02  7.6938977E-03  9.9997040E-01
 3.3197366E-01  1.0758259E+00 -1.3963472E-01 -4.3087874E-02  1.9597245E-01  0.0000000E+00  3.2697139E-01  3.0156095E-02  8.2299819E-03  9.9996613E-01
 3.3469418E-01  1.0754467E+00 -1.3912493E-01 -4.3297642E-02  1.9333031E-01  0.0000000E+00  3.2969182E-01  3.0132983E-02  8.7594942E-03  9.9996163E-01
 3.3741833E-01  1.0750684E+00 -1.3856540E-01 -4.3489794E-02  1.9077425E-01  0.0000000E+00  3.3241585E-01  3.0108407E-02  9.2826325E-03  9.9995692E-01
 3.4014601E-01  1.0746913E+00 -1.3796047E-01 -4.3665285E-02  1.8831827E-01  0.0000000E+00  3.3514340E-01  3.0082380E-02  9.7996037E-03  9.9995198E-01
 3.4287714E-01  1.0743153E+00 -1.3732845E-01 -4.3829577E-02  1.8593725E-01  0.0000000E+00  3.3787440E-01  3.0054917E-02  1.0310602E-02  9.9994684E-01
 3.4561166E-01  1.0739407E+00 -1.3666925E-01 -4.3982397E-02  1.8364504E-01  0.0000000E+00  3.4060877E-01  3.0026030E-02  1.0815847E-02  9.9994151E-01
 3.4834948E-01  1.0735674E+00 -1.3598908E-01 -4.4125524E-02  1.8144255E-01  0.0000000E+00  3.4334642E-01  2.9995733E-02  1.1315551E-02  9.9993598E-01
 3.5109053E-01  1.0731956E+00 -1.3529404E-01 -4.4260761E-02  1.7933071E-01  0.0000000E+00  3.4608728E-01  2.9964037E-02  1.1809935E-02  9.9993026E-01
 3.5383474E-01  1.0728253E+00 -1.3459027E-01 -4.4389998E-02  1.7731042E-01  0.0000000E+00  3.4883129E-01  2.9930956E-02  1.2299221E-02  9.9992436E-01
 3.5658203E-01  1.0724565E+00 -1.3388417E-01 -4.4515267E-02  1.7538263E-01  0.0000000E+00  3.5157837E-01  2.9896500E-02  1.2783638E-02  9.9991829E-01
 3.5933234E-01  1.0720893E+00 -1.3318718E-01 -4.4640371E-02  1.7356228E-01  0.0000000E+00  3.5432845E-01  2.9860680E-02  1.3263422E-02  9.9991204E-01
 3.6208560E-01  1.0717235E+00 -1.3249466E-01 -4.4763792E-02  1.7182243E-01  0.0000000E+00  3.5708146E-01  2.9823507E-02  1.3738794E-02  9.9990562E-01
 3.6484174E-01  1.0713593E+00 -1.3182205E-01 -4.4890808E-02  1.7017789E-01  0.0000000E+00  3.5983733E-01  2.9784990E-02  1.4210003E-02  9.9989903E-01
 3.6760069E-01  1.0709965E+00 -1.3117893E-01 -4.5024857E-02  1.6862962E-01  0.0000000E+00  3.6259599E-01  2.9745140E-02  1.4677293E-02  9.9989228E-01
 3.7036240E-01  1.0706351E+00 -1.3057729E-01 -4.5170309E-02  1.6717858E-01  0.0000000E+00  3.6535739E-01  2.9703964E-02  1.5140910E-02  9.9988537E-01
 3.7312680E-01  1.0702749E+00 -1.3003376E-01 -4.5333288E-02  1.6582577E-01  0.0000000E+00  3.6812146E-01  2.9661472E-02  1.5601107E-02  9.9987830E-01
 3.7589382E-01  1.0699157E+00 -1.2957963E-01 -4.5525249E-02  1.6457288E-01  0.0000000E+00  3.7088814E-01  2.9617670E-02  1.6058139E-02  9.9987106E-01
 3.7866341E-01  1.0695573E+00 -1.2925851E-01 -4.5762362E-02  1.6336661E-01  0.0000000E+00  3.7365736E-01  2.9572566E-02  1.6512210E-02  9.9986366E-01
 3.8143551E-01  1.0691993E+00 -1.2903221E-01 -4.6032078E-02  1.6215555E-01  0.0000000E+00  3.7642907E-01  2.9526167E-02  1.6963337E-02  9.9985611E-01
 3.8421006E-01  1.0688416E+00 -1.2887008E-01 -4.6324155E-02  1.6094125E-01  0.0000000E+00  3.7920321E-01  2.9478478E-02  1.7411496E-02  9.9984841E-01
 3.8698700E-01  1.0684839E+00 -1.2875918E-01 -4.6634426E-02  1.5972350E-01  0.0000000E+00  3.8197973E-01  2.9429509E-02  1.7856662E-02  9.9984056E-01
 3.8976628E-01  1.0681261E+00 -1.2869079E-01 -4.6960122E-02  1.5850225E-01  0.0000000E+00  3.8475855E-01  2.9379265E-02  1.8298810E-02  9.9983256E-01
 3.9254785E-01  1.0677682E+00 -1.2865837E-01 -4.7299188E-02  1.5727746E-01  0.0000000E+00  3.8753964E-01  2.9327754E-02  1.8737916E-02  9.9982443E-01
 3.9533165E-01  1.0674100E+00 -1.2866009E-01 -4.7651236E-02  1.5604868E-01  0.0000000E+00  3.9032294E-01  2.9274984E-02  1.9173957E-02  9.9981616E-01
 3.9811763E-01  1.0670516E+00 -1.2868243E-01 -4.8011498E-02  1.5481666E-01  0.0000000E+00  3.9310839E-01  2.9220962E-02  1.9606909E-02  9.9980777E-01
 4.0090573E-01  1.0666927E+00 -1.2872719E-01 -4.8380818E-02  1.5358097E-01  0.0000000E+00  3.9589595E-01  2.9165695E-02  2.0036748E-02  9.9979924E-01
 4.0369592E-01  1.0663335E+00 -1.2879091E-01 -4.8758073E-02  1.5234156E-01  0.0000000E+00  3.9868557E-01  2.9109193E-02  2.0463452E-02  9.9979060E-01
 4.0648814E-01  1.0659738E+00 -1.2887048E-01 -4.9142225E-02  1.5109838E-01  0.0000000E+00  4.0147719E-01  2.9051463E-02  2.0886998E-02  9.9978184E-01
 4.0928234E-01  1.0656136E+00 -1.2896302E-01 -4.9532297E-02  1.4985138E-01  0.0000000E+00  4.0427077E-01  2.8992512E-02  2.1307362E-02  9.9977297E-01
 4.1207848E-01  1.0652528E+00 -1.2906257E-01 -4.9926090E-02  1.4860005E-01  0.0000000E+00  4.0706626E-01  2.8932350E-02  2.1724522E-02  9.9976399E-01
 4.1487651E-01  1.0648915E+00 -1.2917565E-01 -5.0326200E-02  1.4734525E-01  0.0000000E+00  4.0986361E-01  2.8870984E-02  2.2138456E-02  9.9975491E-01
 4.1767638E-01  1.0645297E+00 -1.2929420E-01 -5.0729572E-02  1.4608648E-01  0.0000000E+00  4.1266279E-01  2.8808423E-02  2.2549141E-02  9.9974574E-01
 4.2047806E-01  1.0641673E+00 -1.2941579E-01 -5.1135288E-02  1.4482368E-01  0.0000000E+00  4.1546375E-01  2.8744676E-02  2.2956556E-02  9.9973646E-01
 4.2328151E-01  1.0638043E+00 -1.2953763E-01 -5.1542266E-02  1.4355679E-01  0.0000000E+00  4.1826644E-01  2.8679751E-02  2.3360677E-02  9.9972710E-01
 4.2608667E-01  1.0634407E+00 -1.2965573E-01 -5.1948903E-02  1.4228565E-01  0.0000000E+00  4.2107082E-01  2.8613658E-02  2.3761484E-02  9.9971766E-01
 4.2889351E-01  1.0630767E+00 -1.2976635E-01 -5.2353652E-02  1.4101623E-01  0.0000000E+00  4.2387686E-01  2.8546404E-02  2.4158960E-02  9.9970813E-01
 4.3170200E-01  1.0627121E+00 -1.2986561E-01 -5.2754874E-02  1.3975252E-01  0.0000000E+00  4.2668451E-01  2.8478000E-02  2.4553106E-02  9.9969853E-01
 4.3451208E-01  1.0623470E+00 -1.2996019E-01 -5.3155203E-02  1.3849554E-01  0.0000000E+00  4.2949374E-01  2.8408454E-02  2.4943934E-02  9.9968885E-01
 4.3732373E-01  1.0619815E+00 -1.3005046E-01 -5.3554748E-02  1.3724537E-01  0.0000000E+00  4.3230449E-01  2.8337775E-02  2.5331452E-02  9.9967911E-01
 4.4013690E-01  1.0616155E+00 -1.3013638E-01 -5.3953451E-02  1.3600205E-01  0.0000000E+00  4.3511675E-01  2.8265972E-02  2.5715671E-02  9.9966930E-01
 4.4295157E-01  1.0612491E+00 -1.3021392E-01 -5.4349594E-02  1.3476678E-01  0.0000000E+00  4.3793047E-01  2.8193054E-02  2.6096602E-02  9.9965943E-01
 4.4576769E-01  1.0608823E+00 -1.3029268E-01 -5.4747135E-02  1.3353735E-01  0.0000000E+00  4.4074562E-01  2.8119030E-02  2.6474255E-02  9.9964950E-01
 4.4858523E-01  1.0605151E+00 -1.3036634E-01 -5.5143405E-02  1.3231493E-01  0.0000000E+00  4.4356216E-01  2.8043910E-02  2.6848643E-02  9.9963951E-01
 4.5140415E-01  1.0601475E+00 -1.3043465E-01 -5.5538255E-02  1.3109959E-01  0.0000000E+00  4.4638005E-01  2.7967701E-02  2.7219778E-02  9.9962947E-01
 4.5422443E-01  1.0597795E+00 -1.3049730E-01 -5.5931503E-02  1.2989139E-01  0.0000000E+00  4.4919927E-01  2.7890414E-02  2.7587671E-02  9.9961939E-01
 4.5704603E-01  1.0594112E+00 -1.3055391E-01 -5.6322934E-02  1.2869038E-01  0.0000000E+00  4.5201978E-01  2.7812058E-02  2.7952336E-02  9.9960926E-01
 4.5986892E-01  1.0590426E+00 -1.3060646E-01 -5.6713346E-02  1.2749781E-01  0.0000000E+00  4.5484156E-01  2.7732640E-02  2.8313786E-02  9.9959908E-01
 4.6269307E-01  1.0586737E+00 -1.3064697E-01 -5.7099224E-02  1.2631137E-01  0.0000000E+00  4.5766456E-01  2.7652171E-02  2.8672034E-02  9.9958887E-01
 4.6551845E-01  1.0583046E+00 -1.3067919E-01 -5.7482104E-02  1.2513230E-01  0.0000000E+00  4.6048876E-01  2.7570660E-02  2.9027094E-02  9.9957863E-01
 4.6834503E-01  1.0579352E+00 -1.3070186E-01 -5.7861362E-02  1.2396066E-01  0.0000000E+00  4.6331413E-01  2.7488114E-02  2.9378981E-02  9.9956834E-01
 4.7117278E-01  1.0575655E+00 -1.3071343E-01 -5.8236212E-02  1.2279651E-01  0.0000000E+00  4.6614065E-01  2.7404544E-02  2.9727710E-02  9.9955803E-01
 4.7400167E-01  1.0571958E+00 -1.3070837E-01 -5.8604080E-02  1.2164119E-01  0.0000000E+00  4.6896827E-01  2.7319958E-02  3.0073297E-02  9.9954770E-01
 4.7683167E-01  1.0568259E+00 -1.3069187E-01 -5.8967165E-02  1.2049249E-01  0.0000000E+00  4.7179698E-01  2.7234365E-02  3.0415755E-02  9.9953733E-01
 4.7966277E-01  1.0564559E+00 -1.3065004E-01 -5.9319051E-02  1.1935675E-01  0.0000000E+00  4.7462675E-01  2.7147774E-02  3.0755105E-02  9.9952695E-01
 4.8249493E-01  1.0560860E+00 -1.3058702E-01 -5.9661408E-02  1.1824508E-01  0.0000000E+00  4.7745756E-01  2.7060194E-02  3.1091397E-02  9.9951655E-01
 4.8532812E-01  1.0557161E+00 -1.3051029E-01 -5.9997488E-02  1.1715992E-01  0.0000000E+00  4.8028937E-01  2.6971633E-02  3.1424700E-02  9.9950612E-01
 4.8816233E-01  1.0553463E+00 -1.3042334E-01 -6.0328784E-02  1.1610155E-01  0.0000000E+00  4.8312216E-01  2.6882100E-02  3.1755085E-02  9.9949568E-01
 4.9099752E-01  1.0549767E+00 -1.3033070E-01 -6.0657312E-02  1.1507448E-01  0.0000000E+00  4.8595591E-01  2.6791603E-02  3.2082624E-02  9.9948522E-01
 4.9383368E-01  1.0546072E+00 -1.3022826E-01 -6.0981092E-02  1.1407061E-01  0.0000000E+00  4.8879059E-01  2.6700151E-02  3.2407386E-02  9.9947474E-01
 4.9667077E-01  1.0542379E+00 -1.3012190E-01 -6.1302810E-02  1.1309443E-01  0.0000000E+00  4.9162618E-01  2.6607750E-02  3.2729448E-02  9.9946425E-01
 4.9950879E-01  1.0538688E+00 -1.3001323E-01 -6.1623187E-02  1.1214625E-01  0.0000000E+00  4.9446266E-01  2.6514410E-02  3.3048884E-02  9.9945374E-01
 5.0234770E-01  1.0534998E+00 -1.2990383E-01 -6.1942953E-02  1.1122638E-01  0.0000000E+00  4.9730001E-01  2.6420136E-02  3.3365770E-02  9.9944321E-01
 5.0518749E-01  1.0531311E+00 -1.2979263E-01 -6.2261588E-02  1.1033958E-01  0.0000000E+00  5.0013820E-01  2.6324938E-02  3.3680184E-02  9.9943266E-01
 5.0802813E-01  1.0527625E+00 -1.2968881E-01 -6.2583498E-02  1.0947738E-01  0.0000000E+00  5.0297721E-01  2.6228821E-02  3.3992199E-02  9.9942210E-01
 5.1086960E-01  1.0523941E+00 -1.2958963E-01 -6.2907423E-02  1.0864448E-01  0.0000000E+00  5.0581702E-01  2.6131792E-02  3.4301898E-02  9.9941152E-01
 5.1371188E-01  1.0520259E+00 -1.2949729E-01 -6.3234464E-02  1.0784124E-01  0.0000000E+00  5.0865762E-01  2.6033859E-02  3.4609362E-02  9.9940092E-01
 5.1655495E-01  1.0516579E+00 -1.2941417E-01 -6.3565855E-02  1.0706802E-01  0.0000000E+00  5.1149898E-01  2.5935027E-02  3.4914670E-02  9.9939030E-01
 5.1939880E-01  1.0512900E+00 -1.2934658E-01 -6.3904784E-02  1.0632985E-01  0.0000000E+00  5.1434108E-01  2.5835304E-02  3.5217909E-02  9.9937966E-01
 5.2224341E-01  1.0509221E+00 -1.2928846E-01 -6.4248384E-02  1.0561779E-01  0.0000000E+00  5.1718390E-01  2.5734694E-02  3.5519156E-02  9.9936900E-01
 5.2508875E-01  1.0505543E+00 -1.2924931E-01 -6.4601474E-02  1.0493684E-01  0.0000000E+00  5.2002743E-01  2.5633203E-02  3.5818499E-02  9.9935831E-01
 5.2793481E-01  1.0501865E+00 -1.2923472E-01 -6.4967040E-02  1.0428736E-01  0.0000000E+00  5.2287165E-01  2.5530838E-02  3.6116026E-02  9.9934760E-01
 5.3078157E-01  1.0498186E+00 -1.2925754E-01 -6.5351787E-02  1.0366684E-01  0.0000000E+00  5.2571653E-01  2.5427603E-02  3.6411822E-02  9.9933687E-01
 5.3362901E-01  1.0494504E+00 -1.2932166E-01 -6.5758028E-02  1.0305561E-01  0.0000000E+00  5.2856207E-01  2.5323503E-02  3.6705940E-02  9.9932611E-01
 5.3647712E-01  1.0490820E+00 -1.2941136E-01 -6.6178081E-02  1.0244730E-01  0.0000000E+00  5.3140825E-01  2.5218544E-02  3.6998388E-02  9.9931533E-01
 5.3932588E-01  1.0487132E+00 -1.2952876E-01 -6.6613269E-02  1.0184114E-01  0.0000000E+00  5.3425505E-01  2.5112730E-02  3.7289170E-02  9.9930452E-01
 5.4217528E-01  1.0483439E+00 -1.2966674E-01 -6.7060152E-02  1.0123765E-01  0.0000000E+00  5.3710245E-01  2.5006066E-02  3.7578292E-02  9.9929369E-01
 5.4502530E-01  1.0479741E+00 -1.2982356E-01 -6.7518009E-02  1.0063683E-01  0.0000000E+00  5.3995044E-01  2.4898557E-02  3.7865760E-02  9.9928283E-01
 5.4787592E-01  1.0476038E+00 -1.2999802E-01 -6.7986374E-02  1.0003870E-01  0.0000000E+00  5.4279900E-01  2.4790208E-02  3.8151577E-02  9.9927196E-01
 5.5072713E-01  1.0472329E+00 -1.3018924E-01 -6.8464951E-02  9.9443275E-02  0.0000000E+00  5.4564812E-01  2.4681024E-02  3.8435751E-02  9.9926107E-01
 5.5357892E-01  1.0468613E+00 -1.3039838E-01 -6.8954497E-02  9.8851018E-02  0.0000000E+00  5.4849778E-01  2.4571010E-02  3.8718286E-02  9.9925017E-01
 5.5643127E-01  1.0464891E+00 -1.3061954E-01 -6.9452038E-02  9.8261087E-02  0.0000000E+00  5.5134798E-01  2.4460171E-02  3.8999189E-02  9.9923924E-01
 5.5928417E-01  1.0461161E+00 -1.3085587E-01 -6.9959364E-02  9.7673934E-02  0.0000000E+00  5.5419869E-01  2.4348512E-02  3.9278464E-02  9.9922830E-01
 5.6213760E-01  1.0457423E+00 -1.3110711E-01 -7.0476476E-02  9.7089581E-02  0.0000000E+00  5.5704991E-01  2.4236037E-02  3.9556120E-02  9.9921735E-01
 5.6499156E-01  1.0453678E+00 -1.3137319E-01 -7.1003470E-02  9.6508053E-02  0.0000000E+00  5.5990161E-01  2.4122751E-02  3.9832161E-02  9.9920638E-01
 5.6784602E-01  1.0449924E+00 -1.3165101E-01 -7.1538799E-02  9.5929815E-02  0.0000000E+00  5.6275379E-01  2.4008660E-02  4.0106594E-02  9.9919541E-01
 5.7070098E-01  1.0446161E+00 -1.3194904E-01 -7.2087195E-02  9.5354012E-02  0.0000000E+00  5.6560644E-01  2.3893767E-02  4.0379424E-02  9.9918442E-01
 5.7355642E-01  1.0442389E+00 -1.3226316E-01 -7.2646582E-02  9.4781110E-02  0.0000000E+00  5.6845954E-01  2.3778078E-02  4.0650660E-02  9.9917342E-01
 5.7641234E-01  1.0438607E+00 -1.3259465E-01 -7.3217809E-02  9.4211134E-02  0.0000000E+00  5.7131308E-01  2.3661598E-02  4.0920307E-02  9.9916241E-01
 5.7926872E-01  1.0434814E+00 -1.3294564E-01 -7.3802221E-02  9.3644113E-02  0.0000000E+00  5.7416705E-01  2.3544331E-02  4.1188373E-02  9.9915140E-01
 5.8212554E-01  1.0431011E+00 -1.3332125E-01 -7.4402859E-02  9.3079564E-02  0.0000000E+00  5.7702144E-01  2.3426282E-02  4.1454863E-02  9.9914038E-01
 5.8498281E-01  1.0427196E+00 -1.3372654E-01 -7.5022783E-02  9.2507398E-02  0.0000000E+00  5.7987623E-01  2.3307455E-02  4.1719773E-02  9.9912935E-01
 5.8784050E-01  1.0423368E+00 -1.3415473E-01 -7.5658442E-02  9.1918987E-02  0.0000000E+00  5.8273142E-01  2.3187856E-02  4.1983063E-02  9.9911832E-01
 5.9069861E-01  1.0419528E+00 -1.3459642E-01 -7.6304721E-02  9.1318329E-02  0.0000000E+00  5.8558699E-01  2.3067490E-02  4.2244695E-02  9.9910729E-01
 5.9355713E-01  1.0415674E+00 -1.3505222E-01 -7.6962093E-02  9.0703167E-02  0.0000000E+00  5.8844295E-01  2.2946361E-02  4.2504623E-02  9.9909627E-01
 5.9641605E-01  1.0411806E+00 -1.3551991E-01 -7.7629423E-02  9.0073247E-02  0.0000000E+00  5.9129926E-01  2.2824474E-02  4.2762806E-02  9.9908525E-01
 5.9927535E-01  1.0407925E+00 -1.3599759E-01 -7.8305717E-02  8.9428314E-02  0.0000000E+00  5.9415593E-01  2.2701835E-02  4.3019199E-02  9.9907425E-01
 6.0213503E-01  1.0404029E+00 -1.3648346E-01 -7.8990046E-02  8.8768106E-02  0.0000000E+00  5.9701295E-01  2.2578449E-02  4.3273758E-02  9.9906325E-01
 6.0499508E-01  1.0400118E+00 -1.3697308E-01 -7.9679901E-02  8.8090063E-02  0.0000000E+00  5.9987031E-01  2.2454323E-02  4.3526437E-02  9.9905228E-01
 6.0785549E-01  1.0396193E+00 -1.3747171E-01 -8.0378398E-02  8.7398451E-02  0.0000000E+00  6.0272799E-01  2.2329460E-02  4.3777191E-02  9.9904132E-01
 6.1071625E-01  1.0392253E+00 -1.3797356E-01 -8.1082222E-02  8.6690735E-02  0.0000000E+00  6.0558599E-01  2.2203868E-02  4.4025972E-02  9.9903039E-01
 6.1357736E-01  1.0388298E+00 -1.3847694E-01 -8.1790406E-02  8.5966622E-02  0.0000000E+00  6.0844431E-01  2.2077551E-02  4.4272734E-02  9.9901948E-01
 6.1643879E-01  1.0384328E+00 -1.3897999E-01 -8.2501875E-02  8.5225813E-02  0.0000000E+00  6.1130292E-01  2.1950517E-02  4.4517427E-02  9.9900861E-01
 6.1930056E-01  1.0380344E+00 -1.3948065E-01 -8.3215394E-02  8.4468001E-02  0.0000000E+00  6.1416184E-01  2.1822771E-02  4.4760002E-02  9.9899777E-01
 6.2216264E-01  1.0376345E+00 -1.3997648E-01 -8.3929496E-02  8.3692869E-02  0.0000000E+00  6.1702103E-01  2.1694320E-02  4.5000409E-02  9.9898697E-01
 6.2502503E-01  1.0372331E+00 -1.4046741E-01 -8.4644083E-02  8.2897534E-02  0.0000000E+00  6.1988051E-01  2.1565169E-02  4.5238595E-02  9.9897621E-01
 6.2788772E-01  1.0368303E+00 -1.4094261E-01 -8.5352569E-02  8.2086715E-02  0.0000000E+00  6.2274026E-01  2.1435327E-02  4.5474512E-02  9.9896550E-01
 6.3075071E-01  1.0364262E+00 -1.4140026E-01 -8.6053708E-02  8.1257483E-02  0.0000000E+00  6.2560027E-01  2.1304799E-02  4.5708105E-02  9.9895484E-01
 6.3361399E-01  1.0360207E+00 -1.4182885E-01 -8.6740300E-02  8.0413363E-02  0.0000000E+00  6.2846054E-01  2.1173593E-02  4.5939321E-02  9.9894423E-01
 6.3647755E-01  1.0356140E+00 -1.4221593E-01 -8.7404430E-02  7.9572933E-02  0.0000000E+00  6.3132105E-01  2.1041715E-02  4.6168135E-02  9.9893368E-01
 6.3934138E-01  1.0352062E+00 -1.4258036E-01 -8.8057364E-02  7.8750361E-02  0.0000000E+00  6.3418182E-01  2.0909172E-02  4.6394591E-02  9.9892319E-01
 6.4220547E-01  1.0347973E+00 -1.4292959E-01 -8.8703521E-02  7.7945802E-02  0.0000000E+00  6.3704281E-01  2.0775972E-02  4.6618739E-02  9.9891276E-01
 6.4506983E-01  1.0343874E+00 -1.4326833E-01 -8.9345711E-02  7.7159579E-02  0.0000000E+00  6.3990404E-01  2.0642121E-02  4.6840631E-02  9.9890238E-01
 6.4793444E-01  1.0339765E+00 -1.4360023E-01 -8.9986117E-02  7.6392020E-02  0.0000000E+00  6.4276550E-01  2.0507625E-02  4.7060317E-02  9.9889205E-01
 6.5079930E-01  1.0335647E+00 -1.4392575E-01 -9.0624983E-02  7.5646158E-02  0.0000000E+00  6.4562717E-01  2.0372492E-02  4.7277853E-02  9.9888178E-01
 6.5366441E-01  1.0331518E+00 -1.4425388E-01 -9.1267929E-02  7.4916993E-02  0.0000000E+00  6.4848905E-01  2.0236727E-02  4.7493289E-02  9.9887156E-01
 6.5652974E-01  1.0327380E+00 -1.4458378E-01 -9.1914455E-02  7.4207537E-02  0.0000000E+00  6.5135114E-01  2.0100336E-02  4.7706683E-02  9.9886139E-01
 6.5939531E-01  1.0323232E+00 -1.4491816E-01 -9.2566317E-02  7.3518164E-02  0.0000000E+00  6.5421343E-01  1.9963326E-02  4.7918090E-02  9.9885127E-01
 6.6226110E-01  1.0319074E+00 -1.4525982E-01 -9.3225350E-02  7.2849255E-02  0.0000000E+00  6.5707592E-01  1.9825702E-02  4.8127569E-02  9.9884120E-01
 6.6512711E-01  1.0314906E+00 -1.4561172E-01 -9.3893539E-02  7.2201207E-02  0.0000000E+00  6.5993859E-01  1.9687470E-02  4.8335177E-02  9.9883117E-01
 6.6799334E-01  1.0310727E+00 -1.4597711E-01 -9.4573094E-02  7.1574429E-02  0.0000000E+00  6.6280145E-01  1.9548636E-02  4.8540974E-02  9.9882119E-01
 6.7085977E-01  1.0306537E+00 -1.4635970E-01 -9.5266557E-02  7.0969344E-02  0.0000000E+00  6.6566449E-01  1.9409203E-02  4.8745021E-02  9.9881125E-01
 6.7372640E-01  1.0302336E+00 -1.4676387E-01 -9.5976966E-02  7.0386389E-02  0.0000000E+00  6.6852770E-01  1.9269179E-02  4.8947380E-02  9.9880136E-01
 6.7659324E-01  1.0298122E+00 -1.4719514E-01 -9.6708148E-02  6.9826020E-02  0.0000000E+00  6.7139109E-01  1.9128567E-02  4.9148115E-02  9.9879150E-01
 6.7946026E-01  1.0293896E+00 -1.4766105E-01 -9.7465353E-02  6.9288738E-02  0.0000000E+00  6.7425463E-01  1.8987372E-02  4.9347291E-02  9.9878168E-01
 6.8232748E-01  1.0289655E+00 -1.4817399E-01 -9.8257118E-02  6.8775207E-02  0.0000000E+00  6.7711834E-01  1.8845599E-02  4.9544973E-02  9.9877189E-01
 6.8519488E-01  1.0285398E+00 -1.4876520E-01 -9.9104728E-02  6.8265589E-02  0.0000000E+00  6.7998221E-01  1.8703252E-02  4.9741215E-02  9.9876214E-01
 6.8806246E-01  1.0281123E+00 -1.4941783E-01 -9.9997640E-02  6.7727174E-02  0.0000000E+00  6.8284622E-01  1.8560335E-02  4.9935978E-02  9.9875242E-01
 6.9093021E-01  1.0276828E+00 -1.5011235E-01 -1.0092332E-01  6.7152108E-02  0.0000000E+00  6.8571038E-01  1.8416854E-02  5.0129156E-02  9.9874274E-01
 6.9379813E-01  1.0272512E+00 -1.5083993E-01 -1.0187621E-01  6.6539758E-02  0.0000000E+00  6.8857468E-01  1.8272812E-02  5.0320642E-02  9.9873311E-01
 6.9666622E-01  1.0268175E+00 -1.5159416E-01 -1.0285228E-01  6.5889293E-02  0.0000000E+00  6.9143913E-01  1.8128216E-02  5.0510329E-02  9.9872354E-01
 6.9953447E-01  1.0263816E+00 -1.5236982E-01 -1.0384825E-01  6.5199820E-02  0.0000000E+00  6.9430370E-01  1.7983070E-02  5.0698105E-02  9.9871402E-01
 7.0240288E-01  1.0259435E+00 -1.5316231E-01 -1.0486118E-01  6.4470412E-02  0.0000000E+00  6.9716841E-01  1.7837380E-02  5.0883857E-02  9.9870458E-01
 7.0527145E-01  1.0255029E+00 -1.5396734E-01 -1.0588831E-01  6.3700108E-02  0.0000000E+00  7.0003325E-01  1.7691152E-02  5.1067469E-02  9.9869521E-01
 7.0814016E-01  1.0250601E+00 -1.5478076E-01 -1.0692687E-01  6.2887913E-02  0.0000000E+00  7.0289821E-01  1.7544394E-02  5.1248823E-02  9.9868592E-01
 7.1100903E-01  1.0246149E+00 -1.5559835E-01 -1.0797406E-01  6.2032795E-02  0.0000000E+00  7.0576328E-01  1.7397110E-02  5.1427795E-02  9.9867672E-01
 7.1387803E-01  1.0241673E+00 -1.5641570E-01 -1.0902685E-01  6.1133686E-02  0.0000000E+00  7.0862848E-01  1.7249310E-02  5.1604262E-02  9.9866761E-01
 7.1674718E-01  1.0237174E+00 -1.5722805E-01 -1.1008191E-01  6.0189477E-02  0.0000000E+00  7.1149379E-01  1.7101000E-02  5.1778095E-02  9.9865861E-01
 7.1961646E-01  1.0232651E+00 -1.5803004E-01 -1.1113544E-01  5.9199019E-02  0.0000000E+00  7.1435921E-01  1.6952188E-02  5.1949164E-02  9.9864973E-01
 7.2248587E-01  1.0228105E+00 -1.5881540E-01 -1.1218293E-01  5.8161117E-02  0.0000000E+00  7.1722474E-01  1.6802882E-02  5.2117333E-02  9.9864097E-01
 7.2535542E-01  1.0223537E+00 -1.5957638E-01 -1.1321873E-01  5.7074538E-02  0.0000000E+00  7.2009037E-01  1.6653092E-02  5.2282465E-02  9.9863234E-01
 7.2822509E-01  1.0218947E+00 -1.6030244E-01 -1.1423511E-01  5.5938040E-02  0.0000000E+00  7.2295610E-01  1.6502825E-02  5.2444418E-02  9.9862384E-01
 7.3109488E-01  1.0214337E+00 -1.6097567E-01 -1.1521892E-01  5.4751824E-02  0.0000000E+00  7.2582193E-01  1.6352092E-02  5.2603048E-02  9.9861550E-01
 7.3396479E-01  1.0209709E+00 -1.6155925E-01 -1.1614318E-01  5.3541119E-02  0.0000000E+00  7.2868786E-01  1.6200902E-02  5.2758226E-02  9.9860731E-01
 7.3683482E-01  1.0205064E+00 -1.6207567E-01 -1.1702326E-01  5.2347098E-02  0.0000000E+00  7.3155388E-01  1.6049266E-02  5.2909956E-02  9.9859929E-01
 7.3970497E-01  1.0200406E+00 -1.6254590E-01 -1.1787375E-01  5.1174294E-02  0.0000000E+00  7.3442000E-01  1.5897193E-02  5.3058298E-02  9.9859142E-01
 7.4257522E-01  1.0195734E+00 -1.6297955E-01 -1.1870119E-01  5.0023353E-02  0.0000000E+00  7.3728620E-01  1.5744693E-02  5.3203314E-02  9.9858370E-01
 7.4544559E-01  1.0191050E+00 -1.6338308E-01 -1.1950996E-01  4.8894882E-02  0.0000000E+00  7.4015249E-01  1.5591776E-02  5.3345067E-02  9.9857614E-01
 7.4831606E-01  1.0186355E+00 -1.6375853E-01 -1.2030127E-01  4.7786735E-02  0.0000000E+00  7.4301886E-01  1.5438451E-02  5.3483621E-02  9.9856873E-01
 7.5118664E-01  1.0181649E+00 -1.6411533E-01 -1.2108181E-01  4.6705072E-02  0.0000000E+00  7.4588532E-01  1.5284727E-02  5.3619044E-02  9.9856146E-01
 7.5405731E-01  1.0176933E+00 -1.6445470E-01 -1.2185230E-01  4.5647860E-02  0.0000000E+00  7.4875185E-01  1.5130613E-02  5.3751405E-02  9.9855435E-01
 7.5692809E-01  1.0172207E+00 -1.6478000E-01 -1.2261509E-01  4.4615820E-02  0.0000000E+00  7.5161847E-01  1.4976119E-02  5.3880774E-02  9.9854738E-01
 7.5979896E-01  1.0167472E+00 -1.6509444E-01 -1.2337244E-01  4.3609705E-02  0.0000000E+00  7.5448516E-01  1.4821252E-02  5.4007224E-02  9.9854054E-01
 7.6266992E-01  1.0162727E+00 -1.6540125E-01 -1.2412668E-01  4.2630305E-02  0.0000000E+00  7.5735192E-01  1.4666021E-02  5.4130831E-02  9.9853385E-01
 7.6554098E-01  1.0157974E+00 -1.6570382E-01 -1.2488028E-01  4.1678445E-02  0.0000000E+00  7.6021876E-01  1.4510434E-02  5.4251671E-02  9.9852729E-01
 7.6841212E-01  1.0153212E+00 -1.6600588E-01 -1.2563603E-01  4.0754990E-02  0.0000000E+00  7.6308567E-01  1.4354500E-02  5.4369825E-02  9.9852087E-01
 7.7128335E-01  1.0148441E+00 -1.6631183E-01 -1.2639729E-01  3.9860841E-02  0.0000000E+00  7.6595264E-01  1.4198225E-02  5.4485374E-02  9.9851457E-01
 7.7415467E-01  1.0143662E+00 -1.6662743E-01 -1.2716848E-01  3.8996914E-02  0.0000000E+00  7.6881968E-01  1.4041617E-02  5.4598405E-02  9.9850839E-01
 7.7702607E-01  1.0138872E+00 -1.6696508E-01 -1.2795922E-01  3.8160964E-02  0.0000000E+00  7.7168679E-01  1.3884684E-02  5.4709003E-02  9.9850234E-01
 7.7989755E-01  1.0134073E+00 -1.6734017E-01 -1.2878158E-01  3.7348210E-02  0.0000000E+00  7.7455396E-01  1.3727432E-02  5.4817252E-02  9.9849640E-01
 7.8276911E-01  1.0129262E+00 -1.6774491E-01 -1.2962992E-01  3.6527478E-02  0.0000000E+00  7.7742119E-01  1.3569869E-02  5.4923164E-02  9.9849058E-01
 7.8564074E-01  1.0124439E+00 -1.6816607E-01 -1.3049427E-01  3.5697825E-02  0.0000000E+00  7.8028849E-01  1.3412000E-02  5.5026712E-02  9.9848488E-01
 7.8851245E-01  1.0119603E+00 -1.6859751E-01 -1.3137001E-01  3.4858873E-02  0.0000000E+00  7.8315584E-01  1.3253834E-02  5.5127871E-02  9.9847930E-01
 7.9138423E-01  1.0114755E+00 -1.6903467E-01 -1.3225370E-01  3.4010294E-02  0.0000000E+00  7.8602324E-01  1.3095376E-02  5.5226614E-02  9.9847385E-01
 7.9425609E-01  1.0109895E+00 -1.6946953E-01 -1.3313908E-01  3.3152807E-02  0.0000000E+00  7.8889071E-01  1.2936634E-02  5.5322911E-02  9.9846852E-01
 7.9712801E-01  1.0105021E+00 -1.6990432E-01 -1.3402792E-01  3.2283981E-02  0.0000000E+00  7.9175822E-01  1.2777616E-02  5.5416735E-02  9.9846331E-01
 8.0000000E-01  1.0100135E+00 -1.7033233E-01 -1.3491489E-01  3.1404481E-02  0.0000000E+00  7.9462579E-01  1.2618328E-02  5.5508054E-02  9.9845824E-01
