 3.4550107000000E-02  1.0005201722900E+00  8.8695261301880E-02  6.8531741200380E-15  7.8133864521741E-02  2.3232519541889E-04 -1.5270481430092E+02 -1.4281680669687E+02  1.7837755336321E+01 -1.9765791330106E+01
 3.5288442000000E-02  8.8771421519721E-01  7.8740369694704E-02 -1.5371377256285E-17  6.4419292161701E-02  1.8332936969057E-04 -1.5922560534984E+02 -1.5901404954599E+02 -2.9947188459818E+02 -1.4251399515193E+02
 3.6036508000000E-02  7.9064615974734E-01  7.0165474140561E-02 -1.9654385435657E-17  5.8520099874571E-02  1.4582005255449E-04 -1.5338932653865E+02 -1.5273853487943E+02 -3.0166239005344E+02 -1.3763844314443E+02
 3.6794291000000E-02  7.0525575462864E-01  6.2813661403860E-02 -5.8482039632627E-18  5.3410619179317E-02  1.1636128360720E-04 -1.5000788174245E+02 -1.4909466170012E+02 -3.0427342510841E+02 -1.3460282340634E+02
 3.7561770000000E-02  6.2941718806120E-01  5.6490829501463E-02 -4.2587050365623E-19  4.8608782921847E-02  9.2978504237051E-05 -1.4769862007119E+02 -1.4653424700267E+02 -3.0686272718798E+02 -1.3140166480761E+02
 3.8338926000000E-02  5.6177418553130E-01  5.0978166240396E-02  4.7349668333550E-15  4.4104892204566E-02  7.4334088406965E-05 -1.4584437286345E+02 -1.4439445961066E+02 -3.0875375632494E+02 -1.2831793712925E+02
 3.9125732000000E-02  5.0137846092482E-01  4.6112689554428E-02  4.3183948778239E-15  3.9958717144305E-02  5.9454159287579E-05 -1.4408627196202E+02 -1.4226698425371E+02 -3.0990159417782E+02 -1.2582825513421E+02
 3.9922160000000E-02  4.4748607852939E-01  4.1783509916858E-02  3.9249572334822E-15  3.6201357853943E-02  4.7589577855686E-05 -1.4223918353425E+02 -1.3991149519715E+02 -3.1056744103141E+02 -1.2427959623196E+02
 4.0728181000000E-02  3.9946003993297E-01  3.7914915859712E-02  3.5499211829528E-15  3.2830062798110E-02  3.8145401749755E-05 -1.4021589094914E+02 -1.3718596300891E+02 -3.1112630292143E+02 -1.2384178644984E+02
 4.1543760000000E-02  3.5672793119519E-01  3.4452286908235E-02  3.1923079424790E-15  2.9820671416431E-02  3.0641923959219E-05 -1.3797900549637E+02 -1.3400799311355E+02 -3.1197001754401E+02 -1.2453118173854E+02
 4.2368860000000E-02  3.1876502516822E-01  3.1352833328085E-02  2.8540370019305E-15  2.7139037723496E-02  2.4690200465502E-05 -1.3551276670899E+02 -1.3033780977519E+02 -3.1346527291174E+02 -1.2624685960648E+02
 4.3203443000000E-02  2.8508871630302E-01  2.8580275241573E-02  2.5393150478613E-15  2.4748835393526E-02  1.9974808062627E-05 -1.3281056371047E+02 -1.2617518353901E+02 -3.1594184846106E+02 -1.2880046515795E+02
 4.4047467000000E-02  2.5525552480072E-01  2.6101985251812E-02  2.2492820807416E-15  2.2615748100389E-02  1.6240500630907E-05 -1.2986945232863E+02 -1.2156210866037E+02 -3.1969404657879E+02 -1.3192642463881E+02
 4.4900886000000E-02  2.2886016034664E-01  2.3887668730299E-02  1.9819784352495E-15  2.0708216083439E-02  1.3281516839413E-05 -1.2668994220109E+02 -1.1658023953625E+02 -3.2497320870688E+02 -1.3526580793716E+02
 4.5763653000000E-02  2.0553231546938E-01  2.1909015214856E-02  1.7375391172516E-15  1.8996933895529E-02  1.0932909379476E-05 -1.2327632348569E+02 -1.1134350112692E+02 -3.3197721452483E+02 -1.3835843371025E+02
 4.6635717000000E-02  1.8493608339325E-01  2.0139569748309E-02  1.5193551978047E-15  1.7456751301080E-02  9.0632438816111E-06 -1.1963107647484E+02 -1.0599141608150E+02 -3.4084885041735E+02 -1.4062082028597E+02
 4.7517028000000E-02  1.6676823770924E-01  1.8554538660022E-02  1.3269165259171E-15  1.6026428342273E-02  7.5683744605389E-06 -1.1576209508367E+02 -1.0068042676603E+02 -3.5161301178293E+02 -1.4129766155124E+02
 4.8407528000000E-02  1.5075467596797E-01  1.7130868771624E-02  1.1587050607502E-15  1.4775733834992E-02  6.3662308282296E-06 -1.1169336905821E+02 -9.5572365497369E+01 -3.6404333752953E+02 -1.3944280400901E+02
 4.9307162000000E-02  1.3664644105306E-01  1.5847466620286E-02  1.0128843770493E-15  1.3673360816183E-02  5.3924552698455E-06 -1.0746883970206E+02 -9.0820282182038E+01 -3.7746489990461E+02 -1.3397455325790E+02
 5.0215868000000E-02  1.2421695910609E-01  1.4685351844826E-02  8.8744308660383E-16  1.2641069409356E-02  4.5968592560517E-06 -1.0315330573615E+02 -8.6554838715709E+01 -3.9052550819245E+02 -1.2391101778146E+02
 5.1133586000000E-02  1.1325942312675E-01  1.3627723609873E-02  7.8050382628906E-16  1.1702712059811E-02  3.9405034267156E-06 -9.8832438109781E+01 -8.2875006507821E+01 -4.0111397612796E+02 -1.0886446742861E+02
 5.2060250000000E-02  1.0358490868760E-01  1.2659988034988E-02  6.8988347308473E-16  1.0827333774933E-02  3.3933382670572E-06 -9.4609439036935E+01 -7.9843742395462E+01 -4.0671997424492E+02 -8.9670595337127E+01
 5.2995795000000E-02  9.5020992819002E-02  1.1769698898855E-02  6.1387744487834E-16  1.0049836075917E-02  2.9322886968828E-06 -9.0597675510411E+01 -7.7487681241785E+01 -4.0536654357118E+02 -6.8675187513482E+01
 5.3940152000000E-02  8.7411086688358E-02  1.0946463037144E-02  6.1040134905547E-16  9.3550900553934E-03  2.5397293137178E-06 -8.6910510292024E+01 -7.5799861092192E+01 -3.9665401359624E+02 -4.9144325746952E+01
 5.4893251000000E-02  8.0614232963090E-02  1.0181774359222E-02  5.6302823207991E-16  8.6860943952935E-03  2.2022645721432E-06 -8.3648728090503E+01 -7.4744035625520E+01 -3.8202920056431E+02 -3.3971231291629E+01
 5.5855019000000E-02  7.4505364536122E-02  9.4688195051517E-03  5.2288942829006E-16  8.0861500438918E-03  1.9097645374809E-06 -8.0888257892116E+01 -7.4259604487317E+01 -3.6399626932271E+02 -2.4648167516078E+01
 5.6825383000000E-02  6.8975642647568E-02  8.8022438015606E-03  4.8894321525434E-16  7.5324157882564E-03  1.6545948427473E-06 -7.8670659400576E+01 -7.4266558718709E+01 -3.4498320379370E+02 -2.1181151956201E+01
 5.7804266000000E-02  6.3932708866611E-02  8.1779169594137E-03  4.6036204814417E-16  7.0195706744778E-03  1.4310077952032E-06 -7.6998641208899E+01 -7.4669603851679E+01 -3.2666512604477E+02 -2.2683538566032E+01
 5.8791591000000E-02  5.9300411130146E-02  7.5927019312879E-03  4.3664860201567E-16  6.5430535640338E-03  1.2346545874265E-06 -7.5837817937529E+01 -7.5361836487653E+01 -3.0988203054688E+02 -2.8024926026927E+01
 5.9787279000000E-02  5.5017943331123E-02  7.0442476176104E-03 -1.6353335389123E-20  6.0991013440464E-03  1.0622002874851E-06 -7.5124228695870E+01 -7.6227731054904E+01 -2.9486018826962E+02 -3.6218582276197E+01
 6.0791250000000E-02  5.1038251319942E-02  6.5308067373903E-03 -1.0258102151179E-19  5.6847355941177E-03  9.1102069440153E-07 -7.4775358959471E+01 -7.7145771087686E+01 -2.8146496638443E+02 -4.6555178103903E+01
 6.1803421000000E-02  4.7325961481050E-02  6.0510806435650E-03 -2.2491844943102E-19  5.2977926999868E-03  7.7897072724632E-07 -7.4701298999629E+01 -7.7990708298780E+01 -2.6937328542997E+02 -5.8602191123267E+01
 6.2823709000000E-02  4.3855034091657E-02  5.6040871883349E-03 -3.5797047131021E-19  4.9366013776267E-03  6.6421284344789E-07 -7.4813646932289E+01 -7.8636235213657E+01 -2.5815665702915E+02 -7.2157265658967E+01
 6.3852030000000E-02  4.0606518367684E-02  5.1890442807420E-03 -4.7752633575347E-19  4.5994976787649E-03  5.6509737808790E-07 -7.5029729297093E+01 -7.8958467430681E+01 -2.4728866251756E+02 -8.7200488680202E+01
 6.4888298000000E-02  3.7566651503443E-02  4.8052774292123E-03 -5.7392312751532E-19  4.2853233125203E-03  4.8008616758958E-07 -7.5270243001317E+01 -7.8839236226755E+01 -2.3608705888459E+02 -1.0385420709405E+02
 6.5932425000000E-02  3.4725557049935E-02  4.4521761926136E-03 -6.2631786865718E-19  3.9930216739679E-03  4.0771300707705E-07 -7.5460380003214E+01 -7.8173642369286E+01 -2.2358189221705E+02 -1.2236283521295E+02
 6.6984325000000E-02  3.2075784595388E-02  4.1291088130475E-03 -6.3212116746733E-19  3.7218071892891E-03  3.4656220919489E-07 -7.5529015214448E+01 -7.6888671402603E+01 -2.0826289857755E+02 -1.4303838480679E+02
 6.8043909000000E-02  2.9611651832493E-02  3.8352737345199E-03 -5.8597269257948E-19  3.4713238308113E-03  2.9525946920872E-07 -7.5403357033667E+01 -7.4961270727350E+01 -1.8759512286141E+02 -1.6603380902812E+02
 6.9111085000000E-02  2.7328530015362E-02  3.5696680944472E-03 -5.0594320325664E-19  3.2410877970340E-03  2.5248221088461E-07 -7.5017006381467E+01 -7.2424903387140E+01 -1.5716626397518E+02 -1.9057667447408E+02
 7.0185765000000E-02  2.5221968121724E-02  3.3310585476996E-03 -4.1583232423155E-19  3.0299450921309E-03  2.1698041427089E-07 -7.4315963384572E+01 -6.9368151004519E+01 -1.0957016872479E+02 -2.1247497841738E+02
 7.1267857000000E-02  2.3287163669694E-02  3.1178709775336E-03 -3.2351549046312E-19  2.8365479976113E-03  1.8760038274460E-07 -7.3254934757636E+01 -6.5925529433185E+01 -3.5731744060686E+01 -2.1689807560585E+02
 7.2357270000000E-02  2.1518804995717E-02  2.9280244546006E-03 -2.4164765733245E-19  2.6596254162038E-03  1.6330305912122E-07 -7.1799341735413E+01 -6.2263985593823E+01  5.7130278987908E+01 -1.6802816039828E+02
 7.3453909000000E-02  1.9910768243002E-02  2.7589223854345E-03 -1.6893289325473E-19  2.4979111386116E-03  1.4317379567112E-07 -6.9936428906414E+01 -5.8565883210022E+01  1.0313088406370E+02 -4.3734002232298E+01
 7.4557684000000E-02  1.8455812173482E-02  2.6076735170491E-03 -1.0954322959830E-19  2.3501443310374E-03  1.2642437495349E-07 -6.7680480112869E+01 -5.5008481106882E+01  4.5699705527507E+01  7.3453905624983E+01
 7.5668500000000E-02  1.7145502228585E-02  2.4713907664784E-03 -6.2879581851303E-20  2.2150736023401E-03  1.1238931796103E-07 -6.5073308243380E+01 -5.1744875685478E+01 -4.6846494510016E+01  1.1383317776107E+02
 7.6786264000000E-02  1.5970243458828E-02  2.3474015647887E-03 -2.8960635595795E-20  2.0914879256446E-03  1.0051743517377E-07 -6.2183937597770E+01 -4.8890151623716E+01 -1.1672332707665E+02  1.0687256468331E+02
 7.7910882000000E-02  1.4919411448224E-02  2.2333525811733E-03 -7.5971467379629E-21  1.9781460665791E-03  9.0360682063418E-08 -5.9106665740225E+01 -4.6514866035854E+01 -1.6088064890084E+02  8.5606748319996E+01
 7.9042260000000E-02  1.3981536127692E-02  2.1272513134123E-03  1.0945124012922E-15  1.8738931080961E-03  8.1561490054650E-08 -5.5956807494915E+01 -4.4645330696810E+01 -1.8845939210534E+02  6.2716937790854E+01
 8.0180303000000E-02  1.3144525487163E-02  2.0274747715766E-03  1.0440557051244E-15  1.7776611872573E-03  7.3839830717716E-08 -5.2863931482914E+01 -4.3268993279100E+01 -2.0635335782798E+02  4.1533773838934E+01
 8.1324917000000E-02  1.2395918555141E-02  1.9327566913150E-03  9.9640610693733E-16  1.6884740272287E-03  6.6980632489787E-08 -4.9961879891152E+01 -4.2342875306652E+01 -2.1860841679443E+02  2.2447834421202E+01
 8.2476007000000E-02  1.1723193029578E-02  1.8421606842627E-03  9.5132839075736E-16  1.6054612658933E-03  6.0822057138280E-08 -4.7375575969151E+01 -4.1802820866769E+01 -2.2755066949171E+02  5.0651480658865E+00
 8.3633480000000E-02  1.1114130421214E-02  1.7550441533230E-03  9.0836638612609E-16  1.5278709012957E-03  5.5244828909600E-08 -4.5205989694256E+01 -4.1572083939980E+01 -2.3457914594780E+02 -1.1162044372746E+01
 8.4797240000000E-02  1.0557246682606E-02  1.6710177712742E-03  8.6729374635301E-16  1.4550736322397E-03  5.0162810589745E-08 -4.3516027004085E+01 -4.1568354167622E+01 -2.4060886964420E+02 -2.6775967896960E+01
 8.5967194000000E-02  1.0042237584304E-02  1.5899030739286E-03  8.2800712895297E-16  1.3865595246394E-03  4.5514816855786E-08 -4.2321769567868E+01 -4.1709623645650E+01 -2.4631891740784E+02 -4.2296859809713E+01
 8.7143247000000E-02  9.5603671357545E-03  1.5116868075903E-03  7.9043896849004E-16  1.3219267792410E-03  4.1257615921720E-08 -4.1591168268249E+01 -4.1917943994765E+01 -2.5231451137609E+02 -5.8251365183246E+01
 8.8325305000000E-02  9.1047351572299E-03  1.4364803512717E-03  7.5430458986098E-16  1.2608867419014E-03  3.7360359122465E-08 -4.1251533768040E+01 -4.2121804949988E+01 -2.5926553243603E+02 -7.5216951791472E+01
 8.9513277000000E-02  8.6703381624280E-03  1.3644762029820E-03  7.1952992261059E-16  1.2031938317768E-03  3.3800025348090E-08 -4.1204127008636E+01 -4.2258787397899E+01 -2.6808444690683E+02 -9.3876901410224E+01
 9.0707067000000E-02  8.2539399208528E-03  1.2959092608354E-03  6.8620961217929E-16  1.1486601682033E-03  3.0558025131411E-08 -4.1339865340630E+01 -4.2276946814529E+01 -2.8023022324255E+02 -1.1506590221583E+02
 9.1906583000000E-02  7.8537891245220E-03  1.2310218122256E-03  6.5407218343893E-16  1.0971460710018E-03  2.7617715668757E-08 -4.1552780285996E+01 -4.2136031286038E+01 -2.9832610069252E+02 -1.3973098619318E+02
 9.3111734000000E-02  7.4692664660496E-03  1.1700355092106E-03  6.2003127923629E-19  1.0485421973281E-03  2.4962797683931E-08 -4.1748859640040E+01 -4.1807773095550E+01 -3.2751075063378E+02 -1.6843442747698E+02
 9.4322427000000E-02  7.1005287297495E-03  1.1131331362880E-03  5.7018517351420E-19  1.0027556829834E-03  2.2576463064787E-08 -4.1851400028217E+01 -4.1276204435163E+01 -3.7824461661214E+02 -1.9873587512006E+02
 9.5538572000000E-02  6.7481710083608E-03  1.0604418445860E-03  5.3223804653580E-19  9.5970227122828E-04  2.0440971919565E-08 -4.1802121415066E+01 -4.0536930510967E+01 -4.6898134253702E+02 -2.1368425982370E+02
 9.6760076000000E-02  6.4129796550757E-03  1.0120242025092E-03  5.0039675356560E-19  9.1932187839757E-04  1.8537782068529E-08 -4.1560078444346E+01 -3.9595274467989E+01 -6.0027976877345E+02 -1.5087367864312E+02
 9.7986851000000E-02  6.0957293498707E-03  9.6786496363509E-04  4.7203477753772E-19  8.8151826470202E-04  1.6847807783987E-08 -4.1101452680885E+01 -3.8465203018979E+01 -6.4436801676639E+02  3.5905349838351E+01
 9.9218807000000E-02  5.7970447119759E-03  9.2785846790790E-04  4.4695452992383E-19  8.4617468059047E-04  1.5351845378018E-08 -4.0417859026734E+01 -3.7167183043987E+01 -5.2864565119463E+02  1.6202097915128E+02
 1.0045585000000E-01  5.5173156940584E-03  8.9179698724583E-04  4.2320557212196E-19  8.1318167178054E-04  1.4031006498791E-08 -3.9513514723363E+01 -3.5726287981678E+01 -4.1664394613923E+02  1.6975281066565E+02
 1.0169791000000E-01  5.2566607265082E-03  8.5937011519437E-04  4.0165851150989E-19  7.8242292960313E-04  1.2867072219415E-08 -3.8402851149387E+01 -3.4170631817381E+01 -3.5356486225279E+02  1.4170565060694E+02
 1.0294487000000E-01  5.0149337558362E-03  8.3018453195925E-04  3.8060096110928E-19  7.5377964057607E-04  1.1842848892391E-08 -3.7109434498458E+01 -3.2530462118477E+01 -3.2028480326709E+02  1.1178657893022E+02
 1.0419667000000E-01  4.7917132846766E-03  8.0379478697603E-04  3.6110100279169E-19  7.2712946320522E-04  1.0942254284300E-08 -3.5664494472539E+01 -3.0837298884172E+01 -3.0224823267317E+02  8.6439749859107E+01
 1.0545322000000E-01  4.5863423874849E-03  7.7974338163551E-04  3.4297211525219E-19  7.0236149765615E-04  1.0150490308341E-08 -3.4105546092928E+01 -2.9123619574698E+01 -2.9227000768405E+02  6.5736179620241E+01
 1.0671442000000E-01  4.3979529677513E-03  7.5759285928163E-04  3.2544191999344E-19  6.7935131278727E-04  9.4540268906111E-09 -3.2474643381395E+01 -2.7422624834410E+01 -2.8687229298810E+02  4.8730878687474E+01
 1.0798019000000E-01  4.2254955802251E-03  7.3694949059098E-04  3.0858039802922E-19  6.5796214615150E-04  8.8405436795335E-09 -3.0816409723815E+01 -2.5767573780203E+01 -2.8429303498922E+02  3.4543002677710E+01
 1.0925046000000E-01  4.0677779139787E-03  7.1747898155813E-04  2.9258284574268E-19  6.3807374804865E-04  8.2988724291745E-09 -2.9175833295495E+01 -2.4190867902770E+01 -2.8359409417573E+02  2.2510238275324E+01
 1.1052514000000E-01  3.9235072689487E-03  6.9891475274689E-04  2.7815131402190E-19  6.1956947055525E-04  7.8189310708743E-09 -2.7595697661129E+01 -2.2722831058558E+01 -2.8425750483804E+02  1.2163813793161E+01
 1.1180415000000E-01  3.7913275859013E-03  6.8105920793185E-04  2.6435447097780E-19  6.0233552558347E-04  7.3916369164365E-09 -2.6113662786161E+01 -2.1390118823372E+01 -2.8599275143774E+02  3.1830248033932E+00
 1.1308740000000E-01  3.6698664274008E-03  6.6378072209436E-04  2.5120244963405E-19  5.8626187344344E-04  7.0088552585202E-09 -2.4759318598830E+01 -2.0214114869229E+01 -2.8863908108325E+02 -4.6392578229072E+00
 1.1437482000000E-01  3.5577794314393E-03  6.4700614621757E-04  2.3869247634576E-19  5.7124237885740E-04  6.6633479107368E-09 -2.3551662609138E+01 -1.9209338137192E+01 -2.9211107007125E+02 -1.1417868388631E+01
 1.1566633000000E-01  3.4538005073593E-03  6.3071174590576E-04  2.2681196716543E-19  5.5717627432469E-04  6.3487582864988E-09 -2.2497659192568E+01 -1.8382217367004E+01 -2.9636261970923E+02 -1.7186672962557E+01
 1.1696185000000E-01  3.3567834707041E-03  6.1491231874840E-04  2.1554020019922E-19  5.4397149607131E-04  6.0595948184741E-09 -2.1592228293547E+01 -1.7730307753911E+01 -3.0135775264090E+02 -2.1904220768023E+01
 1.1826130000000E-01  3.2657348936960E-03  5.9965011399838E-04  2.0485078690643E-19  5.3154411836846E-04  5.7912245554287E-09 -2.0819808681908E+01 -1.7242024768933E+01 -3.0703961257481E+02 -2.5457910743347E+01
 1.1956462000000E-01  3.1798320808174E-03  5.8498422574507E-04  1.9497833776374E-19  5.1981252422004E-04  5.5398618368319E-09 -2.0157151782536E+01 -1.6896922460358E+01 -3.1329512402923E+02 -2.7674806397889E+01
 1.2087171000000E-01  3.0984308204656E-03  5.7098167779601E-04  1.8576593049381E-19  5.0871156854972E-04  5.3025639268543E-09 -1.9576482615583E+01 -1.6666160460329E+01 -3.1991495181793E+02 -2.8346990293478E+01
 1.2218252000000E-01  3.0210518236329E-03  5.5770926495362E-04  1.7698942684473E-19  4.9818686470450E-04  5.0771922497970E-09 -1.9049877103849E+01 -1.6514063150138E+01 -3.2655917218687E+02 -2.7280040088744E+01
 1.2349696000000E-01  2.9473566999191E-03  5.4522703895970E-04  1.6862450158304E-19  4.8819635594096E-04  4.8623662155358E-09 -1.8552069349796E+01 -1.6400408274294E+01 -3.3273886369156E+02 -2.4381022725589E+01
 1.2481497000000E-01  2.8771205115089E-03  5.3358222396195E-04  1.6064339846563E-19  4.7871421155595E-04  4.6573721104977E-09 -1.8061587471850E+01 -1.6282837294340E+01 -3.3786518113892E+02 -1.9765028579680E+01
 1.2613648000000E-01  2.8102023646626E-03  5.2280428288401E-04  1.5301722944185E-19  4.6972389151400E-04  4.4620560647880E-09 -1.7563430909389E+01 -1.6119760028747E+01 -3.4136891109894E+02 -1.3816894130546E+01
 1.2746141000000E-01  2.7465094870671E-03  5.1290315277364E-04  1.4572176775953E-19  4.6121293092154E-04  4.2766966913780E-09 -1.7048974568251E+01 -1.5872808493330E+01 -3.4285664556369E+02 -7.1768516475178E+00
 1.2878969000000E-01  2.6859737229008E-03  5.0386878164494E-04  1.3873641643765E-19  4.5317414853286E-04  4.1018670993593E-09 -1.6513755931044E+01 -1.5509339835974E+01 -3.4225144634941E+02 -6.2313224681507E-01
 1.3012126000000E-01  2.6285385030237E-03  4.9567165031687E-04  1.3204410776394E-19  4.4560601767513E-04  3.9383009014190E-09 -1.5956368306886E+01 -1.5005588500458E+01 -3.3982695122649E+02  5.1219946670311E+00
 1.3145606000000E-01  2.5741487297271E-03  4.8826469178126E-04  1.2563096453419E-19  4.3851169593032E-04  3.7867507457841E-09 -1.5377125546342E+01 -1.4349189817258E+01 -3.3611350767485E+02  9.5633096344838E+00
 1.3279401000000E-01  2.5227503628822E-03  4.8158742250630E-04  1.1948589893413E-19  4.3189520613334E-04  3.6478741890797E-09 -1.4776544032223E+01 -1.3540633568926E+01 -3.3173148465685E+02  1.2502503490397E+01
 1.3413505000000E-01  2.4742896371346E-03  4.7557018646523E-04  1.1359950626665E-19  4.2576222973057E-04  3.5221268453865E-09 -1.4154958174635E+01 -1.2593955503469E+01 -3.2724077562975E+02  1.4000882926952E+01
 1.3547912000000E-01  2.4287152568784E-03  4.7013944019962E-04  1.0796340722366E-19  4.2011692280770E-04  3.4096952671979E-09 -1.3512562549858E+01 -1.1535575623603E+01 -3.2305760307100E+02  1.4284512095143E+01
 1.3682616000000E-01  2.3859788194456E-03  4.6522269744654E-04  1.0256980869521E-19  4.1496027413153E-04  3.3104587160627E-09 -1.2849566074710E+01 -1.0401811133259E+01 -3.1943871655254E+02  1.3647702902051E+01
 1.3817610000000E-01  2.3460353042282E-03  4.6075290844239E-04  9.7411985179204E-20  4.1028850628359E-04  3.2239833881845E-09 -1.2166505344899E+01 -9.2351360230655E+00 -3.1650624447380E+02  1.2384595650405E+01
 1.3952888000000E-01  2.3088408922938E-03  4.5667179804336E-04  9.2485729059339E-20  4.0609229753375E-04  3.1495431984976E-09 -1.1464760432873E+01 -8.0797756722308E+00 -3.1428631528168E+02  1.0752611314165E+01
 1.4088444000000E-01  2.2743504130662E-03  4.5293203600930E-04  8.7791563209850E-20  4.0235680135016E-04  3.0861648681305E-09 -1.0746927375353E+01 -6.9773275986669E+00 -3.1274499026998E+02  8.9600133507250E+00
 1.4224274000000E-01  2.2425134631841E-03  4.4949827465740E-04  8.3377791481010E-20  3.9906207936344E-04  3.0326873393800E-09 -1.0016960060413E+01 -5.9629243272789E+00 -3.1181541307134E+02  7.1670497788959E+00
 1.4360369000000E-01  2.2132726200413E-03  4.4634726194734E-04  7.9233420440161E-20  3.9618447173626E-04  2.9878337420514E-09 -9.2800938979654E+00 -5.0624765068943E+00 -3.1141435438866E+02  5.4932322018729E+00
 1.4496726000000E-01  2.1865584807937E-03  4.4346674955056E-04  7.5330825008152E-20  3.9369750978266E-04  2.9502802349020E-09 -8.5424142462128E+00 -4.2909460872285E+00 -3.1145212229472E+02  4.0249616418252E+00
 1.4633339000000E-01  2.1622906285806E-03  4.4085429973514E-04  7.1668735279474E-20  3.9157377867680E-04  2.9187318888473E-09 -7.8104725453798E+00 -3.6520156096701E+00 -3.1183812256205E+02  2.8227895695682E+00
 1.4770201000000E-01  2.1403769873336E-03  4.3851527090555E-04  6.8237569478363E-20  3.8978638296877E-04  2.8919882889957E-09 -7.0908336927691E+00 -3.1387853573363E+00 -3.1248181765106E+02  1.9258594488720E+00
 1.4907309000000E-01  2.1207141538972E-03  4.3646064516134E-04  6.5021276691109E-20  3.8831125467175E-04  2.8690003888787E-09 -6.3895985080371E+00 -2.7352423117101E+00 -3.1329475130848E+02  1.3545435039447E+00
 1.5044656000000E-01  2.1031907120783E-03  4.3470491405513E-04  6.2000674764565E-20  3.8712480120028E-04  2.8489181898626E-09 -5.7119252612364E+00 -2.4181796325271E+00 -3.1419170506688E+02  1.1120386235296E+00
 1.5182237000000E-01  2.0876898067578E-03  4.3326420855141E-04  5.9155771656544E-20  3.8620787767165E-04  2.8311236807753E-09 -5.0621889886789E+00 -2.1600871698848E+00 -3.1509167204427E+02  1.1841742895514E+00
 1.5320047000000E-01  2.0740898207821E-03  4.3215358897601E-04  5.6467561998763E-20  3.8554550483057E-04  2.8152384821248E-09 -4.4434678375136E+00 -1.9313662172355E+00 -3.1592244029198E+02  1.5400669634189E+00
 1.5458081000000E-01  2.0622705316278E-03  4.3138647571359E-04  5.3919119748327E-20  3.8512801411774E-04  2.8011299141442E-09 -3.8569984268760E+00 -1.7024125857916E+00 -3.1662351598146E+02  2.1345952214510E+00
 1.5596335000000E-01  2.0521160711532E-03  4.3097330975975E-04  5.1495977633379E-20  3.8495042767412E-04  2.7888909182303E-09 -3.3025921767302E+00 -1.4464329796284E+00 -3.1715026497812E+02  2.9110235671975E+00
 1.5734804000000E-01  2.0435186189562E-03  4.3092085803404E-04  4.9186289893610E-20  3.8501255449613E-04  2.7788075901821E-09 -2.7785546098616E+00 -1.1413686876554E+00 -3.1747643028059E+02  3.8058586957258E+00
 1.5873482000000E-01  2.0363818075448E-03  4.3123211291542E-04  4.6980596551993E-20  3.8531893096619E-04  2.7713146128140E-09 -2.2816237389020E+00 -7.7151702405484E-01 -3.1759453491005E+02  4.7538517437536E+00
 1.6012365000000E-01  2.0306244731270E-03  4.3190623032841E-04  4.4871329450158E-20  3.8587738580680E-04  2.7669430594112E-09 -1.8072598159239E+00 -3.2848896028212E-01 -3.1751637733325E+02  5.6942305606696E+00
 1.6151449000000E-01  2.0261827043460E-03  4.3293919746866E-04  4.2852678423341E-20  3.8669714082756E-04  2.7662670215025E-09 -1.3500785268401E+00  1.8852248187395E-01 -3.1726875641840E+02  6.5774709565241E+00
 1.6290730000000E-01  2.0230115886355E-03  4.3432441597262E-04  4.0920160672381E-20  3.8778847523207E-04  2.7698524547911E-09 -9.0409974407550E-01  7.7317471183685E-01 -3.1688843006543E+02  7.3673468778529E+00
 1.6430202000000E-01  2.0210860117614E-03  4.3605354161406E-04  3.9070294473423E-20  3.8916222569856E-04  2.7782129903253E-09 -4.6323644219637E-01  1.4130429046235E+00 -3.1641667316838E+02  8.0425093417035E+00
 1.6569862000000E-01  2.0203999132514E-03  4.3811740682834E-04  3.7300124635027E-20  3.9082857646610E-04  2.7917754025187E-09 -2.1864267875466E-02  2.0911821775248E+00 -3.1589445272052E+02  8.5954444909800E+00
 1.6709705000000E-01  2.0209641799445E-03  4.4050675621940E-04  3.5607072410493E-20  3.9279619157523E-04  2.8108555782556E-09  4.2467232526046E-01  2.7880147815103E+00 -3.1535856555875E+02  9.0303576255351E+00
 1.6849728000000E-01  2.0228034945052E-03  4.4321307220777E-04  3.3988612920431E-20  3.9507162914248E-04  2.8356472693889E-09  8.7975410264871E-01  3.4834236744024E+00 -3.1483909555837E+02  9.3599614693367E+00
 1.6989926000000E-01  2.0259525398603E-03  4.4622914854542E-04  3.2442219142336E-20  3.9765899095228E-04  2.8662218783713E-09  1.3452319451289E+00  4.1586574194977E+00 -3.1435831088993E+02  9.6023327641315E+00
 1.7130295000000E-01  2.0304516403822E-03  4.4954965170499E-04  3.0965212460390E-20  4.0056003014653E-04  2.9025393439986E-09  1.8213558501438E+00  4.7979364281837E+00 -3.1393045304101E+02  9.7779261610262E+00
 1.7270832000000E-01  2.0363425926548E-03  4.5317147955919E-04  2.9554745337535E-20  4.0377431063348E-04  2.9444675921692E-09  2.3068923075284E+00  5.3896036408457E+00 -3.1356285205875E+02  9.9072803227556E+00
 1.7411532000000E-01  2.0436647446742E-03  4.5709393737925E-04  2.8207877641446E-20  4.0729969901704E-04  2.9918074429528E-09  2.7993473840055E+00  5.9267190207587E+00 -3.1325683236390E+02  1.0009364289662E+01
 1.7552393000000E-01  2.0524521586681E-03  4.6131881401766E-04  2.6921535905065E-20  4.1113302210837E-04  3.0443239993346E-09  3.2953375721953E+00  6.4072137185467E+00 -3.1300930998896E+02  1.0100513986027E+01
 1.7693410000000E-01  2.0627312666489E-03  4.6585023591375E-04  2.5692685758678E-20  4.1527045826177E-04  3.1017770243670E-09  3.7908870362428E+00  6.8334933955608E+00 -3.1281395639321E+02  1.0193929834870E+01
 1.7834580000000E-01  2.0745196239565E-03  4.7069439899802E-04  2.4518318410275E-20  4.1970872357560E-04  3.1639536107596E-09  4.2818067832507E+00  7.2117016900298E+00 -3.1266241709974E+02  1.0299299495505E+01
 1.7975899000000E-01  2.0878254818733E-03  4.7585916953297E-04  2.3395558163503E-20  4.2444519154873E-04  3.2306955650837E-09  4.7642433072409E+00  7.5509764838664E+00 -3.1254559805216E+02  1.0423271467490E+01
 1.8117364000000E-01  2.1026494424935E-03  4.8135407342227E-04  2.2321695765212E-20  4.2947869831041E-04  3.3019279573010E-09  5.2345293120873E+00  7.8618649013500E+00 -3.1245385975241E+02  1.0569385610200E+01
 1.8258971000000E-01  2.1189829610887E-03  4.8718882673798E-04  2.1294222097354E-20  4.3480908489462E-04  3.3776670972181E-09  5.6897196105473E+00  8.1555650889147E+00 -3.1237847043937E+02  1.0738415976478E+01
 1.8400718000000E-01  2.1368132501003E-03  4.9337416926760E-04  2.0310837224837E-20  4.4043923934844E-04  3.4580422901365E-09  6.1280609714041E+00  8.4432011400283E+00 -3.1231176423911E+02  1.0929466507151E+01
 1.8542601000000E-01  2.1561243565192E-03  4.9992090956622E-04  1.9369497436347E-20  4.4637419916068E-04  3.5432942972216E-09  6.5486212076934E+00  8.7344382404049E+00 -3.1224756159057E+02  1.1140043220667E+01
 1.8684617000000E-01  2.1769001263801E-03  5.0683995341963E-04  1.8468361315178E-20  4.5262107898072E-04  3.6337731259178E-09  6.9514794601379E+00  9.0370066902958E+00 -3.1218107730673E+02  1.1366740912575E+01
 1.8826763000000E-01  2.1991269824605E-03  5.1414212002511E-04  1.7605781846470E-20  4.5918892817435E-04  3.7299281031754E-09  7.3376178190033E+00  9.3562567734530E+00 -3.1210907605041E+02  1.1605716285631E+01
 1.8969036000000E-01  2.2227962510084E-03  5.2183815638210E-04  1.6780277679044E-20  4.6608889613242E-04  3.8322926164501E-09  7.7086195122745E+00  9.6947999278583E+00 -3.1202955259185E+02  1.1853021077544E+01
 1.9111433000000E-01  2.2479055420704E-03  5.2993846046869E-04  1.5990491951259E-20  4.7333325265019E-04  3.9414626079154E-09  8.0668157434932E+00  1.0052952080175E+01 -3.1194221628573E+02  1.2104975245426E+01
 1.9253951000000E-01  2.2744623519131E-03  5.3845404453793E-04  1.5235174560441E-20  4.8093671833614E-04  4.0580845127340E-09  8.4149561199757E+00  1.0428876932610E+01 -3.1184752074322E+02  1.2358945035930E+01
 1.9396587000000E-01  2.3024837878987E-03  5.4739598856461E-04  1.4513132842373E-20  4.8891367225470E-04  4.1828308032770E-09  8.7556775402987E+00  1.0818839816527E+01 -3.1174653639405E+02  1.2612892635134E+01
 1.9539339000000E-01  2.3319972117548E-03  5.5677605030335E-04  1.3823206377149E-20  4.9727961032384E-04  4.3163870011196E-09  9.0914796072865E+00  1.1217900087610E+01 -3.1164031199210E+02  1.2865331043389E+01
 1.9682204000000E-01  2.3630395102664E-03  5.6660662852721E-04  1.3164251515143E-20  5.0605109629964E-04  4.4594342886170E-09  9.4247184276263E+00  1.1620314905697E+01 -3.1153001996347E+02  1.3114148428821E+01
 1.9825179000000E-01  2.3956577808633E-03  5.7690075666375E-04  1.2535110251729E-20  5.1524485273091E-04  4.6126394832282E-09  9.7572016323365E+00  1.2020207759658E+01 -3.1141749199955E+02  1.3357783641669E+01
 1.9968262000000E-01  2.4299065396117E-03  5.8767201561934E-04  1.1934625493001E-20  5.2487671237118E-04  4.7766514160077E-09  1.0089899229391E+01  1.2412143013204E+01 -3.1130426464920E+02  1.3595772044107E+01
 2.0111449000000E-01  2.4658452721995E-03  5.9893460741388E-04  1.1361653148777E-20  5.3496154202638E-04  4.9520979681208E-09  1.0423243493717E+01  1.2791633491562E+01 -3.1119141796782E+02  1.3827955379634E+01
 2.0254740000000E-01  2.5035386725351E-03  6.1070399619998E-04  1.0815021765636E-20  5.4551399468380E-04  5.1396014717524E-09  1.0757223828257E+01  1.3155501624660E+01 -3.1107993935151E+02  1.4054336346574E+01
 2.0398131000000E-01  2.5430532141539E-03  6.2299634109225E-04  1.0293597834922E-20  5.5654837058932E-04  5.3397812557947E-09  1.1091370439418E+01  1.3501933537972E+01 -3.1097079870532E+02  1.4275142058394E+01
 2.0541619000000E-01  2.5844568651910E-03  6.3582901339587E-04  9.7962576257017E-21  5.6807916171204E-04  5.5532748179961E-09  1.1425029596192E+01  1.3830652473220E+01 -3.1086452745491E+02  1.4490650316529E+01
 2.0685203000000E-01  2.6278196793452E-03  6.4922119177341E-04  9.3218957999069E-21  5.8012189836043E-04  5.7807641945774E-09  1.1757030714462E+01  1.4142287326096E+01 -3.1076122146982E+02  1.4701114842425E+01
 2.0828881000000E-01  2.6732087918174E-03  6.6319250760916E-04  8.8694408497843E-21  5.9269129069932E-04  6.0229762695563E-09  1.2086061053682E+01  1.4438495034949E+01 -3.1066145182924E+02  1.4906536967632E+01
 2.0972650000000E-01  2.7206909858643E-03  6.7776420365080E-04  8.4378737361703E-21  6.0580417166320E-04  6.2807173457753E-09  1.2411088227809E+01  1.4721943632323E+01 -3.1056557199998E+02  1.5107310416352E+01
 2.1116508000000E-01  2.7703323588120E-03  6.9295891777836E-04  8.0262168961854E-21  6.1947824681747E-04  6.5548913055239E-09  1.2731080993029E+01  1.4995584579743E+01 -3.1047388304327E+02  1.5303734215412E+01
 2.1260452000000E-01  2.8221981216777E-03  7.0880048804201E-04  7.6335478298475E-21  6.3373248245979E-04  6.8465143263624E-09  1.3045215970805E+01  1.5262503188200E+01 -3.1038646988186E+02  1.5496223455291E+01
 2.1404482000000E-01  2.8763547459179E-03  7.2531436934119E-04  7.2589813909311E-21  6.4858772508142E-04  7.1567388642325E-09  1.3352903662898E+01  1.5525613850651E+01 -3.1030353643868E+02  1.5685131525014E+01
 2.1548594000000E-01  2.9328681249774E-03  7.4252682435703E-04  6.9017019606360E-21  6.6406622131461E-04  7.4868506228294E-09  1.3653798350800E+01  1.5787400511222E+01 -3.1022525177828E+02  1.5870926372560E+01
 2.1692787000000E-01  2.9918072224318E-03  7.6046564926945E-04  6.5609281780768E-21  6.8019223809919E-04  7.8382917067955E-09  1.3947839853715E+01  1.6049802122160E+01 -3.1015140406070E+02  1.6054051922954E+01
 2.1837060000000E-01  3.0532441844911E-03  7.7915998058375E-04  6.2359242360291E-21  6.9699173252426E-04  8.2126611706535E-09  1.4235220737191E+01  1.6314111088979E+01 -3.1008208908993E+02  1.6235017641876E+01
 2.1981409000000E-01  3.1172540858726E-03  7.9863976621804E-04  5.9260069167415E-21  7.1449213365569E-04  8.6117091917081E-09  1.4516332132778E+01  1.6580934406423E+01 -3.1001711313190E+02  1.6414377869476E+01
 2.2125833000000E-01  3.1839184921653E-03  8.1893669184644E-04  5.6305173759460E-21  7.3272271217626E-04  9.0373538779622E-09  1.4791702754157E+01  1.6850240625386E+01 -3.0995587418527E+02  1.6592536478283E+01
 2.2270331000000E-01  3.2533249525219E-03  8.4008379459345E-04  5.3488300623802E-21  7.5171443364761E-04  9.4916737813538E-09  1.5061918470279E+01  1.7121411696750E+01 -3.0989801178040E+02  1.6769804790231E+01
 2.2414901000000E-01  3.3255670089495E-03  8.6211528261505E-04  5.0803514695429E-21  7.7149959020785E-04  9.9769029126831E-09  1.5327602669102E+01  1.7393409490329E+01 -3.0984314751376E+02  1.6946513059869E+01
 2.2559541000000E-01  3.4007452824561E-03  8.8506689992087E-04  4.8245128156175E-21  7.9211161150884E-04  1.0495435649287E-08  1.5589355302088E+01  1.7664938715246E+01 -3.0979066727700E+02  1.7122852853504E+01
 2.2704249000000E-01  3.4789674989954E-03  9.0897587457395E-04  4.5807681255590E-21  8.1358538442084E-04  1.1049829137212E-08  1.5847677538901E+01  1.7934555034957E+01 -3.0973993690549E+02  1.7298823836302E+01
 2.2849024000000E-01  3.5603489970581E-03  9.3388114812552E-04  4.3485889335780E-21  8.3595709551111E-04  1.1642812131424E-08  1.6102959860795E+01  1.8200832486290E+01 -3.0969047063813E+02  1.7474334229512E+01
 2.2993863000000E-01  3.6450108857499E-03  9.5982308298101E-04  4.1274714715344E-21  8.5926378923165E-04  1.2277282882058E-08  1.6355441088402E+01  1.8462471683219E+01 -3.0964157433266E+02  1.7649153559674E+01
 2.3138767000000E-01  3.7330830035905E-03  9.8684436078784E-04  3.9169200412733E-21  8.8354454675082E-04  1.2956347056333E-08  1.6605241880258E+01  1.8718414883670E+01 -3.0959296389491E+02  1.7822916738838E+01
 2.3283732000000E-01  3.8246985200000E-03  1.0149887271505E-03  3.7164690872705E-21  9.0883868445047E-04  1.3683296724740E-08  1.6852370164088E+01  1.8967922472816E+01 -3.0954435280084E+02  1.7995382985358E+01
 2.3428758000000E-01  3.9199989184708E-03  1.0443026164031E-03  3.5256609788656E-21  9.3518777886515E-04  1.4461675367955E-08  1.7096717202467E+01  1.9210573539385E+01 -3.0949538384615E+02  1.8166030377370E+01
 2.3573843000000E-01  4.0191298807140E-03  1.0748341093085E-03  3.3440602415599E-21  9.6263468600365E-04  1.5295274859210E-08  1.7338069744292E+01  1.9446241808859E+01 -3.0944605457342E+02  1.8334464453209E+01
 2.3718986000000E-01  4.1222428404112E-03  1.1066336907812E-03  3.1712465004517E-21  9.9122419011865E-04  1.6188181798775E-08  1.7576187985057E+01  1.9675090507584E+01 -3.0939637279342E+02  1.8500250038199E+01
 2.3864185000000E-01  4.2294938654080E-03  1.1397538915536E-03  3.0068189004678E-21  1.0210028645916E-03  1.7144800729448E-08  1.7810838240401E+01  1.9897519918045E+01 -3.0934653773998E+02  1.8663017907673E+01
 2.4009438000000E-01  4.3410443294397E-03  1.1742496235776E-03  2.8503938699501E-21  1.0520192727011E-03  1.8169897302027E-08  1.8041753842172E+01  2.0114077887402E+01 -3.0929649730998E+02  1.8822416090865E+01
 2.4154746000000E-01  4.4570630704983E-03  1.2101788863228E-03  2.7015997782241E-21  1.0843249639490E-03  1.9268659278265E-08  1.8268667439510E+01  2.0325378157638E+01 -3.0924660587918E+02  1.8978131972015E+01
 2.4300106000000E-01  4.5777212392857E-03  1.2476012616131E-03  2.5600885497948E-21  1.1179729278133E-03  2.0446686025823E-08  1.8491385495580E+01  2.0532073494732E+01 -3.0919739615239E+02  1.9130141938606E+01
 2.4445516000000E-01  4.7031968890543E-03  1.2865792747135E-03  2.4255259346805E-21  1.1530187496188E-03  2.1710068196087E-08  1.8709782592255E+01  2.0734802747945E+01 -3.0914880957170E+02  1.9278377585629E+01
 2.4590977000000E-01  4.8336772166054E-03  1.3271790273265E-03  2.2975886209942E-21  1.1895216147174E-03  2.3065452903588E-08  1.8923767401204E+01  2.0934093849904E+01 -3.0910119714678E+02  1.9422793853019E+01
 2.4736486000000E-01  4.9693528727708E-03  1.3694683383520E-03  2.1759737909451E-21  1.2275426121321E-03  2.4520023405603E-08  1.9133328447471E+01  2.1130360425169E+01 -3.0905487722605E+02  1.9563606971803E+01
 2.4882043000000E-01  5.1104252930935E-03  1.4135190642167E-03  2.0603879221108E-21  1.2671462770341E-03  2.6081612496352E-08  1.9338550897584E+01  2.1323922591181E+01 -3.0900993188058E+02  1.9700982574021E+01
 2.5027646000000E-01  5.2571028738108E-03  1.4594056804219E-03  1.9505533854156E-21  1.3083997847395E-03  2.7758703963476E-08  1.9539531964050E+01  2.1514937590836E+01 -3.0896651150410E+02  1.9835142592796E+01
 2.5173294000000E-01  5.4096039781401E-03  1.5072062040289E-03  1.8462034434944E-21  1.3513738043717E-03  2.9560508825873E-08  1.9736364172153E+01  2.1703393641734E+01 -3.0892458662611E+02  1.9966228494166E+01
 2.5318986000000E-01  5.5681565017227E-03  1.5570020558630E-03  1.7470828360244E-21  1.3961421859731E-03  3.1497005859019E-08  1.9929195171486E+01  2.1889187814073E+01 -3.0888418722145E+02  2.0094479439942E+01
 2.5464721000000E-01  5.7329990913772E-03  1.6088783556041E-03  1.6529471354868E-21  1.4427818209774E-03  3.3579002801724E-08  2.0118205645888E+01  2.2072164263419E+01 -3.0884521051610E+02  2.0220130144697E+01
 2.5610498000000E-01  5.9043814761584E-03  1.6629240162126E-03  1.5635624223654E-21  1.4913731226277E-03  3.5818199034430E-08  2.0303552466792E+01  2.2252099594327E+01 -3.0880748144858E+02  2.0343327062206E+01
 2.5756317000000E-01  6.0825660852439E-03  1.7192321243018E-03  1.4787036419494E-21  1.5420003456545E-03  3.8227267512522E-08  2.0485356659592E+01  2.2428732495203E+01 -3.0877101465523E+02  2.0464194335180E+01
 2.5902175000000E-01  6.2678232092008E-03  1.7778988075508E-03  1.3981579238452E-21  1.5947502007448E-03  4.0819861877197E-08  2.0663717764354E+01  2.2601797585367E+01 -3.0873564879165E+02  2.0582842201891E+01
 2.6048072000000E-01  6.4604389905532E-03  1.8390253397387E-03  1.3217185628356E-21  1.6497142890443E-03  4.3610796767710E-08  2.0838752842840E+01  2.2771091737489E+01 -3.0870113035034E+02  2.0699294993204E+01
 2.6194007000000E-01  6.6607112904627E-03  1.9027173743081E-03  1.2491884763457E-21  1.7069872686907E-03  4.6616083053952E-08  2.1010531539875E+01  2.2936463365364E+01 -3.0866733838644E+02  2.0813597903740E+01
 2.6339979000000E-01  6.8689504953185E-03  1.9690848742650E-03  1.1803790313091E-21  1.7666684087521E-03  4.9853041764541E-08  2.1179079641371E+01  2.3097786406918E+01 -3.0863410445860E+02  2.0925681482441E+01
 2.6485988000000E-01  7.0854816423222E-03  2.0382431437837E-03  1.1151088778249E-21  1.8288613409395E-03  5.3340439018167E-08  2.1344447989735E+01  2.3255034773561E+01 -3.0860144596726E+02  2.1035557465593E+01
 2.6632032000000E-01  7.3106409332034E-03  2.1103118441719E-03  1.0532059780783E-21  1.8936730887782E-03  5.7098554485591E-08  2.1506656842564E+01  2.3408247490994E+01 -3.0856931292651E+02  2.1143202466586E+01
 2.6778110000000E-01  7.5447796794759E-03  2.1854160495556E-03  9.9450509948978E-22  1.9612163099915E-03  6.1149378424725E-08  2.1665691369181E+01  2.3557485538776E+01 -3.0853757474789E+02  2.1248492989961E+01
 2.6924222000000E-01  7.7882652494737E-03  2.2636869450970E-03  9.3884750365834E-22  2.0316087470609E-03  6.5516771420520E-08  2.1821566271857E+01  2.3702880482754E+01 -3.0850622312843E+02  2.1351394219059E+01
 2.7070367000000E-01  8.0414789078572E-03  2.3452611953488E-03  8.8608212584214E-22  2.1049729267455E-03  7.0226585036891E-08  2.1974321582740E+01  2.3844621085193E+01 -3.0847539207017E+02  2.1451915981156E+01
 2.7216544000000E-01  8.3048180944875E-03  2.4302813892790E-03  8.3606443001622E-22  2.1814369751871E-03  7.5306869897278E-08  2.2123986158963E+01  2.3982914031555E+01 -3.0844511550493E+02  2.1550075660206E+01
 2.7362752000000E-01  8.5786967003042E-03  2.5188968234213E-03  7.8865608360014E-22  2.2611348083826E-03  8.0788073226429E-08  2.2270596175742E+01  2.4117957904260E+01 -3.0841546430716E+02  2.1645848121047E+01
 2.7508990000000E-01  8.8635462831835E-03  2.6112631939933E-03  7.4372461622906E-22  2.3442069145465E-03  8.6703247967883E-08  2.2414223126487E+01  2.4249962721129E+01 -3.0838640867352E+02  2.1739270367545E+01
 2.7655259000000E-01  9.1598213153054E-03  2.7075451388085E-03  7.0114212265240E-22  2.4308009477201E-03  9.3088387527763E-08  2.2554973345522E+01  2.4379166949548E+01 -3.0835823562341E+02  2.1830459161671E+01
 2.7801556000000E-01  9.4679885165036E-03  2.8079121843500E-03  6.6078766023746E-22  2.5210695656536E-03  9.9982432207473E-08  2.2693000927159E+01  2.4505829358095E+01 -3.0833106814873E+02  2.1919642752501E+01
 2.7947882000000E-01  9.7885449689298E-03  2.9125452880815E-03  6.2254323504290E-22  2.6151750295437E-03  1.0742791559173E-07  2.2828439845692E+01  2.4630216390627E+01 -3.0830504044174E+02  2.2006974379192E+01
 2.8094235000000E-01  1.0122003213441E-02  3.0216321033713E-03  5.8629643167487E-22  2.7132867191514E-03  1.1547095570059E-07  2.2961438262609E+01  2.4752531516986E+01 -3.0828025415363E+02  2.2092734742357E+01
 2.8240615000000E-01  1.0468905040220E-02  3.1353716057784E-03  5.5193900305713E-22  2.8155848349411E-03  1.2416181506521E-07  2.3092301440226E+01  2.4872899133616E+01 -3.0825657191395E+02  2.2176826575600E+01
 2.8387021000000E-01  1.0829819098578E-02  3.2539713264417E-03  5.1936924576202E-22  2.9222580340805E-03  1.3355509120813E-07  2.3221254705768E+01  2.4991340556862E+01 -3.0823402001717E+02  2.2259134333315E+01
 2.8533454000000E-01  1.1205345060135E-02  3.3776489554555E-03  4.8849104314105E-22  3.0335042018175E-03  1.4371025146214E-07  2.3348370005912E+01  2.5107797727382E+01 -3.0821287687039E+02  2.2339700443916E+01
 2.8679911000000E-01  1.1596099564354E-02  3.5066287312517E-03  4.5921640535729E-22  3.1495255032501E-03  1.5469162102225E-07  2.3473768287496E+01  2.5222229968145E+01 -3.0819323442181E+02  2.2418699824616E+01
 2.8826392000000E-01  1.2002737057239E-02  3.6411476562679E-03  4.3146396960239E-22  3.2705349931688E-03  1.6656933232731E-07  2.3597621706257E+01  2.5334629255811E+01 -3.0817478044660E+02  2.2496137368196E+01
 2.8972898000000E-01  1.2425947181957E-02  3.7814541504636E-03  4.0515982348081E-22  3.3967564673020E-03  1.7941972702388E-07  2.3720104523537E+01  2.5444976351317E+01 -3.0815771566714E+02  2.2572105099291E+01
 2.9119426000000E-01  1.2866442020341E-02  3.9278039638839E-03  3.8023797605255E-22  3.5284202229261E-03  1.9332543287589E-07  2.3841425629377E+01  2.5553260169411E+01 -3.0814188215659E+02  2.2646746883320E+01
 2.9265978000000E-01  1.3324985688543E-02  4.0804695173402E-03  3.5663650129369E-22  3.6657712468852E-03  2.0837677560769E-07  2.3961817956185E+01  2.5659477850052E+01 -3.0812720079343E+02  2.2720025691191E+01
 2.9412551000000E-01  1.3802366105651E-02  4.2397301513812E-03  3.3429845025177E-22  3.8090611446622E-03  2.2467145585500E-07  2.4081541706300E+01  2.5763611229676E+01 -3.0811364260075E+02  2.2792056105832E+01
 2.9559146000000E-01  1.4299427040705E-02  4.4058819883759E-03  3.1316840404881E-22  3.9585565712695E-03  2.4231614622288E-07  2.4200943257157E+01  2.5865670927874E+01 -3.0810098377120E+02  2.2862799392771E+01
 2.9705762000000E-01  1.4817053920639E-02  4.5792327451561E-03  2.9319315552806E-22  4.1145336094466E-03  2.6142665944525E-07  2.4320454223239E+01  2.5965670398678E+01 -3.0808924479529E+02  2.2932314200867E+01
 2.9852398000000E-01  1.5356185486087E-02  4.7601033286830E-03  2.7432087144980E-22  4.2772814190373E-03  2.8212894933961E-07  2.4440650722604E+01  2.6063609484774E+01 -3.0807817919700E+02  2.3000552330939E+01
 2.9999055000000E-01  1.5917830242790E-02  4.9488319123967E-03  2.5650070984693E-22  4.4471037237795E-03  3.0456032767503E-07  2.4562340212001E+01  2.6159505178808E+01 -3.0806779589361E+02  2.3067490877030E+01
 3.0145731000000E-01  1.6503059436583E-02  5.1457677663118E-03  2.3968375489151E-22  4.6243143643862E-03  3.2886973760906E-07  2.4686688259575E+01  2.6253376323712E+01 -3.0805805110612E+02  2.3133181650380E+01
 3.0292426000000E-01  1.7113044154211E-02  5.3512784090606E-03  2.2382223626156E-22  4.8092435208863E-03  3.5521954954299E-07  2.4815437464065E+01  2.6345237697603E+01 -3.0804871369137E+02  2.3197532963720E+01
 3.0439140000000E-01  1.7749075984041E-02  5.5657477104458E-03  2.0886999238539E-22  5.0022359978826E-03  3.8378646825991E-07  2.4951209975899E+01  2.6435100162274E+01 -3.0803986543426E+02  2.3260543172961E+01
 3.0585871000000E-01  1.8412600562782E-02  5.7895734819155E-03  1.9478276596765E-22  5.2036490439585E-03  4.1476236427377E-07  2.5097887511947E+01  2.6522961163729E+01 -3.0803123676219E+02  2.3322176425279E+01
 3.0732621000000E-01  1.9105306452403E-02  6.0231771653199E-03  1.8160979233301E-22  5.4138613300069E-03  4.4835688859192E-07  2.5260100584191E+01  2.6608813332245E+01 -3.0802280831330E+02  2.3382322597210E+01
 3.0879388000000E-01  1.9829122959823E-02  6.2669922744480E-03  1.6927439584605E-22  5.6332621610377E-03  4.8479728645382E-07  2.5437642132696E+01  2.6692648767246E+01 -3.0801470184864E+02  2.3441071471376E+01
 3.1026171000000E-01  2.0585994252271E-02  6.5214730352488E-03  1.5766770642653E-22  5.8622589329063E-03  5.2433103993608E-07  2.5619595028698E+01  2.6774447213027E+01 -3.0800660997513E+02  2.3498309505810E+01
 3.1172971000000E-01  2.1377497899923E-02  6.7870963066939E-03  1.4675227516895E-22  6.1012803421765E-03  5.6722799451143E-07  2.5792678525426E+01  2.6854181558513E+01 -3.0799850433895E+02  2.3553986997667E+01
 3.1319787000000E-01  2.2204946666884E-02  7.0643566248231E-03  1.3649227713376E-22  6.3507694617987E-03  6.1378122079251E-07  2.5951699967335E+01  2.6931821193296E+01 -3.0799034253728E+02  2.3608109598949E+01
 3.1466619000000E-01  2.3069666504181E-02  7.3537713396642E-03  1.2685311905824E-22  6.6111906639712E-03  6.6430990123400E-07  2.6097437663925E+01  2.7007316347925E+01 -3.0798217221984E+02  2.3660603590045E+01
 3.1613465000000E-01  2.3973065715615E-02  7.6558753899269E-03  1.1780161544595E-22  6.8830241666158E-03  7.1916050948637E-07  2.6231925395912E+01  2.7080616975927E+01 -3.0797374288581E+02  2.3711461585237E+01
 3.1760327000000E-01  2.4916682038511E-02  7.9712354275381E-03  1.0930546003784E-22  7.1667771475524E-03  7.7871150143134E-07  2.6356898576082E+01  2.7151660926173E+01 -3.0796499835631E+02  2.3760529807180E+01
 3.1907203000000E-01  2.5902124866896E-02  8.3004320071435E-03  1.0133389955112E-22  7.4629716011265E-03  8.4337287171058E-07  2.6473625107559E+01  2.7220369202010E+01 -3.0795602368950E+02  2.3807843832322E+01
 3.2054093000000E-01  2.6931107628222E-02  8.6440749548682E-03  9.3857285042108E-23  7.7721533930650E-03  9.1359128723700E-07  2.6583081005905E+01  2.7286682662183E+01 -3.0794652252735E+02  2.3853304995106E+01
 3.2200998000000E-01  2.8005442605755E-02  9.0028013082069E-03  8.6847240823184E-23  8.0948932931108E-03  9.8985306781950E-07  2.6686018862879E+01  2.7350535417952E+01 -3.0793665235728E+02  2.3896876439295E+01
 3.2347915000000E-01  2.9127001271260E-02  9.3772640786738E-03  8.0277041913102E-23  8.4317760247754E-03  1.0726847504022E-06  2.6783006732245E+01  2.7411834425192E+01 -3.0792621013667E+02  2.3938521390066E+01
 3.2494846000000E-01  3.0297781013461E-02  9.7681545896608E-03  7.4121084207166E-23  8.7834210040825E-03  1.1626613887169E-06  2.6874436083075E+01  2.7470444733687E+01 -3.0791503647169E+02  2.3978020533097E+01
 3.2641789000000E-01  3.1519832704616E-02  1.0176179404767E-02  6.8355456545356E-23  9.1504621811150E-03  1.2604051917479E-06  2.6960624255695E+01  2.7526206044712E+01 -3.0790304352713E+02  2.4015296660832E+01
 3.2788745000000E-01  3.2795322875339E-02  1.0602079715255E-02  6.2957572153973E-23  9.5335622944034E-03  1.3665937900510E-06  2.7041758171222E+01  2.7579007152455E+01 -3.0789018966844E+02  2.4050182995550E+01
 3.2935713000000E-01  3.4126482220304E-02  1.1046617552414E-02  5.7906209478769E-23  9.9334003650510E-03  1.4819617362744E-06  2.7117865680990E+01  2.7628800652480E+01 -3.0787652477852E+02  2.4082793301668E+01
 3.3082693000000E-01  3.5515632214996E-02  1.1510589058131E-02  5.3302240634461E-23  1.0350683668523E-02  1.6073075945682E-06  2.7189024759182E+01  2.7675590215118E+01 -3.0786190728812E+02  2.4113130422760E+01
 3.3229685000000E-01  3.6965184850905E-02  1.1994822769698E-02  4.9038909074312E-23  1.0786150554896E-02  1.7434988459020E-06  2.7255226104774E+01  2.7719201453650E+01 -3.0784621465636E+02  2.4141053329526E+01
 3.3376688000000E-01  3.8477620282656E-02  1.2500169197244E-02  4.5051227897301E-23  1.1240559562023E-02  1.8914746097556E-06  2.7316825769647E+01  2.7759882906889E+01 -3.0782967388712E+02  2.4166654729202E+01
 3.3523702000000E-01  4.0055562589460E-02  1.3027531232549E-02  4.1323203934747E-23  1.1714721054995E-02  2.0522594843922E-06  2.7374134814993E+01  2.7797786560366E+01 -3.0781207871220E+02  2.4190076562597E+01
 3.3670726000000E-01  4.1701711508343E-02  1.3577835421415E-02  3.7839767808444E-23  1.2209460792243E-02  2.2269627465204E-06  2.7427104267666E+01  2.7832739309185E+01 -3.0779339097375E+02  2.4211146304780E+01
 3.3817761000000E-01  4.3418888848433E-02  1.4152051191549E-02  3.4690809175172E-23  1.2725645752218E-02  2.4167906988653E-06  2.7475834956399E+01  2.7864742070077E+01 -3.0777353783831E+02  2.4229802698391E+01
 3.3964807000000E-01  4.5210015795057E-02  1.4751182885010E-02  3.1845312620951E-23  1.3264172094844E-02  2.6230513776294E-06  2.7520450658924E+01  2.7893797885018E+01 -3.0775277137822E+02  2.4246048922986E+01
 3.4111862000000E-01  4.7078098219923E-02  1.5376263252590E-02  2.9186973520738E-23  1.3825963659229E-02  2.8471607535499E-06  2.7561049874582E+01  2.7919907648674E+01 -3.0773104327517E+02  2.4259895833130E+01
 3.4258927000000E-01  4.9026292390302E-02  1.6028377910772E-02  2.6915847816241E-23  1.4411988910529E-02  3.0906591728737E-06  2.7597709902225E+01  2.7943095876045E+01 -3.0770827758192E+02  2.4271290514681E+01
 3.4406002000000E-01  5.1057857479477E-02  1.6708649254106E-02  2.4899073240170E-23  1.5023249088408E-02  3.3552160027344E-06  2.7630557548099E+01  2.7963387935290E+01 -3.0768471293009E+02  2.4280292756398E+01
 3.4553085000000E-01  5.3176151881706E-02  1.7418232255113E-02  2.3269483966959E-23  1.5660774980496E-02  3.6426373523936E-06  2.7659714905545E+01  2.7980782985126E+01 -3.0766023616144E+02  2.4286865617124E+01
 3.4700178000000E-01  5.5384713650331E-02  1.8158342070904E-02  2.2124919714791E-23  1.6325654544805E-02  3.9548886714617E-06  2.7685216603252E+01  2.7995305138118E+01 -3.0763489545544E+02  2.4290994742013E+01
 3.4847280000000E-01  5.7687160740352E-02  1.8930227507498E-02  2.1616543918530E-23  1.7018998812156E-02  4.2940944948370E-06  2.7707155264442E+01  2.8007013670779E+01 -3.0760892317889E+02  2.4292834463772E+01
 3.4994390000000E-01  6.0087247980220E-02  1.9735182047233E-02  2.1936571711463E-23  1.7741961759987E-02  4.6625569918006E-06  2.7725686167678E+01  2.8015934650966E+01 -3.0758218675730E+02  2.4292338798872E+01
 3.5141509000000E-01  6.2588904923432E-02  2.0574556285904E-02  2.3067914946275E-23  1.8495752081488E-02  5.0627749475759E-06  2.7740854820870E+01  2.8022090638992E+01 -3.0755488730247E+02  2.4289515808216E+01
 3.5288635000000E-01  6.5196139849742E-02  2.1449734774578E-02  2.4668320527929E-23  1.9281603236132E-02  5.4974466770628E-06  2.7752724968279E+01  2.8025548138301E+01 -3.0752696318975E+02  2.4284511245197E+01
 3.5435770000000E-01  6.7913183470029E-02  2.2362177585047E-02  2.6362569872530E-23  2.0100815940209E-02  5.9695069370321E-06  2.7761433898215E+01  2.8026364337779E+01 -3.0749838721482E+02  2.4277258423008E+01
 3.5582913000000E-01  7.0744367388572E-02  2.3313378183798E-02  2.7974988768108E-23  2.0954724654819E-02  6.4821241174309E-06  2.7767067804004E+01  2.8024578884465E+01 -3.0746945294079E+02  2.4267877413650E+01
 3.5730063000000E-01  7.3694173811365E-02  2.4304884935241E-02  2.9483686523126E-23  2.1844710204174E-02  7.0387272850347E-06  2.7769697969534E+01  2.8020251538152E+01 -3.0744013688592E+02  2.4256421884990E+01
 3.5877220000000E-01  7.6767262843263E-02  2.5338308980440E-02 -1.9164031956019E-26  2.2772208827234E-02  7.6430315835784E-06  2.7769424768419E+01  2.8013451380058E+01 -3.0741033585153E+02  2.4242915390176E+01
 3.6024385000000E-01  7.9968486334958E-02  2.6415327370082E-02 -2.5003862092306E-25  2.3738717077374E-02  8.2990621874143E-06  2.7766328938810E+01  2.8004255220068E+01 -3.0738020351503E+02  2.4227424992483E+01
 3.6171557000000E-01  8.3302820031830E-02  2.7537665094446E-02 -6.1482864573810E-25  2.4745770892396E-02  9.0111659329892E-06  2.7760531940324E+01  2.7992739299943E+01 -3.0734990690587E+02  2.4210066890361E+01
 3.6318735000000E-01  8.6775425776300E-02  2.8707107826661E-02 -1.0488328858057E-24  2.5794964345484E-02  9.7840440406022E-06  2.7752123259238E+01  2.7978980261624E+01 -3.0731930475478E+02  2.4190863971204E+01
 3.6465921000000E-01  9.0391708484588E-02  2.9925531472218E-02 -1.5067099839929E-24  2.6887969516977E-02  1.0622798135144E-05  2.7741195419101E+01  2.7963071726523E+01 -3.0728860632919E+02  2.4169889282196E+01
 3.6613112000000E-01  9.4157152098261E-02  3.1194840562286E-02 -1.9342299310120E-24  2.8026481656637E-02  1.1532917060392E-05  2.7727890605782E+01  2.7945101987611E+01 -3.0725775913658E+02  2.4147256865033E+01
 3.6760311000000E-01  9.8077589822657E-02  3.2517057503933E-02 -2.3811776982255E-24  2.9212309221851E-02  1.2520372821800E-05  2.7712280665510E+01  2.7925171464154E+01 -3.0722689930458E+02  2.4122973752128E+01
 3.6907515000000E-01  1.0215889477794E-01  3.3894231259616E-02 -2.7827558104573E-24  3.0447272804967E-02  1.3591583270702E-05  2.7694482385660E+01  2.7903415190618E+01 -3.0719619675868E+02  2.4097291292623E+01
 3.7054725000000E-01  1.0640726854259E-01  3.5328522392593E-02 -3.1426125933813E-24  3.1733297630586E-02  1.4753516076535E-05  2.7674681809984E+01  2.7879954376063E+01 -3.0716540953603E+02  2.4070155171308E+01
 3.7201942000000E-01  1.1082915191989E-01  3.6822173598422E-02 -3.5032465659420E-24  3.3072385653308E-02  1.6013705523669E-05  2.7652994610378E+01  2.7854914090093E+01 -3.0713490919186E+02  2.4041690380530E+01
 3.7349164000000E-01  1.1543111728655E-01  3.8377484611166E-02 -3.8299204505213E-24  3.4466585829616E-02  1.7380271200863E-05  2.7629575899598E+01  2.7828494514218E+01 -3.0710488460154E+02  2.4012135111711E+01
 3.7496391000000E-01  1.2022005795879E-01  3.9996872194128E-02 -4.1200474116454E-24  3.5918043950288E-02  1.8862013438123E-05  2.7604601445340E+01  2.7800955618434E+01 -3.0707521429339E+02  2.3981595626622E+01
 3.7643625000000E-01  1.2520318812755E-01  4.1682878057845E-02 -4.3764350088725E-24  3.7429027048141E-02  2.0468478080252E-05  2.7578281742160E+01  2.7772507284363E+01 -3.0704618267281E+02  2.3950259224258E+01
 3.7790863000000E-01  1.3038785412910E-01  4.3438097733663E-02 -4.6016740802343E-24  3.9001861079801E-02  2.2209933800369E-05  2.7551034328324E+01  2.7743256901098E+01 -3.0701773112646E+02  2.3918243880663E+01
 3.7938107000000E-01  1.3578193315645E-01  4.5265280819298E-02 -4.7981127290234E-24  4.0639024571935E-02  2.4097538255576E-05  2.7523115489960E+01  2.7713242109556E+01 -3.0698980863585E+02  2.3885437831685E+01
 3.8085356000000E-01  1.4139348259002E-01  4.7167234257055E-02 -4.9730078742747E-24  4.2343034811312E-02  2.6143310845251E-05  2.7494548037624E+01  2.7682454537317E+01 -3.0696262508342E+02  2.3851947634478E+01
 3.8232610000000E-01  1.4723089189890E-01  4.9146876458756E-02 -5.1404278708788E-24  4.4116500513048E-02  2.8360245359710E-05  2.7465267192557E+01  2.7650897957789E+01 -3.0693629559960E+02  2.3817799867051E+01
 3.8379868000000E-01  1.5330277608992E-01  5.1207220957373E-02 -5.2830354181213E-24  4.5962099234301E-02  3.0762361093871E-05  2.7435247191075E+01  2.7618625768187E+01 -3.0691066924578E+02  2.3783111884285E+01
 3.8527132000000E-01  1.5961820130503E-01  5.3351434130316E-02 -5.4027051899886E-24  4.7882644389767E-02  3.3364854627484E-05  2.7404549125673E+01  2.7585682459520E+01 -3.0688590649125E+02  2.3747889294034E+01
 3.8674399000000E-01  1.6618634720852E-01  5.5582718001542E-02 -5.5011930285356E-24  4.9880993230822E-02  3.6184046709423E-05  2.7373171602816E+01  2.7552098261030E+01 -3.0686189897666E+02  2.3712272307172E+01
 3.8821672000000E-01  1.7301697620037E-01  5.7904485364903E-02 -5.5801342607485E-24  5.1960182749315E-02  3.9237676088436E-05  2.7341097783436E+01  2.7517925663585E+01 -3.0683857711739E+02  2.3676240444679E+01
 3.8968949000000E-01  1.8011996595767E-01  6.0320196963050E-02 -5.6410629358746E-24  5.4123290441093E-02  4.2544798714388E-05  2.7308341886726E+01  2.7483227197112E+01 -3.0681608434517E+02  2.3639996899488E+01
 3.9116230000000E-01  1.8750563682786E-01  6.2833472864762E-02 -5.6854129630162E-24  5.6373534093148E-02  4.6126030575963E-05  2.7274951368741E+01  2.7448047983604E+01 -3.0679419857454E+02  2.3603524601842E+01
 3.9263515000000E-01  1.9518468928226E-01  6.5448064984500E-02 -5.7145245440002E-24  5.8714251808848E-02  5.0003627330427E-05  2.7240947704042E+01  2.7412418056055E+01 -3.0677286222361E+02  2.3566845316332E+01
 3.9410804000000E-01  2.0316819154693E-01  6.8167862021257E-02 -5.7296515996488E-24  6.1148901042427E-02  5.4201610723268E-05  2.7206321864677E+01  2.7376373395385E+01 -3.0675202315157E+02  2.3530012611107E+01
 3.9558097000000E-01  2.1146759775087E-01  7.0996898554212E-02 -5.7319661007515E-24  6.3681061253687E-02  5.8745908649537E-05  2.7170958757772E+01  2.7339762775965E+01 -3.0673132144003E+02  2.3492945662760E+01
 3.9705395000000E-01  2.2009474569545E-01  7.3939327822711E-02 -5.7225594473807E-24  6.6314394204468E-02  6.3664470849412E-05  2.7134999380719E+01  2.7302799251662E+01 -3.0671126739096E+02  2.3455656682513E+01
 3.9852695000000E-01  2.2906179266080E-01  7.6999461515972E-02 -5.7024628823194E-24  6.9052791843985E-02  6.8987426640194E-05  2.7098617727274E+01  2.7265659903563E+01 -3.0669150562324E+02  2.3418493539944E+01
 4.0000000000000E-01  2.3838164995965E-01  8.0181853012773E-02 -5.6726269064370E-24  7.1900245726918E-02  7.4747453379051E-05  2.6541102111190E+01  2.6156559251715E+01 -2.3039776501221E+01 -5.6490753780367E+01
