 3.4550107000000E-02  3.0804571874744E+02  1.6521448404504E+02  2.3232519541889E-04  0.0000000000000E+00  1.0000000000000E+00  0.0000000000000E+00  2.3232519541889E-04
 3.5288442000000E-02  3.1427189793718E+02  1.5544433823322E+02  2.3230194232081E-04  3.4632819586108E-05  8.6502022816253E-01  2.0230101185433E-01  1.8332936969057E-04
 3.6036508000000E-02  3.1507604613076E+02  1.5045622041884E+02  2.3228400527025E-04  2.2988128044158E-04  7.0814157143051E-01  3.5538955723673E-01  1.4582005255449E-04
 3.6794291000000E-02  3.1606354396394E+02  1.4725408722034E+02  2.3226689357952E-04  1.7831877118620E-04  5.3940350259311E-01  4.5828461481529E-01  1.1636128360720E-04
 3.7561770000000E-02  3.1766507934396E+02  1.4493459330518E+02  2.3224764888876E-04  1.6716141281670E-04  3.6935384283681E-01  5.1373126010764E-01  9.2978504237051E-05
 3.8338926000000E-02  3.1987926883743E+02  1.4290340425293E+02  2.3222357495300E-04  1.9355092075414E-04  2.0754447744987E-01  5.2632914659710E-01  7.4334088406965E-05
 3.9125732000000E-02  3.2257923746604E+02  1.4080902513754E+02  2.3219166602958E-04  2.3747094863663E-04  6.2012869882493E-02  5.0220592569000E-01  5.9454159287579E-05
 3.9922160000000E-02  3.2561119281422E+02  1.3844485274744E+02  2.3214843797048E-04  2.8934489812264E-04 -6.1054212337313E-02  4.4862981777772E-01  4.7589577855686E-05
 4.0728181000000E-02  3.2882439766050E+02  1.3568792853958E+02  2.3208999348908E-04  3.4745448394682E-04 -1.5750148177206E-01  3.7356306583482E-01  3.8145401749755E-05
 4.1543760000000E-02  3.3207539032928E+02  1.3246666098933E+02  2.3201229525216E-04  3.9179969731057E-05 -2.2525130100228E-01  2.8518785132554E-01  3.0641923959219E-05
 4.2368860000000E-02  3.3522566862534E+02  1.2874791655132E+02  2.3191149279092E-04  4.6796097726559E-05 -2.6422725545881E-01  1.9143628431846E-01  2.4690200465502E-05
 4.3203443000000E-02  3.3814049749581E+02  1.2453618777842E+02  2.3178445581113E-04  5.5162917753193E-05 -2.7616419385934E-01  9.9557593230785E-02  1.9974808062627E-05
 4.4047467000000E-02  3.4069162908273E+02  1.1988131091813E+02  2.3162933117470E-04  6.3869084581907E-05 -2.6432186862658E-01  1.5752136871681E-02  1.6240500630907E-05
 4.4900886000000E-02  3.4276357618028E+02  1.1487258928920E+02  2.3144610030220E-04  7.2257501699906E-05 -2.3312735081684E-01 -5.5105010147075E-02  1.3281516839413E-05
 4.5763653000000E-02  3.4427472054446E+02  1.0962752182343E+02  2.3123682413491E-04  7.9584436626095E-05 -1.8777454646766E-01 -1.0963968045907E-01  1.0932909379476E-05
 4.6635717000000E-02  3.4518319717153E+02  1.0428973885995E+02  2.3100551638090E-04  8.4969782612776E-05 -1.3380556788097E-01 -1.4604778355063E-01  9.0632438816111E-06
 4.7517028000000E-02  3.4547853334193E+02  9.9017131037189E+01  2.3075796280988E-04  8.7705277846573E-05 -7.6701831989619E-02 -1.6405706247544E-01  7.5683744605389E-06
 4.8407528000000E-02  3.4518807361380E+02  9.3972451763647E+01  2.3050115710802E-04  8.7441434883470E-05 -2.1513849206404E-02 -1.6479149955894E-01  6.3662308282296E-06
 4.9307162000000E-02  3.4437432449420E+02  8.9306794826233E+01  2.3024255513136E-04  8.4304520069425E-05  2.7452478916059E-02 -1.5055603560332E-01  5.3924552698455E-06
 5.0215868000000E-02  3.4312726295207E+02  8.5146880902883E+01  2.2998933496591E-04  7.8779005451670E-05  6.6875360538323E-02 -1.2455905245483E-01  4.5968592560517E-06
 5.1133586000000E-02  3.4155512208975E+02  8.1586121861273E+01  2.2974775840395E-04  7.1553736764330E-05  9.4574809843328E-02 -9.0592709194553E-02  3.9405034267156E-06
 5.2060250000000E-02  3.3977514629713E+02  7.8681690242409E+01  2.2952273879799E-04  6.3332597582804E-05  1.0958036892130E-01 -5.2692177563503E-02  3.3933382670572E-06
 5.2995795000000E-02  3.3790529552290E+02  7.6454516827399E+01  2.2931763023114E-04  5.4747804552669E-05  1.1210764557038E-01 -1.4795064771489E-02  2.9322886968828E-06
 5.3940152000000E-02  3.3605821674125E+02  7.4892434533867E+01  2.2913420722988E-04  4.6298750033163E-05  1.0344493415270E-01  1.9574747499281E-02  2.5397293137178E-06
 5.4893251000000E-02  3.3433647695092E+02  7.3955103544854E+01  2.2897275102753E-04  3.4233422952542E-04  8.5758713132331E-02  4.7575870376014E-02  2.2022645721432E-06
 5.5855019000000E-02  3.3282979236777E+02  7.3578427815373E+01  2.2883238869085E-04  2.7834557438650E-04  6.1833340429752E-02  6.7248268247966E-02  1.9097645374809E-06
 5.6825383000000E-02  3.3161311408945E+02  7.3679304243703E+01  2.2871109782957E-04  2.2590204646397E-04  3.4767457812395E-02  7.7625097056214E-02  1.6545948427473E-06
 5.7804266000000E-02  3.3074522883693E+02  7.4160033024329E+01  2.2860595859896E-04  1.9068030277382E-04  7.6554974487012E-03  7.8747106708665E-02  1.4310077952032E-06
 5.8791591000000E-02  3.3026800622012E+02  7.4911598045962E+01  2.2851326507745E-04  1.7888263144338E-04 -1.6714960269680E-02  7.1579318215793E-02  1.2346545874265E-06
 5.9787279000000E-02  3.3020545884527E+02  7.5816437152601E+01  2.2842858253646E-04  1.9190346530570E-04 -3.6119211020641E-02  5.7839734587951E-02  1.0622002874851E-06
 6.0791250000000E-02  3.3056316360925E+02  7.6751610924954E+01  2.2834675815459E-04  2.2446862058166E-04 -4.9079240112029E-02  3.9760096507358E-02  9.1102069440153E-07
 6.1803421000000E-02  3.3132712037511E+02  7.7590424831485E+01  2.2826191737586E-04  2.7061292525587E-04 -5.4957414215769E-02  1.9806580210315E-02  7.7897072724632E-07
 6.2823709000000E-02  3.3246296970478E+02  7.8205838347288E+01  2.2816749021667E-04  3.2839320139341E-04 -5.3952955930621E-02  3.9278197138347E-04  6.6421284344789E-07
 6.3852030000000E-02  3.3391432044239E+02  7.8474043487094E+01  2.2805631627598E-04  4.9793107889531E-05 -4.7005549672299E-02 -1.6381804896559E-02  5.6509737808790E-07
 6.4888298000000E-02  3.3560190123810E+02  7.8279687538270E+01  2.2792098496440E-04  6.1560566211541E-05 -3.5622019904851E-02 -2.8938603314953E-02  4.8008616758958E-07
 6.5932425000000E-02  3.3742595471532E+02  7.7515245812905E+01  2.2775411803375E-04  7.6469990711458E-05 -2.1651054702679E-02 -3.6350754044490E-02  4.0771300707705E-07
 6.6984325000000E-02  3.3927201449467E+02  7.6112117139213E+01  2.2754910608218E-04  9.4631465549681E-05 -7.0359210808194E-03 -3.8386422586994E-02  3.4656220919489E-07
 6.8043909000000E-02  3.4099076961882E+02  7.4055605886706E+01  2.2730064547619E-04  1.1376803782593E-04  6.4212006232741E-03 -3.5464775200042E-02  2.9525946920872E-07
 6.9111085000000E-02  3.4242849551290E+02  7.1389020200620E+01  2.2700563768583E-04  1.3143240200117E-04  1.7254555150091E-02 -2.8539606502103E-02  2.5248221088461E-07
 7.0185765000000E-02  3.4346082626075E+02  6.8213477154279E+01  2.2666409480979E-04  1.4541039352847E-04  2.4471499609084E-02 -1.8932065447519E-02  2.1698041427089E-07
 7.1267857000000E-02  3.4399781406212E+02  6.4672573503926E+01  2.2627952684895E-04  1.5415609680172E-04  2.7619735928151E-02 -8.1372570458023E-03  1.8760038274460E-07
 7.2357270000000E-02  3.4399465302406E+02  6.0941139279738E+01  2.2585878239543E-04  1.5728938867342E-04  2.6784626775554E-02  2.3696977192827E-03  1.6330305912122E-07
 7.3453909000000E-02  3.4345685478447E+02  5.7206576779060E+01  2.2541132722436E-04  1.5555679981668E-04  2.2524454297226E-02  1.1305564009560E-02  1.4317379567112E-07
 7.4557684000000E-02  3.4243755034553E+02  5.3647331841490E+01  2.2494809427844E-04  1.5024382320832E-04  1.5757638096407E-02  1.7711933974623E-02  1.2642437495349E-07
 7.5668500000000E-02  3.4102781144598E+02  5.0414172215886E+01  2.2448018966278E-04  1.4251689683425E-04  7.6193635332034E-03  2.1038299575022E-02  1.1238931796103E-07
 7.6786264000000E-02  3.3934263631227E+02  4.7616710146053E+01  2.2401771917888E-04  1.3317947335277E-04 -6.9413085582751E-04  2.1171236106236E-02  1.0051743517377E-07
 7.7910882000000E-02  3.3750599845316E+02  4.5318531046150E+01  2.2356894391428E-04  1.2269167054370E-04 -8.0758126297718E-03  1.8410728586726E-02  9.0360682063418E-08
 7.9042260000000E-02  3.3563760860663E+02  4.3538451107058E+01  2.2313983779340E-04  1.1135943391269E-04 -1.3636793892927E-02  1.3399822296160E-02  8.1561490054650E-08
 8.0180303000000E-02  3.3384313112288E+02  4.2256666963947E+01  2.2273400714850E-04  9.9428948031689E-05 -1.6800727509853E-02  7.0179271825960E-03  7.3839830717716E-08
 8.1324917000000E-02  3.3220821635721E+02  4.1424054375744E+01  2.2235286551600E-04  8.7096828140806E-05 -1.7354320259584E-02  2.5163384799559E-04  6.6980632489787E-08
 8.2476007000000E-02  3.3079598337679E+02  4.0971385519132E+01  2.2199595610652E-04  7.4527572505108E-05 -1.5449502956870E-02 -5.9406295502534E-03  6.0822057138280E-08
 8.3633480000000E-02  3.2964722776522E+02  4.0818162131761E+01  2.2166131206917E-04  6.1841154726746E-05 -1.1558600271019E-02 -1.0753119188745E-02  5.5244828909600E-08
 8.4797240000000E-02  3.2878219511621E+02  4.0879472583390E+01  2.2134580798935E-04  4.9147712600410E-05 -6.3897534953866E-03 -1.3630754995873E-02  5.0162810589745E-08
 8.5967194000000E-02  3.2820336145957E+02  4.1071448359360E+01  2.2104560092516E-04  2.6138044926401E-04 -7.7500129289918E-04 -1.4328512968960E-02  4.5514816855786E-08
 8.7143247000000E-02  3.2789814745349E+02  4.1314967677129E+01  2.2075591121927E-04  1.7322339916209E-04  4.4528281523894E-03 -1.2925354317329E-02  4.1257615921720E-08
 8.8325305000000E-02  3.2784205095429E+02  4.1538381317319E+01  2.2047175306721E-04  1.0534008510979E-04  8.5770210623108E-03 -9.7924028202873E-03  3.7360359122465E-08
 8.9513277000000E-02  3.2800116799169E+02  4.1679607005070E+01  2.2018796090383E-04  1.0222294257390E-04  1.1091355574572E-02 -5.5215179409067E-03  3.3800025348090E-08
 9.0707067000000E-02  3.2833504040279E+02  4.1687539593923E+01  2.1989940733185E-04  1.6391480367669E-04  1.1759299813450E-02 -8.2614876923202E-04  3.0558025131411E-08
 9.1906583000000E-02  3.2879939702698E+02  4.1523545639770E+01  2.1960123419642E-04  2.4189599756994E-04  1.0630985198540E-02  3.5700391382061E-03  2.7617715668757E-08
 9.3111734000000E-02  3.2934900754584E+02  4.1161958127167E+01  2.1928911794532E-04  3.1964905046501E-04  8.0172971695151E-03  7.0397472680511E-03  2.4962797683931E-08
 9.4322427000000E-02  3.2994104174824E+02  4.0589387133838E+01  2.1895978793612E-04  5.6544621530227E-05  4.4270690364481E-03  9.1383184725870E-03  2.2576463064787E-08
 9.5538572000000E-02  3.3053742954948E+02  3.9804610370055E+01  2.1861064310399E-04  6.5233210468139E-05  4.7857825215492E-04  9.6578969549012E-03  2.0440971919565E-08
 9.6760076000000E-02  3.3110636958820E+02  3.8816696724955E+01  2.1824059753011E-04  7.2159396397433E-05 -3.1999673112412E-03  8.6430411240551E-03  1.8537782068529E-08
 9.7986851000000E-02  3.3162325811647E+02  3.7643360143713E+01  2.1785005867660E-04  7.7499097153537E-05 -6.0654584441104E-03  6.3676470008515E-03  1.6847807783987E-08
 9.9218807000000E-02  3.3207046413623E+02  3.6308403963418E+01  2.1744098530698E-04  8.1803064642024E-05 -7.7363588162319E-03  3.2788879333053E-03  1.5351845378018E-08
 1.0045585000000E-01  3.3243610162138E+02  3.4839795416412E+01  2.1701680816165E-04  8.5859267381254E-05 -8.0403587532675E-03 -8.1482138487720E-05  1.4031006498791E-08
 1.0169791000000E-01  3.3271231063101E+02  3.3267557232212E+01  2.1658218922369E-04  9.0543302012220E-05 -7.0277476217121E-03 -3.1655037688718E-03  1.2867072219415E-08
 1.0294487000000E-01  3.3289341196017E+02  3.1623163525171E+01  2.1614272317726E-04  9.6519905517820E-05 -4.9505571282808E-03 -5.5030704402622E-03  1.1842848892391E-08
 1.0419667000000E-01  3.3297454161974E+02  2.9938222188680E+01  2.1570443320037E-04  1.0410489833733E-04 -2.2122224582630E-03 -6.7700864731292E-03  1.0942254284300E-08
 1.0545322000000E-01  3.3295107548920E+02  2.8244412023270E+01  2.1527336179422E-04  1.1304931028181E-04  7.0299894654562E-04 -6.8306240094593E-03  1.0150490308341E-08
 1.0671442000000E-01  3.3281890441736E+02  2.6573579296056E+01  2.1485510861894E-04  1.2253952343492E-04  3.3097612951030E-03 -5.7486826070132E-03  9.4540268906112E-09
 1.0798019000000E-01  3.3257550938901E+02  2.4956953880196E+01  2.1445443482875E-04  1.3139074632276E-04  5.1982247585496E-03 -3.7685371290959E-03  8.8405436795335E-09
 1.0925046000000E-01  3.3222149229938E+02  2.3424775967012E+01  2.1407500139615E-04  1.3824120505557E-04  6.0958150142005E-03 -1.2677659422011E-03  8.2988724291745E-09
 1.1052514000000E-01  3.3176205197578E+02  2.2005123695078E+01  2.1371924443458E-04  1.4186828489098E-04  5.9052266816971E-03  1.3089524008341E-03  7.8189310708743E-09
 1.1180415000000E-01  3.3120816683931E+02  2.0722529903813E+01  2.1338833380824E-04  1.4144853932906E-04  4.7133399466915E-03  3.5247402817330E-03  7.3916369164365E-09
 1.1308740000000E-01  3.3057709322028E+02  1.9596572520594E+01  2.1308226870397E-04  1.3668809244321E-04  2.7700842491213E-03  5.0218873525821E-03  7.0088552585202E-09
 1.1437482000000E-01  3.2989205197635E+02  1.8640282349040E+01  2.1280002648482E-04  1.2786216116217E-04  4.4117105423678E-04  5.5783590192997E-03  6.6633479107368E-09
 1.1566633000000E-01  3.2918121018894E+02  1.7858951538426E+01  2.1253978795816E-04  1.1567362572131E-04 -1.8570177463674E-03  5.1402725335275E-03  6.3487582864988E-09
 1.1696185000000E-01  3.2847606612017E+02  1.7249372931650E+01  2.1229916437913E-04  1.0106886817362E-04 -3.7294026697056E-03  3.8254767051815E-03  6.0595948184741E-09
 1.1826130000000E-01  3.2780934280202E+02  1.6799440345981E+01  2.1207542527252E-04  8.5058585649814E-05 -4.8687760888558E-03  1.8979991957889E-03  5.7912245554287E-09
 1.1956462000000E-01  3.2721283449241E+02  1.6488474148356E+01  2.1186570200638E-04  6.8542625193135E-05 -5.1057380002275E-03 -2.8182882736950E-04  5.5398618368319E-09
 1.2087171000000E-01  3.2671508267535E+02  1.6287908924520E+01  2.1166718890864E-04  5.2247293229231E-05 -4.4337091958620E-03 -2.3224220280843E-03  5.3025639268543E-09
 1.2218252000000E-01  3.2633936618050E+02  1.6161451522677E+01  2.1147738421963E-04  2.3964011490764E-04 -3.0051950353882E-03 -3.8700138399153E-03  5.0771922497970E-09
 1.2349696000000E-01  3.2610181469107E+02  1.6068910720279E+01  2.1129383183788E-04  1.4818024472589E-04 -1.1004998777127E-03 -4.6691801651178E-03  4.8623662155358E-09
 1.2481497000000E-01  3.2600965579277E+02  1.5968399809451E+01  2.1111465987064E-04  7.8607523043756E-05  9.2518670645995E-04 -4.6048773088794E-03  4.6573721104977E-09
 1.2613648000000E-01  3.2605972337214E+02  1.5818685048560E+01  2.1093850482961E-04  9.0277174538256E-05  2.7064163805069E-03 -3.7186907080663E-03  4.4620560647880E-09
 1.2746141000000E-01  3.2623830967290E+02  1.5582039523811E+01  2.1076455478434E-04  1.6326886410801E-04  3.9323713644938E-03 -2.1972260541075E-03  4.2766966913780E-09
 1.2878969000000E-01  3.2652164539105E+02  1.5226431290263E+01  2.1059256213423E-04  2.4889816259442E-04  4.4006145979838E-03 -3.3515790151861E-04  4.1018670993593E-09
 1.3012126000000E-01  3.2687697915447E+02  1.4728556499759E+01  2.1042295392827E-04  4.9951426997236E-05  4.0503985529244E-03  1.5199966694433E-03  3.9383009014190E-09
 1.3145606000000E-01  3.2726506190245E+02  1.4076620582986E+01  2.1025638421515E-04  6.4416463404031E-05  2.9701295527648E-03  3.0312519948833E-03  3.7867507457841E-09
 1.3279401000000E-01  3.2764336711024E+02  1.3272048706547E+01  2.1009400448222E-04  7.9811065118170E-05  1.3781952625526E-03  3.9323828506928E-03  3.6478741890797E-09
 1.3413505000000E-01  3.2797012588426E+02  1.2329693968537E+01  2.0993720717542E-04  9.5707116455621E-05 -4.1912571207048E-04  4.0744794511590E-03  3.5221268453865E-09
 1.3547912000000E-01  3.2820849739262E+02  1.1276673099347E+01  2.0978747209090E-04  1.1118621339715E-04 -2.0847683179352E-03  3.4506280489447E-03  3.4096952671979E-09
 1.3682616000000E-01  3.2833030263978E+02  1.0149964481107E+01  2.0964620258626E-04  1.2491192273150E-04 -3.3126921365767E-03  2.1947125768656E-03  3.3104587160627E-09
 1.3817610000000E-01  3.2831872295260E+02  8.9924128145737E+00  2.0951457943812E-04  1.3544645079625E-04 -3.8833076127585E-03  5.5479122676652E-04  3.2239833881845E-09
 1.3952888000000E-01  3.2816971475829E+02  7.8483898237821E+00  2.0939344273672E-04  1.4158453542402E-04 -3.7026312013848E-03 -1.1540327818201E-03  3.1495431984976E-09
 1.4088444000000E-01  3.2789177870930E+02  6.7594114441602E+00  2.0928322656014E-04  1.4265354972429E-04 -2.8181133116796E-03 -2.6085614629441E-03  3.0861648681305E-09
 1.4224274000000E-01  3.2750443493372E+02  5.7602871281953E+00  2.0918393824957E-04  1.3865661683648E-04 -1.4083565436101E-03 -3.5375469377947E-03  3.0326873393800E-09
 1.4360369000000E-01  3.2703558292627E+02  4.8765383098452E+00  2.0909519495452E-04  1.3017259560212E-04  2.5125465567250E-04 -3.7717658777375E-03  2.9878337420514E-09
 1.4496726000000E-01  3.2651823059435E+02  4.1225827462277E+00  2.0901626980650E-04  1.1824008561832E-04  1.8409636188611E-03 -3.2750461867244E-03  2.9502802349020E-09
 1.4633339000000E-01  3.2598717918736E+02  3.5015596547824E+00  2.0894618716771E-04  1.0402969342429E-04  3.0570026870560E-03 -2.1502454695499E-03  2.9187318888473E-09
 1.4770201000000E-01  3.2547579213719E+02  3.0060232976313E+00  2.0888381052082E-04  8.8686718062702E-05  3.6689984961567E-03 -6.1920223873982E-04  2.8919882889957E-09
 1.4907309000000E-01  3.2501336348500E+02  2.6194833813586E+00  2.0882792850201E-04  7.3201855849883E-05  3.5634914309600E-03  1.0198600419641E-03  2.8690003888787E-09
 1.5044656000000E-01  3.2462297975648E+02  2.3184220750591E+00  2.0877734234286E-04  5.8412485774816E-05  2.7652750821506E-03  2.4492812562545E-03  2.8489181898626E-09
 1.5182237000000E-01  3.2432025627578E+02  2.0746751281851E+00  2.0873108669668E-04  2.8295240622996E-04  1.4325173307354E-03  3.3928442515797E-03  2.8311236807753E-09
 1.5320047000000E-01  3.2411245946502E+02  1.8583459507488E+00  2.0868796303028E-04  2.1638192775193E-04 -1.7363138938109E-04  3.6687918398107E-03  2.8152384821248E-09
 1.5458081000000E-01  3.2399864468727E+02  1.6397159828626E+00  2.0864715078906E-04  1.7876359931111E-04 -1.7392398972890E-03  3.2249411573113E-03  2.8011299141442E-09
 1.5596335000000E-01  3.2397022497595E+02  1.3919007271458E+00  2.0860802295095E-04  1.8308570200319E-04 -2.9581561060848E-03  2.1490373734078E-03  2.7888909182303E-09
 1.5734804000000E-01  3.2401199368989E+02  1.0928008427651E+00  2.0857015490700E-04  2.2317477163930E-04 -3.5913434032462E-03  6.5221469551478E-04  2.7788075901821E-09
 1.5873482000000E-01  3.2410396341729E+02  7.2687373964373E-01  2.0853331926988E-04  2.8127011189839E-04 -3.5136566009370E-03 -9.7147843947257E-04  2.7713146128140E-09
 1.6012365000000E-01  3.2422322291233E+02  2.8598042890839E-01  2.0849745614769E-04  5.4794624780769E-05 -2.7388750288751E-03 -2.4019649472084E-03  2.7669430594112E-09
 1.6151449000000E-01  3.2434620629976E+02 -2.3030978219568E-01  2.0846265508636E-04  6.5284118338918E-05 -1.4179358844286E-03 -3.3554883920218E-03  2.7662670215025E-09
 1.6290730000000E-01  3.2445069406533E+02 -8.1521397465154E-01  2.0842911026100E-04  7.5234297322074E-05  1.8952435521601E-04 -3.6405031075254E-03  2.7698524547911E-09
 1.6430202000000E-01  3.2451788030897E+02 -1.4558730003027E+00  2.0839708300131E-04  8.4056167161425E-05  1.7651335492996E-03 -3.1961925062473E-03  2.7782129903253E-09
 1.6569862000000E-01  3.2453389395658E+02 -2.1349096639553E+00  2.0836685502853E-04  9.1209068329794E-05  2.9939472028721E-03 -2.1058599730214E-03  2.7917754025187E-09
 1.6709705000000E-01  3.2449069270751E+02 -2.8323452564717E+00  2.0833868917387E-04  9.6236548139585E-05  3.6266772583824E-03 -5.8221301301807E-04  2.8108555782556E-09
 1.6849728000000E-01  3.2438635157053E+02 -3.5277637517674E+00  2.0831279348246E-04  9.8855619254038E-05  3.5300079593805E-03  1.0730763107071E-03  2.8356472693889E-09
 1.6989926000000E-01  3.2422467722061E+02 -4.2022416795768E+00  2.0828929837289E-04  9.8981122901530E-05  2.7147929888246E-03  2.5279779723315E-03  2.8662218783713E-09
 1.7130295000000E-01  3.2401432868146E+02 -4.8398834043353E+00  2.0826824249397E-04  9.6731595286425E-05  1.3362218373177E-03  3.4858362455602E-03  2.9025393439986E-09
 1.7270832000000E-01  3.2376745816252E+02 -5.4290736607077E+00  2.0824957067048E-04  9.2429131786983E-05 -3.3471788336795E-04  3.7452761140292E-03  2.9444675921693E-09
 1.7411532000000E-01  3.2349833160627E+02 -5.9629474190046E+00  2.0823314250230E-04  8.6503302557125E-05 -1.9633745492541E-03  3.2423364580224E-03  2.9918074429528E-09
 1.7552393000000E-01  3.2322169609934E+02 -6.4395707762725E+00  2.0821874599341E-04  7.9482478724016E-05 -3.2174905562600E-03  2.0660472977812E-03  3.0443239993346E-09
 1.7693410000000E-01  3.2295151439743E+02 -6.8616316062588E+00  2.0820611818958E-04  7.1916899666362E-05 -3.8341542821173E-03  4.4372022237731E-04  3.1017770243670E-09
 1.7834580000000E-01  3.2269981201475E+02 -7.2353938913713E+00  2.0819496621909E-04  6.4319013626070E-05 -3.6745072551326E-03 -1.3019474193365E-03  3.1639536107596E-09
 1.7975899000000E-01  3.2247578288325E+02 -7.5701138834025E+00  2.0818498882444E-04  5.7238905068690E-05 -2.7547330103116E-03 -2.8159962143901E-03  3.2306955650837E-09
 1.8117364000000E-01  3.2228546964099E+02 -7.8767414126875E+00  2.0817607333480E-04  3.0983609301340E-04 -1.2465412933933E-03 -3.7825073449083E-03  3.3019279573010E-09
 1.8258971000000E-01  3.2213132556361E+02 -8.1667339098443E+00  2.0816775724278E-04  2.8217696749585E-04  5.5381426725653E-04 -3.9898605795767E-03  3.3776670972181E-09
 1.8400718000000E-01  3.2201270947513E+02 -8.4512394059714E+00  2.0815982098462E-04  2.6585158622908E-04  2.2826901758910E-03 -3.3766498748427E-03  3.4580422901365E-09
 1.8542601000000E-01  3.2192607274871E+02 -8.7399607114976E+00  2.0815209414129E-04  2.6159646073589E-04  3.5814634874241E-03 -2.0483507298430E-03  3.5432942972216E-09
 1.8684617000000E-01  3.2186564962357E+02 -9.0406669413080E+00  2.0814445802539E-04  2.6822174714338E-04  4.1701427022046E-03 -2.6047694794629E-04  3.6337731259178E-09
 1.8826763000000E-01  3.2182414879603E+02 -9.3587244344876E+00  2.0813684470752E-04  2.8290761362595E-04  3.9071151689052E-03  1.6294194189132E-03  3.7299281031754E-09
 1.8969036000000E-01  3.2179363954484E+02 -9.6967780774618E+00  2.0812923228517E-04  3.0216318378449E-04  2.8224753228340E-03  3.2321318961470E-03  3.8322926164501E-09
 1.9111433000000E-01  3.2176618369673E+02 -1.0054887022753E+01  2.0812150618761E-04  5.3716679086114E-05  1.1172350994951E-03  4.2059555546168E-03  3.9414626079154E-09
 1.9253951000000E-01  3.2173478982266E+02 -1.0430999221508E+01  2.0811383025129E-04  5.7145941437712E-05 -8.7259562806499E-04  4.3287327631912E-03  4.0580845127340E-09
 1.9396587000000E-01  3.2169365605768E+02 -1.0821366225217E+01  2.0810626578783E-04  6.0164102059213E-05 -2.7409437891668E-03  3.5477770401335E-03  4.1828308032770E-09
 1.9539339000000E-01  3.2163868868548E+02 -1.1221021562184E+01  2.0809888180735E-04  6.2554605849997E-05 -4.0933544049750E-03  1.9966095486266E-03  4.3163870011196E-09
 1.9682204000000E-01  3.2156794779907E+02 -1.1623965472878E+01  2.0809174749855E-04  6.4107015838297E-05 -4.6291956754834E-03 -2.6127104085666E-05  4.4594342886170E-09
 1.9825179000000E-01  3.2148152728321E+02 -1.2024302769398E+01  2.0808492652655E-04  6.4765323685587E-05 -4.2075599125967E-03 -2.1127091856083E-03  4.6126394832282E-09
 1.9968262000000E-01  3.2138087142607E+02 -1.2416442988014E+01  2.0807846746222E-04  6.4509626592455E-05 -2.8825511197829E-03 -3.8271280636556E-03  4.7766514160077E-09
 2.0111449000000E-01  3.2126871379334E+02 -1.2795843469804E+01  2.0807240033556E-04  6.3426393312589E-05 -8.9951282228270E-04 -4.7948676481991E-03  4.9520979681208E-09
 2.0254740000000E-01  3.2114869101924E+02 -1.3159347769948E+01  2.0806673459508E-04  6.1666430831785E-05  1.3487465734849E-03 -4.7835739633846E-03  5.1396014717524E-09
 2.0398131000000E-01  3.2102489644749E+02 -1.3505153760736E+01  2.0806146050859E-04  5.9391380680882E-05  3.3980609221915E-03 -3.7573426547953E-03  5.3397812557947E-09
 2.0541619000000E-01  3.2090147557444E+02 -1.3832824592422E+01  2.0805655111946E-04  5.6793072443809E-05  4.8072840296534E-03 -1.8924058959578E-03  5.5532748179961E-09
 2.0685203000000E-01  3.2078226540754E+02 -1.4143278299668E+01  2.0805215470699E-04  3.1937273989540E-04  5.2518394757936E-03  4.5094424605260E-04  5.7807641945774E-09
 2.0828881000000E-01  3.2067038848937E+02 -1.4438342901650E+01  2.0804802383791E-04  3.0372155601004E-04  4.5969271605779E-03  2.7961032329663E-03  6.0229762695563E-09
 2.0972650000000E-01  3.2056825828270E+02 -1.4720590632652E+01  2.0804410419909E-04  2.8963749700849E-04  2.9343027311732E-03  4.6453441873116E-03  6.2807173457753E-09
 2.1116508000000E-01  3.2047731185362E+02 -1.4993028247948E+01  2.0804034202997E-04  2.7801831485452E-04  5.7311737115836E-04  5.5838450896579E-03  6.5548913055239E-09
 2.1260452000000E-01  3.2039804282005E+02 -1.5258802165275E+01  2.0803668790986E-04  2.6947294032138E-04 -2.0153754513218E-03  5.3710698399208E-03  6.8465143263624E-09
 2.1404482000000E-01  3.2033004745826E+02 -1.5520893571798E+01  2.0803309936206E-04  2.6424494012351E-04 -4.2899643778993E-03  3.9997661919995E-03  7.1567388642325E-09
 2.1548594000000E-01  3.2027223103762E+02 -1.5781783772950E+01  2.0802954323483E-04  2.6207329541987E-04 -5.7506457265848E-03  1.7086357523639E-03  7.4868506228294E-09
 2.1692787000000E-01  3.2022288579337E+02 -1.6043433119396E+01  2.0802599627276E-04  2.6254082671592E-04 -6.0467658684967E-03 -1.0564128112618E-03  7.8382917067955E-09
 2.1837060000000E-01  3.2017999216398E+02 -1.6307154419023E+01  2.0802244517906E-04  2.6495522065711E-04 -5.0587730861888E-03 -3.7267281312628E-03  8.2126611706535E-09
 2.1981409000000E-01  3.2014138990158E+02 -1.6573511004716E+01  2.0801888609940E-04  2.6846000740220E-04 -2.9352830320413E-03 -5.7256268318611E-03  8.6117091917081E-09
 2.2125833000000E-01  3.2010496527566E+02 -1.6842498597282E+01  2.0801532278737E-04  2.7236979326768E-04 -7.5055249803851E-05 -6.5909015249440E-03  9.0373538779622E-09
 2.2270331000000E-01  3.2006888667379E+02 -1.7113442023789E+01  2.0801176496898E-04  2.7589291678310E-04  2.9450898988261E-03 -6.0792196495225E-03  9.4916737813538E-09
 2.2414901000000E-01  3.2003164365093E+02 -1.7385246472427E+01  2.0800822642254E-04  2.7851305278433E-04  5.4840236170457E-03 -4.2295942328884E-03  9.9769029126831E-09
 2.2559541000000E-01  3.1999215510776E+02 -1.7656646324606E+01  2.0800472277681E-04  2.7997321589042E-04  6.9699643220058E-03 -1.3701375522628E-03  1.0495435649287E-08
 2.2704249000000E-01  3.1994985832714E+02 -1.7926115993307E+01  2.0800126969148E-04  2.7992263020829E-04  7.0266446471376E-03  1.9365224666765E-03  1.1049829137212E-08
 2.2849024000000E-01  3.1990457550913E+02 -1.8192226642156E+01  2.0799788126866E-04  2.7839041003699E-04  5.5646921276639E-03  5.0009829061781E-03  1.1642812131424E-08
 2.2993863000000E-01  3.1985659263623E+02 -1.8453672726289E+01  2.0799456897097E-04  2.7540933803847E-04  2.8168132969565E-03  7.1479019689143E-03  1.2277282882058E-08
 2.3138767000000E-01  3.1980646319758E+02 -1.8709328317561E+01  2.0799134064221E-04  2.7110561015622E-04 -6.9412220520233E-04  7.8619919730319E-03  1.2956347056333E-08
 2.3283732000000E-01  3.1975495935204E+02 -1.8958509281467E+01  2.0798820057498E-04  2.6586653864144E-04 -4.2507983199589E-03  6.9079321159458E-03  1.3683296724740E-08
 2.3428758000000E-01  3.1970299309198E+02 -1.9200766860055E+01  2.0798514912506E-04  2.5990032533965E-04 -7.0848871857588E-03  4.3973427751217E-03  1.4461675367955E-08
 2.3573843000000E-01  3.1965147315509E+02 -1.9435987392188E+01  2.0798218344536E-04  2.5354479199113E-04 -8.5396121837928E-03  7.8504670192266E-04  1.5295274859210E-08
 2.3718986000000E-01  3.1960124955292E+02 -1.9664336844396E+01  2.0797929788749E-04  2.4710750021584E-04 -8.2182307656408E-03 -3.2087734597756E-03  1.6188181798775E-08
 2.3864185000000E-01  3.1955304713250E+02 -1.9886231937533E+01  2.0797648507031E-04  2.4088799877258E-04 -6.0853939163833E-03 -6.7382658818049E-03  1.7144800729448E-08
 2.4009438000000E-01  3.1950741482138E+02 -2.0102258902386E+01  2.0797373658468E-04  2.3512243929550E-04 -2.4967703282463E-03 -9.0073550418140E-03  1.8169897302027E-08
 2.4154746000000E-01  3.1946467986271E+02 -2.0313012725390E+01  2.0797104358828E-04  2.2989552112309E-04  1.8541060716793E-03 -9.4452619812351E-03  1.9268659278265E-08
 2.4300106000000E-01  3.1942494956902E+02 -2.0519151768938E+01  2.0796839782062E-04  2.2533445634557E-04  6.0650717127729E-03 -7.8441836917518E-03  2.0446686025823E-08
 2.4445516000000E-01  3.1938813011235E+02 -2.0721367103508E+01  2.0796579194970E-04  2.2152900982953E-04  9.2082377672643E-03 -4.4272851346107E-03  2.1710068196087E-08
 2.4590977000000E-01  3.1935399833258E+02 -2.0920169587815E+01  2.0796321984122E-04  2.1832238106182E-04  1.0530024133290E-02  1.7263957682409E-04  2.3065452903588E-08
 2.4736486000000E-01  3.1932217557153E+02 -2.1115951792548E+01  2.0796067708535E-04  2.1560868434171E-04  9.6261178834015E-03  5.0244276310841E-03  2.4520023405603E-08
 2.4882043000000E-01  3.1929221755778E+02 -2.1309076352632E+01  2.0795816080936E-04  2.1336196223772E-04  6.5521698000591E-03  9.0822170435312E-03  2.6081612496352E-08
 2.5027646000000E-01  3.1926367756500E+02 -2.1499699699780E+01  2.0795566972747E-04  2.1134786621227E-04  1.8416540733284E-03  1.1405790927918E-02  2.7758703963476E-08
 2.5173294000000E-01  3.1923612149487E+02 -2.1687793277454E+01  2.0795320383097E-04  2.0935418358288E-04 -3.5791126662105E-03  1.1372764154143E-02  2.9560508825873E-08
 2.5318986000000E-01  3.1920915894190E+02 -2.1873220263280E+01  2.0795076416222E-04  2.0724616458369E-04 -8.5671852037273E-03  8.8355590412659E-03  3.1497005859019E-08
 2.5464721000000E-01  3.1918244964811E+02 -2.2055872250544E+01  2.0794835253330E-04  2.0503991852987E-04 -1.1998315419057E-02  4.1854553268569E-03  3.3579002801724E-08
 2.5610498000000E-01  3.1915580639620E+02 -2.2235486615804E+01  2.0794597110775E-04  2.0253748960307E-04 -1.3014186715375E-02 -1.6966337758322E-03  3.5818199034430E-08
 2.5756317000000E-01  3.1912906401155E+02 -2.2411815339163E+01  2.0794362212306E-04  1.9974904030010E-04 -1.1228453069035E-02 -7.5997769435731E-03  3.8227267512522E-08
 2.5902175000000E-01  3.1910222276104E+02 -2.2584574132477E+01  2.0794130766439E-04  1.9660175271466E-04 -6.8438690924363E-03 -1.2225636344157E-02  4.0819861877197E-08
 2.6048072000000E-01  3.1907529482983E+02 -2.2753530593961E+01  2.0793902940152E-04  1.9315231742994E-04 -6.4846885352654E-04 -1.4467489680227E-02  4.3610796767710E-08
 2.6194007000000E-01  3.1904838981477E+02 -2.2918608545450E+01  2.0793678850914E-04  1.8955609268263E-04  6.1166550710314E-03 -1.3666398371924E-02  4.6616083053952E-08
 2.6339979000000E-01  3.1902167303808E+02 -2.3079594048689E+01  2.0793458545139E-04  1.8564872878670E-04  1.1998290959912E-02 -9.7874664876151E-03  4.9853041764541E-08
 2.6485988000000E-01  3.1899528850261E+02 -2.3236489048526E+01  2.0793242016087E-04  1.8167689648644E-04  1.5635730301585E-02 -3.4715562723021E-03  5.3340439018167E-08
 2.6632032000000E-01  3.1896942183741E+02 -2.3389381447322E+01  2.0793029203833E-04  1.7772965473713E-04  1.6066751545659E-02  4.0575614980153E-03  5.7098554485591E-08
 2.6778110000000E-01  3.1894425828161E+02 -2.3538258693636E+01  2.0792819991671E-04  1.7369684928653E-04  1.2968234244414E-02  1.1221132483098E-02  6.1149378424725E-08
 2.6924222000000E-01  3.1891989411647E+02 -2.3683297837002E+01  2.0792614228831E-04  1.6981363174511E-04  6.7733420662961E-03  1.6407870101772E-02  6.5516771420520E-08
 2.7070367000000E-01  3.1889647539116E+02 -2.3824670193879E+01  2.0792411743122E-04  1.6606744543742E-04 -1.3691306312407E-03  1.8326934068124E-02  7.0226585036891E-08
 2.7216544000000E-01  3.1887401814388E+02 -2.3962608556791E+01  2.0792212351293E-04  1.6255676616824E-04 -9.7961363991270E-03  1.6316359157265E-02  7.5306869897278E-08
 2.7362752000000E-01  3.1885259820636E+02 -2.4097300557409E+01  2.0792015861458E-04  1.5922294464758E-04 -1.6660046814111E-02  1.0535472730299E-02  8.0788073226429E-08
 2.7508990000000E-01  3.1883218588345E+02 -2.4228933659572E+01  2.0791822097126E-04  1.5608790967110E-04 -2.0323513430202E-02  1.9902999617839E-03  8.6703247967883E-08
 2.7655259000000E-01  3.1881276436218E+02 -2.4357777356434E+01  2.0791630891530E-04  1.5324882464843E-04 -1.9737279807573E-02 -7.6262871503204E-03  9.3088387527763E-08
 2.7801556000000E-01  3.1879425578248E+02 -2.4484049529452E+01  2.0791442100642E-04  1.5065589984458E-04 -1.4716348384467E-02 -1.6257666301924E-02  9.9982432207473E-08
 2.7947882000000E-01  3.1877661193878E+02 -2.4608078930290E+01  2.0791255591682E-04  1.4843934209758E-04 -6.0457930771849E-03 -2.1912233371987E-02  1.0742791559173E-07
 2.8094235000000E-01  3.1875972249168E+02 -2.4730049031831E+01  2.0791071218040E-04  1.4643970080179E-04  4.6199447039351E-03 -2.3109377892664E-02  1.1547095570059E-07
 2.8240615000000E-01  3.1874367654907E+02 -2.4850093881649E+01  2.0790888867584E-04  1.4456957433310E-04  1.5058321347187E-02 -1.9246827092758E-02  1.2416181506521E-07
 2.8387021000000E-01  3.1872869241394E+02 -2.4968260876240E+01  2.0790708515457E-04  1.4270879177825E-04  2.2928475198046E-02 -1.0801100137307E-02  1.3355509120813E-07
 2.8533454000000E-01  3.1871476233550E+02 -2.5084424414031E+01  2.0790530137772E-04  1.4068972860883E-04  2.6282031102412E-02  6.9585616545224E-04  1.4371025146214E-07
 2.8679911000000E-01  3.1870185593780E+02 -2.5198558552243E+01  2.0790353733446E-04  1.3862984255409E-04  2.4025985977274E-02  1.2915369882932E-02  1.5469162102225E-07
 2.8826392000000E-01  3.1868996867979E+02 -2.5310674593855E+01  2.0790179302178E-04  1.3657183944441E-04  1.6232058390453E-02  2.3188632134393E-02  1.6656933232731E-07
 2.8972898000000E-01  3.1867906836324E+02 -2.5420740607643E+01  2.0790006836266E-04  1.3446759718368E-04  4.2108744353289E-03  2.9073665106168E-02  1.7941972702388E-07
 2.9119426000000E-01  3.1866913058154E+02 -2.5528733997417E+01  2.0789836333118E-04  1.3232414125111E-04 -9.6825364692345E-03  2.8916294197392E-02  1.9332543287589E-07
 2.9265978000000E-01  3.1866012327260E+02 -2.5634689407988E+01  2.0789667777624E-04  1.3021489602957E-04 -2.2491976656289E-02  2.2280491374161E-02  2.0837677560769E-07
 2.9412551000000E-01  3.1865203859523E+02 -2.5738545565395E+01  2.0789501147735E-04  1.2801729428798E-04 -3.1270552472764E-02  1.0141462542568E-02  2.2467145585500E-07
 2.9559146000000E-01  3.1864482477283E+02 -2.5840326830184E+01  2.0789336413545E-04  1.2584236386147E-04 -3.3739090612376E-02 -5.2204211616687E-03  2.4231614622288E-07
 2.9705762000000E-01  3.1863846730779E+02 -2.5940075550355E+01  2.0789173539679E-04  1.2370804106676E-04 -2.8847045657523E-02 -2.0624292372979E-02  2.6142665944525E-07
 2.9852398000000E-01  3.1863292553269E+02 -2.6037745605018E+01  2.0789012478253E-04  1.2150723814406E-04 -1.7105164164424E-02 -3.2626973880502E-02  2.8212894933961E-07
 2.9999055000000E-01  3.1862816316987E+02 -2.6133386310857E+01  2.0788853182040E-04  1.1935856556802E-04 -5.9616536876545E-04 -3.8270903323517E-02  3.0456032767503E-07
 3.0145731000000E-01  3.1862411634334E+02 -2.6227006815088E+01  2.0788695600058E-04  1.1721175632598E-04  1.7363711525260E-02 -3.5783596758292E-02  3.2886973760906E-07
 3.0292426000000E-01  3.1862074007927E+02 -2.6318621841156E+01  2.0788539679818E-04  1.1507313230746E-04  3.2866922168000E-02 -2.5069766505972E-02  3.5521954954299E-07
 3.0439140000000E-01  3.1861796856105E+02 -2.6408248643879E+01  2.0788385370963E-04  1.1294609711843E-04  4.2240372634173E-02 -7.8682309070261E-03  3.8378646825991E-07
 3.0585871000000E-01  3.1861572617835E+02 -2.6495883378693E+01  2.0788232626268E-04  1.1080225174882E-04  4.2886305719329E-02  1.2487728398885E-02  4.1476236427377E-07
 3.0732621000000E-01  3.1861396051106E+02 -2.6581511017416E+01  2.0788081398787E-04  1.0862751398677E-04  3.3951635143735E-02  3.1687289273019E-02  4.4835688859192E-07
 3.0879388000000E-01  3.1861255962009E+02 -2.6665131229153E+01  2.0787931651691E-04  1.0643861274075E-04  1.6661780285513E-02  4.5326530570055E-02  4.8479728645381E-07
 3.1026171000000E-01  3.1861147778628E+02 -2.6746733059454E+01  2.0787783355299E-04  1.0421974618750E-04 -5.7831213914597E-03  4.9888468215942E-02  5.2433103993608E-07
 3.1172971000000E-01  3.1861062081906E+02 -2.6826260655416E+01  2.0787636477708E-04  1.0191419635555E-04 -2.8763485956713E-02  4.3604374424928E-02  5.6722799451143E-07
 3.1319787000000E-01  3.1860989879424E+02 -2.6903724774128E+01  2.0787490999861E-04  9.9604922495029E-05 -4.7158526700238E-02  2.6994820209427E-02  6.1378122079251E-07
 3.1466619000000E-01  3.1860927759600E+02 -2.6979042315642E+01  2.0787346902022E-04  9.7170337057524E-05 -5.6454249961171E-02  2.9426694366468E-03  6.6430990123400E-07
 3.1613465000000E-01  3.1860864388699E+02 -2.7052173717671E+01  2.0787204174198E-04  9.4665305551366E-05 -5.3807209036124E-02 -2.3757420197754E-02  7.1916050948637E-07
 3.1760327000000E-01  3.1860797491352E+02 -2.7123079685116E+01  2.0787062804202E-04  9.2090615370951E-05 -3.8822397614297E-02 -4.7317615770353E-02  7.7871150143134E-07
 3.1907203000000E-01  3.1860718680724E+02 -2.7191634016509E+01  2.0786922782893E-04  8.9331648020177E-05 -1.3846781037751E-02 -6.2173103124967E-02  8.4337287171058E-07
 3.2054093000000E-01  3.1860622936618E+02 -2.7257816492207E+01  2.0786784110908E-04  8.6526258078245E-05  1.6328753114929E-02 -6.4252861062752E-02  9.1359128723700E-07
 3.2200998000000E-01  3.1860503638095E+02 -2.7321551276985E+01  2.0786646782004E-04  8.3602806267811E-05  4.5341740163961E-02 -5.2020117969578E-02  9.8985306781950E-07
 3.2347915000000E-01  3.1860356216521E+02 -2.7382753528191E+01  2.0786510799399E-04  8.0547645474587E-05  6.6556354971466E-02 -2.7032138462290E-02  1.0726847504022E-06
 3.2494846000000E-01  3.1860177364947E+02 -2.7441304512513E+01  2.0786376159275E-04  7.7317864245704E-05  7.4535616544998E-02  6.1500978459093E-03  1.1626613887169E-06
 3.2641789000000E-01  3.1859962699569E+02 -2.7496994626350E+01  2.0786242862259E-04  7.3792219329706E-05  6.6365778535522E-02  4.0733699662061E-02  1.2604051917479E-06
 3.2788745000000E-01  3.1859712459828E+02 -2.7549724091777E+01  2.0786110938388E-04  7.0114447530824E-05  4.2527114372054E-02  6.9036201438724E-02  1.3665937900510E-06
 3.2935713000000E-01  3.1859402408609E+02 -2.7599443475999E+01  2.0785980395868E-04  6.6369926748529E-05  7.0739622179533E-03  8.4140243651680E-02  1.4819617362744E-06
 3.3082693000000E-01  3.1859016122355E+02 -2.7646157788838E+01  2.0785851218207E-04  6.2639880980326E-05 -3.2975398851051E-02  8.1518853298295E-02  1.6073075945682E-06
 3.3229685000000E-01  3.1858545136291E+02 -2.7689913204750E+01  2.0785723387410E-04  5.8986346799322E-05 -6.8968925043975E-02  6.0259859455261E-02  1.7434988459020E-06
 3.3376688000000E-01  3.1857986895642E+02 -2.7730684187708E+01  2.0785575303950E-04  3.0164569976737E-04 -9.2433203726429E-02  2.3580533123573E-02  1.8914746097556E-06
 3.3523702000000E-01  3.1857339876733E+02 -2.7768540916669E+01  2.0785429831176E-04  2.8213274766108E-04 -9.7001650933552E-02 -2.1545954692640E-02  2.0522594843922E-06
 3.3670726000000E-01  3.1856603730904E+02 -2.7803446617588E+01  2.0785286981441E-04  2.6261889936974E-04 -8.0031883718341E-02 -6.5643186744337E-02  2.2269627465204E-06
 3.3817761000000E-01  3.1855774369995E+02 -2.7835408026911E+01  2.0785146735028E-04  2.4358621415706E-04 -4.3521091491879E-02 -9.8658014521141E-02  2.4167906988653E-06
 3.3964807000000E-01  3.1854855556345E+02 -2.7864446545953E+01  2.0785009082561E-04  2.2513259159718E-04  5.9473097034421E-03 -1.1218087551328E-01  2.6230513776294E-06
 3.4111862000000E-01  3.1853846459434E+02 -2.7890529735274E+01  2.0784874031883E-04  2.0711874594727E-04  5.8296714329467E-02 -1.0148757286028E-01  2.8471607535499E-06
 3.4258927000000E-01  3.1852750296291E+02 -2.7913703254760E+01  2.0784741561466E-04  1.9019422645217E-04  1.0193665724693E-01 -6.6923571663959E-02  3.0906591728737E-06
 3.4406002000000E-01  3.1851566152254E+02 -2.7933999284126E+01  2.0784611646085E-04  1.7463142283714E-04  1.2625138989230E-01 -1.4260980029598E-02  3.3552160027344E-06
 3.4553085000000E-01  3.1850301560678E+02 -2.7951414490356E+01  2.0784484295492E-04  1.6020077278536E-04  1.2408445740588E-01  4.6138923889674E-02  3.6426373523936E-06
 3.4700178000000E-01  3.1848955905879E+02 -2.7965923013704E+01  2.0784359508070E-04  1.4750616557402E-04  9.3654817667179E-02  1.0127670591517E-01  3.9548886714617E-06
 3.4847280000000E-01  3.1847530694621E+02 -2.7977665213241E+01  2.0784237219410E-04  1.3784093888633E-04  3.9421822480629E-02  1.3822540261391E-01  4.2940944948370E-06
 3.4994390000000E-01  3.1846031151935E+02 -2.7986624272353E+01  2.0784117432114E-04  1.3056804025271E-04 -2.8385963261193E-02  1.4706293272286E-01  4.6625569918006E-06
 3.5141509000000E-01  3.1844461609390E+02 -2.7992805009983E+01  2.0784000141156E-04  1.2627734160895E-04 -9.5590082320385E-02  1.2337559670100E-01  5.0627749475759E-06
 3.5288635000000E-01  3.1842821395138E+02 -2.7996298265157E+01  2.0783885294006E-04  1.2575882254506E-04 -1.4692883408615E-01  6.9731214242114E-02  5.4974466770628E-06
 3.5435770000000E-01  3.1841116895722E+02 -2.7997177168933E+01  2.0783772851216E-04  1.2825177519016E-04 -1.6942091373503E-01 -4.3027953656437E-03  5.9695069370321E-06
 3.5582913000000E-01  3.1839351493047E+02 -2.7995437900719E+01  2.0783662803028E-04  1.3360448021502E-04 -1.5549727655420E-01 -8.3720678731292E-02  6.4821241174309E-06
 3.5730063000000E-01  3.1837528523363E+02 -2.7991174444954E+01  2.0783555098907E-04  1.4134316978162E-04 -1.0518225445737E-01 -1.5100829168534E-01  7.0387272850347E-06
 3.5877220000000E-01  3.1835651560430E+02 -2.7984436236654E+01  2.0783449700449E-04  1.5093414538111E-04 -2.6740328055762E-02 -1.8989354939072E-01  7.6430315835784E-06
 3.6024385000000E-01  3.1833724448847E+02 -2.7975304960083E+01  2.0783346556863E-04  1.6179664202303E-04  6.4487749647235E-02 -1.8913656029269E-01  8.2990621874142E-06
 3.6171557000000E-01  3.1831749685947E+02 -2.7963872228703E+01  2.0783245607670E-04  1.7354492051398E-04  1.4894847085938E-01 -1.4550666957371E-01  9.0111659329892E-06
 3.6318735000000E-01  3.1829734430896E+02 -2.7950180971922E+01  2.0783146822387E-04  1.8573369738318E-04  2.0694292338197E-01 -6.5203095591623E-02  9.7840440406022E-06
 3.6465921000000E-01  3.1827677739759E+02 -2.7934354553947E+01  2.0783050115994E-04  1.9829285252755E-04  2.2307575568379E-01  3.6742398344597E-02  1.0622798135144E-05
 3.6613112000000E-01  3.1825588529770E+02 -2.7916476116737E+01  2.0782955440003E-04  2.1057637872615E-04  1.9010879336761E-01  1.3910728376207E-01  1.1532917060392E-05
 3.6760311000000E-01  3.1823467594114E+02 -2.7896609743584E+01  2.0782862734875E-04  2.2303180002544E-04  1.1129927501609E-01  2.1876061510148E-01  1.2520372821800E-05
 3.6907515000000E-01  3.1821318946351E+02 -2.7874939604866E+01  2.0782771896791E-04  2.3470484508795E-04  5.6316959929089E-04  2.5573032850843E-01  1.3591583270702E-05
 3.7054725000000E-01  3.1819147441611E+02 -2.7851568842189E+01  2.0782682850272E-04  2.4587273901505E-04 -1.1976836816593E-01  2.3800211426764E-01  1.4753516076535E-05
 3.7201942000000E-01  3.1816959938903E+02 -2.7826593453233E+01  2.0782595525068E-04  2.5641119922602E-04 -2.2328518045046E-01  1.6491565056574E-01  1.6013705523669E-05
 3.7349164000000E-01  3.1814756973781E+02 -2.7800213843843E+01  2.0782509794299E-04  2.6596625464803E-04 -2.8512763138152E-01  4.8286145077426E-02  1.7380271200863E-05
 3.7496391000000E-01  3.1812544485278E+02 -2.7772718589265E+01  2.0782425488651E-04  2.7365365561612E-04 -2.8775189057053E-01 -8.9209257479939E-02  1.8862013438123E-05
 3.7643625000000E-01  3.1810319222026E+02 -2.7744360830652E+01  2.0782342418128E-04  2.8005468351660E-04 -2.2552132514102E-01 -2.1824272419270E-01  2.0468478080252E-05
 3.7790863000000E-01  3.1808107694352E+02 -2.7715200933061E+01  2.0782260527778E-04  2.8489745743075E-04 -1.0699783279437E-01 -3.0890311822911E-01  2.2209933800369E-05
 3.7938107000000E-01  3.1805942178866E+02 -2.7685300909214E+01  2.0782179809551E-04  2.8796773088892E-04  4.5794462553989E-02 -3.3742518871010E-01  2.4097538255576E-05
 3.8085356000000E-01  3.1803829283780E+02 -2.7654631804345E+01  2.0782100268877E-04  2.9108036306945E-04  2.0120753520037E-01 -2.9208351342036E-01  2.6143310845251E-05
 3.8232610000000E-01  3.1801775087025E+02 -2.7623163867918E+01  2.0782021912758E-04  2.9429878072226E-04  3.2431873262212E-01 -1.7686900328349E-01  2.8360245359710E-05
 3.8379868000000E-01  3.1799777521022E+02 -2.7590993229756E+01  2.0781944678032E-04  2.9714833611065E-04  3.8455487213495E-01 -1.1916748970681E-02  3.0762361093871E-05
 3.8527132000000E-01  3.1797840447721E+02 -2.7558162850063E+01  2.0781868529600E-04  2.9971427913137E-04  3.6297867421766E-01  1.6968909058714E-01  3.3364854627484E-05
 3.8674399000000E-01  3.1795961214299E+02 -2.7524677602236E+01  2.0781793446968E-04  3.0250410900447E-04  2.5755553144325E-01  3.2829760279427E-01  3.6184046709423E-05
 3.8821672000000E-01  3.1794136762228E+02 -2.7490600900127E+01  2.0781719375535E-04  3.0511557406122E-04  8.5037067626007E-02  4.2611889188747E-01  3.9237676088436E-05
 3.8968949000000E-01  3.1792361858772E+02 -2.7456007638589E+01  2.0781646257123E-04  3.0751019467375E-04 -1.2123866301476E-01  4.3591757694230E-01  4.2544798714388E-05
 3.9116230000000E-01  3.1790632741652E+02 -2.7420936258129E+01  2.0781574047536E-04  3.0986163460945E-04 -3.1749665565232E-01  3.4806933074526E-01  4.6126030575963E-05
 3.9263515000000E-01  3.1788946354282E+02 -2.7385416684431E+01  2.0781502709761E-04  3.1218609071673E-04 -4.5854674655478E-01  1.7421513654833E-01  5.0003627330427E-05
 3.9410804000000E-01  3.1787296285995E+02 -2.7349471510861E+01  2.0781432203775E-04  3.1463147810102E-04 -5.0788389153271E-01 -5.3585883177651E-02  5.4201610723267E-05
 3.9558097000000E-01  3.1785677267806E+02 -2.7313166850523E+01  2.0781362472301E-04  3.1682252140746E-04 -4.4667074953797E-01 -2.8839346520338E-01  5.8745908649537E-05
 3.9705395000000E-01  3.1784082410205E+02 -2.7276433597007E+01  2.0781274136089E-04  6.0224421087773E-05 -2.7947478116919E-01 -4.7775395270689E-01  6.3664470849412E-05
 3.9852695000000E-01  3.1782509256274E+02 -2.7239415294427E+01  2.0781186241091E-04  6.0639286831943E-05 -3.5200151784576E-02 -5.7509263569885E-01  6.8987426640194E-05
 4.0000000000000E-01  3.1780952526883E+02 -2.7202108969606E+01  2.0781098762431E-04  6.1094291679487E-05  2.3742740580160E-01 -5.5074298756695E-01  7.4747453379051E-05
