#  1.0000000000000E+00  0.0000000000000E+00  3.3835724366849E+02  1.1778355126416E+02
 0.0000000000000E+00  6.0774670024009E-13  4.5440546931588E-12  4.1543786729117E-16  2.1024209172732E-15 -1.8036508111669E-25 -2.2080504733880E-25  9.1068316813463E-02  3.9438870414997E-02
 1.6278238803763E-06  1.4156597541676E-02  2.7055933449779E-03  2.0713746508861E-06 -3.5658241923342E-06  9.9262590462635E-16  2.9245314045782E-16  9.1069878908235E-02  3.9436137729594E-02
 6.5252375130261E-06  5.6114222789092E-02  1.1476931121657E-02  3.4041296623267E-05 -5.7955997415949E-05  4.4403468873412E-15  2.8863512648712E-15  9.1074615043866E-02  3.9428312753053E-02
 1.4734317007476E-05  1.2439628795284E-01  2.7892831446543E-02  1.7571553979056E-04 -2.9023176246938E-04  9.1404703019123E-15  5.2125105227239E-15  9.1082997310846E-02  3.9415820185926E-02
 2.6326030583797E-05  2.1671857617122E-01  5.3373973555507E-02  5.6787851771935E-04 -9.0548127860281E-04  1.5281420257132E-14  1.2644201918366E-14  9.1096005724734E-02  3.9399525625850E-02
 4.1401527531683E-05  3.3019158518711E-01  8.7602918687535E-02  1.4140404877002E-03 -2.1778252940848E-03  1.2990238729919E-14  1.3231600694134E-15  9.1115416172652E-02  3.9380634395193E-02
 6.0093997826685E-05  4.6123980710231E-01  1.2676721570385E-01  2.9680640469271E-03 -4.4486065508015E-03  1.8225436145686E-14 -4.9383844157554E-15  9.1143951622555E-02  3.9360366664277E-02
 8.2571160517987E-05  6.0478506386589E-01  1.6215525409617E-01  5.4905360666940E-03 -8.1248939884376E-03  2.4288293222420E-14 -3.0638119056482E-15  9.1185146422188E-02  3.9338975981768E-02
 1.0903846016960E-04  7.5190822636392E-01  1.7996571864936E-01  9.1634240073823E-03 -1.3675879208824E-02  5.1256455617255E-14 -9.5373924510660E-15  9.1242405257441E-02  3.9313419956915E-02
 1.3974307563011E-04  8.8619083137089E-01  1.6392766481065E-01  1.3955930005949E-02 -2.1584131782699E-02  2.0002836175356E-14 -1.2615662604552E-14  9.1316555245972E-02  3.9273191145055E-02
 1.7497887556660E-04  9.8050900047688E-01  1.0241559356987E-01  1.9475438513896E-02 -3.2206440295158E-02  8.0878164984901E-15 -3.2530496016693E-14  9.1400273139810E-02  3.9194195085096E-02
 2.1509249222602E-04  1.0000000000000E+00  0.0000000000000E+00  2.4900549915438E-02 -4.5491762167972E-02  2.1848107090899E-14 -1.0434822485462E-14  9.1468398723678E-02  3.9033169894347E-02
 2.6049073097574E-04  9.1710384659265E-01 -1.1351627135587E-01  2.9158219194780E-02 -6.0637204334570E-02  6.7015058684397E-15 -2.6214273819704E-15  9.1465062847448E-02  3.8727582643157E-02
 3.1164959119071E-04  7.3654135762474E-01 -1.9092975337638E-01  3.1430389337337E-02 -7.5961476261296E-02  4.9176002243540E-15 -8.2715281901225E-15  9.1296617082060E-02  3.8207803123188E-02
 3.6912524778476E-04  5.0708547383909E-01 -2.0034197298187E-01  3.1706950167850E-02 -8.9369281253549E-02  6.4064903679446E-15 -2.2149127793955E-14  9.0843591477132E-02  3.7418900678615E-02
 4.3356743717456E-04  2.9395258462763E-01 -1.5662060823034E-01  3.0760855163107E-02 -9.9321603227649E-02 -2.0019957447764E-14  3.0311519978838E-14  8.9997701799930E-02  3.6337412008412E-02
 5.0573581349830E-04  1.3077103948458E-01 -1.0545863356602E-01  2.9348935244978E-02 -1.0543210626468E-01  1.3700364447702E-14  1.1181787021342E-15  8.8699957367839E-02  3.4968414615560E-02
 5.8651999966106E-04  1.4068296546908E-02 -7.1606611026464E-02  2.7617383812684E-02 -1.0808128692760E-01 -1.7719378459259E-15  6.8380325832155E-15  8.6952069547837E-02  3.3336080816778E-02
 6.7696426575348E-04 -6.0736453222670E-02 -4.8406203353685E-02  2.5503911049624E-02 -1.0783661535423E-01  1.3814766001660E-14 -1.2979372323317E-14  8.4800706123072E-02  3.1480725796876E-02
 7.7829804174626E-04 -9.4050225416431E-02 -3.1092577917167E-02  2.3201719280348E-02 -1.0550313153406E-01 -4.3408808155821E-15  2.0854765943533E-15  8.2312435540548E-02  2.9448315926564E-02
 8.9197383580066E-04 -1.0066647246051E-01 -2.2238309786688E-02  2.0880691891230E-02 -1.0202305992688E-01 -9.9245602464437E-15  7.7154225713936E-15  7.9540789608231E-02  2.7270748332209E-02
 1.0197146170006E-03 -9.8354945930232E-02 -1.8532070932705E-02  1.8507587934799E-02 -9.7985214632643E-02 -2.4541780875297E-15 -1.0442542437358E-14  7.6506318866608E-02  2.4963098927174E-02
 1.1635733778772E-03 -9.4108804771971E-02 -1.5881695696875E-02  1.6041889793025E-02 -9.3561844860997E-02  6.4084847849703E-16  5.9959073129346E-15  7.3204760360656E-02  2.2535224553440E-02
 1.3260084825766E-03 -8.9289809498803E-02 -1.3320182186243E-02  1.3489090659141E-02 -8.8773993355217E-02  5.5656025731206E-15  7.5749402964539E-15  6.9623504462751E-02  1.9998882980319E-02
 1.5099796225286E-03 -8.4093756545710E-02 -1.0697700228260E-02  1.0869636391945E-02 -8.3611578164740E-02  3.9427705488775E-15 -3.4942037111085E-15  6.5749857550738E-02  1.7371050143342E-02
 1.7190708730416E-03 -7.8511601254216E-02 -8.0455517173068E-03  8.2142060329712E-03 -7.8066740587412E-02 -1.9981851970469E-15  2.0942183155027E-15  6.1574065056819E-02  1.4675380372636E-02
 1.9576496563324E-03 -7.2543591801949E-02 -5.3942862270967E-03  5.5631509715083E-03 -7.2138200674015E-02  2.2656430893501E-15 -4.4294810333603E-15  5.7091814911180E-02  1.1944274756509E-02
 2.2310736321321E-03 -6.6201758145753E-02 -2.8039606160115E-03  2.9680940600655E-03 -6.5837168260250E-02  7.2696026911363E-15 -3.1895452019554E-15  5.2306686354639E-02  9.2200097281535E-03
 2.5459620285328E-03 -5.9511750308862E-02 -3.3264431230003E-04  4.9322504744860E-04 -5.9190178964081E-02  2.3405670192682E-15 -1.2912021336967E-14  4.7234306851990E-02  6.5568583366859E-03
 2.9105542142752E-03 -5.2524960073723E-02  1.9372855145424E-03 -1.7842500466032E-03 -5.2246850756396E-02 -2.3268085111554E-15  2.8257518824846E-15  4.1906527434032E-02  4.0213891365346E-03
 3.3351871113212E-03 -4.5319080360937E-02  3.9201015663320E-03 -3.7751910336653E-03 -4.5085389741652E-02  9.0779717848548E-15 -2.5523973859344E-15  3.6377840644758E-02  1.6929902912705E-03
 3.8329352806201E-03 -3.8011770367369E-02  5.5157582161047E-03 -5.3825145077712E-03 -3.7821599466949E-02 -1.1761551875971E-15 -3.4734843464194E-15  3.0731046683809E-02 -3.3931348682155E-04
 4.4204742716186E-03 -3.0762399446992E-02  6.6293333674276E-03 -6.5093676909006E-03 -3.0614451874557E-02 -6.5848563219192E-15  1.2481674085270E-15  2.5084321368039E-02 -1.9819550611480E-03
 5.1192500541959E-03 -2.3779343750081E-02  7.1771234491590E-03 -7.0733997040826E-03 -2.3670485722039E-02 -3.8384049044120E-16 -5.2355106384317E-15  1.9594199253493E-02 -3.1487188442467E-03
 5.9570648911230E-03 -1.7312287563571E-02  7.1138448699160E-03 -7.0278661066891E-03 -1.7238187801784E-02  7.1313995891973E-15  2.5878761344944E-15  1.4454888805966E-02 -3.7772062216472E-03
 6.9702189165200E-03 -1.1635062741013E-02  6.4551753901023E-03 -6.3883251932388E-03 -1.1589856126866E-02 -1.5331980215284E-15 -9.7263567792352E-15  9.8844629452899E-03 -3.8528586929469E-03
 8.2063622999275E-03 -7.0042177779769E-03  5.3065295775001E-03 -5.2584688719476E-03 -6.9808650997112E-03 -2.3634008716227E-16  2.2257708787604E-16  6.0966299355028E-03 -3.4325332061557E-03
 9.7281725937596E-03 -3.5963566811912E-03  3.8714712283691E-03 -3.8405397579651E-03 -3.5875972145118E-03  9.6716216493701E-16 -5.7430580899038E-16  3.2504578091192E-03 -2.6597863395151E-03
 1.1617763916603E-02 -1.4345611849772E-03  2.4270368227558E-03 -2.4098732346036E-03 -1.4334546505131E-03  3.9968514526264E-16 -2.8373749676481E-16  1.3909817537384E-03 -1.7507689288176E-03
 1.3981084412122E-02 -3.4069637777962E-04  1.2457611579830E-03 -1.2380202419632E-03 -3.4237684858370E-04  1.7765525022959E-16  3.8909155171279E-16  4.0332617458647E-04 -9.3862046196641E-04
 1.6949835931490E-02  3.1935972125097E-05  4.8717671038002E-04 -4.8462032454922E-04  3.0453086647935E-05  4.1097269567328E-16  7.6001370732778E-16  2.8916491083506E-05 -3.8379027017951E-04
 2.0674363022045E-02  6.7180292213673E-05  1.2946410918909E-04 -1.2893448933801E-04  6.6386044988691E-05 -1.3595407282781E-15 -4.7556873512011E-16 -3.7739004956242E-05 -1.0810980354403E-04
 2.5292470839605E-02  2.7624859188141E-05  1.8374734253822E-05 -1.8361382863851E-05  2.7475283588481E-05  9.0291292721169E-16 -6.0920279573532E-16 -1.9258144019110E-05 -1.7320728815296E-05
 3.0845580620274E-02  5.7773828667392E-06 -6.7155139807110E-08  5.5215684202044E-08  5.6983970676930E-06 -9.6972795365361E-16 -4.8675276270599E-16 -4.4435251540600E-06 -6.1697497303523E-07
 3.7106519559323E-02  6.1945508363890E-07 -5.2011410318744E-07  5.1351342279747E-07  6.5673037820274E-07 -8.0363264744319E-17  6.8310601287263E-16 -5.3067944110925E-07  3.2581252387041E-07
 4.3332956856526E-02  4.8822932326599E-08 -1.1252513389950E-07  1.1516859311336E-07  2.0036909615790E-08  1.3376145423991E-15  1.1305461123534E-15 -5.1734522850577E-08  7.7388937745419E-08
 4.8152016990910E-02 -3.5145058100379E-08 -3.6287708254820E-08  3.7905456129967E-08  9.4157036333435E-09 -1.2722999582366E-15  9.0367108666498E-16  2.3194275983777E-08  3.2929306215580E-08
 5.0000000000010E-02  0.0000000000000E+00  0.0000000000000E+00  0.0000000000000E+00  0.0000000000000E+00  0.0000000000000E+00  0.0000000000000E+00  0.0000000000000E+00  0.0000000000000E+00
