#  1.0000000000000E+00  0.0000000000000E+00  3.4050493387417E+02  5.1767185180389E+01
 0.0000000000000E+00  2.2364096271001E-12  6.3727190247345E-12 -1.8264003151810E-15  2.0978633002820E-15  5.5009424646247E-26  1.6066537308099E-25  1.3484638677520E-01  1.7782857029226E-02
 1.6278238803763E-06  1.1599036659229E-02 -2.4997629056400E-03 -2.1229639688937E-07 -3.2867100298297E-06 -2.8637083421414E-15  2.9745397755732E-15  1.3484623731502E-01  1.7780396348152E-02
 6.5252375130261E-06  4.6132899525515E-02 -8.8707590927051E-03 -2.5967530281868E-06 -5.3020619579332E-05 -8.1227846404405E-15  1.2232234850892E-14  1.3484602607949E-01  1.7773199170390E-02
 1.4734317007476E-05  1.0274023372078E-01 -1.6025070903955E-02 -6.6710791575143E-06 -2.6684583454667E-04 -1.8104150634395E-14  2.3367700334670E-14  1.3484648572882E-01  1.7761493687279E-02
 2.6326030583797E-05  1.7979819091811E-01 -1.9758454614301E-02  5.4438119722489E-06 -8.3669074948011E-04 -2.7060325420398E-14  3.9534381006568E-14  1.3484889839795E-01  1.7745719357956E-02
 4.1401527531683E-05  2.7482907640418E-01 -1.6041198854766E-02  8.7816312009219E-05 -2.0204014166583E-03 -3.4092484032393E-14  4.8650938164781E-14  1.3485512605969E-01  1.7726502815874E-02
 6.0093997826685E-05  3.8453673642570E-01 -2.5269340918656E-03  3.4451819848325E-04 -4.1329739622626E-03 -2.3703380170105E-14  4.4945698587348E-14  1.3486747527795E-01  1.7704638524187E-02
 8.2571160517987E-05  5.0495990842510E-01  1.9975056555036E-02  9.2770495230744E-04 -7.5342660478022E-03 -2.1763820708887E-14  4.7218220497940E-14  1.3488829464304E-01  1.7680967103035E-02
 1.0903846016960E-04  6.3128531527853E-01  4.6492253027711E-02  2.0103433670767E-03 -1.2619841490919E-02 -1.4418924367466E-14  4.9181371869827E-14  1.3491895343749E-01  1.7655966512354E-02
 1.3974307563011E-04  7.5697615413426E-01  6.7846175196643E-02  3.7260659618607E-03 -1.9802116305735E-02  9.7620278581495E-15  4.4289901714533E-14  1.3495803196825E-01  1.7628843984550E-02
 1.7497887556660E-04  8.7178833486974E-01  7.2366633369238E-02  6.0801975242221E-03 -2.9471446957172E-02 -3.2576720652159E-14  7.1579441351940E-14  1.3499796702295E-01  1.7595839507841E-02
 2.1509249222602E-04  9.5982920670065E-01  5.0197825027946E-02  8.8566543836163E-03 -4.1897542316005E-02  6.9008020586592E-14  1.1302154180604E-13  1.3501992541335E-01  1.7547814964060E-02
 2.6049073097574E-04  1.0000000000000E+00  0.0000000000000E+00  1.1581999778356E-02 -5.7057003031495E-02  7.3660816505844E-14  8.5319568714382E-14  1.3498589984851E-01  1.7467611082142E-02
 3.1164959119071E-04  9.7273599185584E-01 -6.5126418997616E-02  1.3635063013753E-02 -7.4417963258618E-02  3.6821606400343E-14  4.9644725821815E-14  1.3482947521862E-01  1.7328909789769E-02
 3.6912524778476E-04  8.7235554193501E-01 -1.1984974925852E-01  1.4532711689191E-02 -9.2833365742234E-02 -3.5143362291941E-14 -6.3580068960884E-15  1.3444745139295E-01  1.7098312130234E-02
 4.3356743717456E-04  7.1588740997675E-01 -1.4180017172696E-01  1.4242357310426E-02 -1.1073055081037E-01  2.7848552524962E-14 -2.2313323316409E-14  1.3370036826188E-01  1.6741462161973E-02
 5.0573581349830E-04  5.3435063189048E-01 -1.3000487283382E-01  1.3183225651535E-02 -1.2656356923223E-01 -1.2313382911985E-14  1.5464774275454E-14  1.3242685800196E-01  1.6229815237500E-02
 5.8651999966106E-04  3.5192539103592E-01 -1.0319599105621E-01  1.1816242357198E-02 -1.3915613740776E-01 -1.0785026373103E-15  2.3337652042107E-14  1.3047503816345E-01  1.5545041274053E-02
 6.7696426575348E-04  1.8048357464181E-01 -7.7061519153390E-02  1.0289023915093E-02 -1.4765570594342E-01  3.8322877823360E-14  9.3416650823436E-15  1.2774041562814E-01  1.4681809602631E-02
 7.7829804174626E-04  3.4749564423855E-02 -5.3209342117343E-02  8.5948452566123E-03 -1.5153367432075E-01 -1.9224271955239E-14 -1.3440159588629E-14  1.2419989706518E-01  1.3652012044573E-02
 8.9197383580066E-04 -6.6602985791290E-02 -3.1448172324143E-02  6.8530147513689E-03 -1.5093808094914E-01  7.6636220262106E-16  7.4544003922469E-15  1.1991854552788E-01  1.2483975146738E-02
 1.0197146170006E-03 -1.1856332184028E-01 -1.5440929272732E-02  5.2272476608840E-03 -1.4685461221718E-01  5.2835124938798E-16 -1.4862637504675E-14  1.1501547920083E-01  1.1212157093978E-02
 1.1635733778772E-03 -1.3439919135839E-01 -6.6559480590191E-03  3.7589090652506E-03 -1.4060182852365E-01  5.2943500012003E-15  2.9721961362104E-14  1.0960362560723E-01  9.8655977315962E-03
 1.3260084825766E-03 -1.3266168381275E-01 -2.8346825202455E-03  2.3859572038360E-03 -1.3319158774081E-01  2.7428332033600E-15  1.4912784136929E-14  1.0375068187852E-01  8.4644664972733E-03
 1.5099796225286E-03 -1.2538884838169E-01 -1.0157153489912E-03  1.0436356089378E-03 -1.2510172284342E-01  1.7711333576394E-14 -1.0773679986408E-14  9.7482299242271E-02  7.0243804928700E-03
 1.7190708730416E-03 -1.1679368899087E-01  3.5484883982503E-04 -2.8553480661434E-04 -1.1647087505213E-01 -3.8333072990047E-15 -1.4988419965200E-14  9.0807121052741E-02  5.5618718514126E-03
 1.9576496563324E-03 -1.0763153618776E-01  1.6546290792747E-03 -1.5839012226403E-03 -1.0733345597426E-01 -4.5938354763794E-15  6.5261068244850E-15  8.3737270486827E-02  4.0979149510289E-03
 2.2310736321321E-03 -9.7995811597779E-02  2.8873188968718E-03 -2.8203459534133E-03 -9.7724967428109E-02 -2.6088750269899E-14 -5.1637416085893E-16  7.6297345356656E-02  2.6590053806358E-03
 2.5459620285328E-03 -8.7944074476828E-02  4.0213537784901E-03 -3.9562271746626E-03 -8.7702058870548E-02 -2.4060985562297E-14 -6.8037536775749E-15  6.8530690521788E-02  1.2781677284884E-03
 2.9105542142752E-03 -7.7566280056043E-02  5.0071834548062E-03 -4.9464510654459E-03 -7.7353489289764E-02 -2.6371737916954E-14 -2.0192480150770E-14  6.0503897061565E-02 -5.1940170888240E-06
 3.3351871113212E-03 -6.6987809581713E-02  5.7977603226769E-03 -5.7405866895561E-03 -6.6805022103832E-02 -7.3149517104136E-15 -3.0308865870949E-14  5.2313712494120E-02 -1.1454790868865E-03
 3.8329352806201E-03 -5.6381790989774E-02  6.3375790925726E-03 -6.2858256964499E-03 -5.6228716841898E-02 -1.0417400235913E-14  3.7526389602126E-14  4.4091352253374E-02 -2.0932499795435E-03
 4.4204742716186E-03 -4.5969555273699E-02  6.5788603736583E-03 -6.5323839642819E-03 -4.5845591392865E-02 -8.5298474475990E-15 -2.2496912473315E-14  3.6007827469204E-02 -2.7987664705142E-03
 5.1192500541959E-03 -3.6023285754996E-02  6.4820108631206E-03 -6.4421052933827E-03 -3.5926943173589E-02  1.6316268670318E-14 -1.4083794983195E-14  2.8272288697366E-02 -3.2192255986339E-03
 5.9570648911230E-03 -2.6853366217440E-02  6.0339772771453E-03 -6.0006991369264E-03 -2.6782183504662E-02 -7.5586158372712E-15  2.3605436698385E-14  2.1126069442967E-02 -3.3282612840900E-03
 6.9702189165200E-03 -1.8783739435753E-02  5.2581424371954E-03 -5.2320571431591E-03 -1.8734654130712E-02 -1.0050428255631E-14  3.4588209339423E-15  1.4821374007327E-02 -3.1289157695991E-03
 8.2063622999275E-03 -1.2105574850628E-02  4.2304870660183E-03 -4.2112471888930E-03 -1.2074313372913E-02 -7.4855593313264E-16  8.9688687287439E-16  9.5879776510173E-03 -2.6653494160978E-03
 9.7281725937596E-03 -7.0121354276276E-03  3.0803924142742E-03 -3.0675096673008E-03 -6.9945379694426E-03 -6.8015817957177E-16  2.7210450771865E-16  5.5810430290166E-03 -2.0288803693644E-03
 1.1617763916603E-02 -3.5296321059526E-03  1.9752245199305E-03 -1.9675301986260E-03 -3.5208808092470E-03  9.7724477595179E-16  5.3516822661623E-16  2.8280093342448E-03 -1.3476470451987E-03
 1.3981084412122E-02 -1.4736986323822E-03  1.0751134237734E-03 -1.0711954862668E-03 -1.4703411609688E-03 -2.5787177508176E-16  6.7154294691820E-16  1.1920247250124E-03 -7.5483784555707E-04
 1.6949835931490E-02 -4.7850018290504E-04  4.7383320051348E-04 -4.7221411506189E-04 -4.7734749550424E-04  1.0583133536785E-15  5.0480688569578E-17  3.9285138895847E-04 -3.4062117979383E-04
 2.0674363022045E-02 -1.0987379845646E-04  1.5978567871446E-04 -1.5926314019768E-04 -1.0976322536647E-04 -5.2856609130982E-16  5.5109050530680E-16  9.2657303407052E-05 -1.1720481491564E-04
 2.5292470839605E-02 -1.5200398937827E-05  3.8954693518449E-05 -3.8839733116830E-05 -1.5093878443572E-05 -9.8136871714514E-16  1.6228002366417E-16  1.3668566136372E-05 -2.9075539252650E-05
 3.0845580620274E-02 -5.9914976096100E-07  6.6519237615754E-06 -6.6302557633296E-06 -6.7547141246654E-07  2.5209069842763E-15 -8.1395861111047E-16  8.0096297543349E-07 -5.0549865524814E-06
 3.7106519559323E-02  1.5700165374051E-07  8.4393938432411E-07 -8.4228048612780E-07  2.1636510672464E-07  1.3835462435294E-15 -3.4125698332683E-16 -7.3289605941481E-08 -6.4854028051151E-07
 4.3332956856526E-02  7.3019051726971E-08  9.5212388305419E-08 -9.3345130621112E-08  2.8889504718059E-08 -2.8991718996513E-16  1.1616766798263E-15 -5.1826196925360E-08 -7.7689574280019E-08
 4.8152016990910E-02 -8.0941609186097E-09  2.4408051680374E-08 -2.2975632201284E-08  5.6423200310336E-08 -2.1669610820366E-15 -1.4694858456508E-15  8.6219696484932E-09 -1.6738011977509E-08
 5.0000000000010E-02  0.0000000000000E+00  0.0000000000000E+00  0.0000000000000E+00  0.0000000000000E+00  0.0000000000000E+00  0.0000000000000E+00  0.0000000000000E+00  0.0000000000000E+00
