 1.0000000000000E+00  0.0000000000000E+00  3.2060518517324E+02 -2.6485133890897E+01
 0.0000000000000E+00 -1.5296644150244E-12  2.3248124193982E-12 -5.4588926515563E-15 -8.7367107082152E-17 -1.3239242932203E-25  1.5081085960793E-25  2.8908028793236E-01 -7.1480086714844E-03
 1.6278238803763E-06  1.2156126997825E-02 -1.4189219653574E-02 -3.9792303761752E-06 -2.8436598436152E-06 -8.6075206814084E-16  6.7275415946050E-17  2.8907738660585E-01 -7.1501215444009E-03
 6.5252375130261E-06  4.8924277608345E-02 -5.4456732204883E-02 -6.2306858805909E-05 -4.6299776587654E-05 -3.4435835894511E-15 -6.5328971650510E-15  2.8906913349440E-01 -7.1565186524694E-03
 1.4734317007476E-05  1.1081530779323E-01 -1.1418433159836E-01 -3.0364821731343E-04 -2.3795528690946E-04 -8.2087335101118E-15 -1.2988066167355E-14  2.8905687933806E-01 -7.1675426138941E-03
 2.6326030583797E-05  1.9751510496124E-01 -1.8327843043489E-01 -9.0903668725159E-04 -7.6533330677929E-04 -1.2592725986987E-14 -2.3313662309329E-14  2.8904293400364E-01 -7.1837362318561E-03
 4.1401527531683E-05  3.0659821768738E-01 -2.4965993446993E-01 -2.0660002657754E-03 -1.8984526984869E-03 -1.8259784303599E-14 -2.8573553050533E-14  2.8903063533954E-01 -7.2058339560694E-03
 6.0093997826685E-05  4.3249242168957E-01 -3.0124032160751E-01 -3.9154716032685E-03 -3.9815622851283E-03 -1.8242413268771E-14 -4.2512077588556E-14  2.8902439070023E-01 -7.2346777878649E-03
 8.2571160517987E-05  5.6629958253592E-01 -3.2825318712219E-01 -6.5016993142050E-03 -7.4035914221048E-03 -1.6065036991712E-14 -2.6804701247687E-14  2.8902966904429E-01 -7.2710497251894E-03
 1.0903846016960E-04  6.9668687718564E-01 -3.2521549963097E-01 -9.7402685452841E-03 -1.2552463693679E-02 -1.0746847056602E-14 -9.4012185458570E-15  2.8905279438339E-01 -7.3153793368624E-03
 1.3974307563011E-04  8.1194974157644E-01 -2.9213424568491E-01 -1.3414179510145E-02 -1.9755612034180E-02 -2.6246362269390E-14 -2.3070595046930E-14  2.8910052655930E-01 -7.3673450754857E-03
 1.7497887556660E-04  9.0247296588778E-01 -2.3416583676052E-01 -1.7202430149511E-02 -2.9230861502483E-02 -1.2205571517805E-15  2.1392642560352E-14  2.8917912117410E-01 -7.4253428881371E-03
 2.1509249222602E-04  9.6304426511011E-01 -1.5999487192329E-01 -2.0733552738345E-02 -4.1058371942338E-02  4.9621697255309E-15  4.0572460777309E-14  2.8929293053048E-01 -7.4859268726657E-03
 2.6049073097574E-04  9.9382808279565E-01 -7.9207063354772E-02 -2.3644492920289E-02 -5.5194895982214E-02 -5.9729751725474E-14  7.3871751382440E-14  2.8944197274507E-01 -7.5431829581446E-03
 3.1164959119071E-04  1.0000000000000E+00  0.0000000000000E+00 -2.5627931486457E-02 -7.1523487417037E-02 -3.7995419492563E-14  8.6402221634353E-15  2.8961869070615E-01 -7.5882389525418E-03
 3.6912524778476E-04  9.8970511656796E-01  7.1916041088093E-02 -2.6453789477380E-02 -8.9929176154589E-02 -5.6716153851190E-15 -7.0126635386397E-14  2.8980277715469E-01 -7.6088016987301E-03
 4.3356743717456E-04  9.7126541632817E-01  1.3264335132632E-01 -2.5980413116658E-02 -1.1036852124055E-01 -4.1738029494703E-14  4.7239914909243E-15  2.8995448179089E-01 -7.5890705953698E-03
 5.0573581349830E-04  9.4965019815961E-01  1.7853369808556E-01 -2.4173792501747E-02 -1.3289194129834E-01  1.3912365344773E-14  7.5714054071902E-14  2.9000425528970E-01 -7.5098354861601E-03
 5.8651999966106E-04  9.2349144686424E-01  2.0569457572751E-01 -2.1152086525159E-02 -1.5757475154325E-01  9.3683381074661E-15 -3.4712284117439E-14  2.8983973056020E-01 -7.3492424891759E-03
 6.7696426575348E-04  8.8407873242124E-01  2.1204029232844E-01 -1.7212490868612E-02 -1.8432185848733E-01 -9.3831074606704E-15  8.7732203347515E-14  2.8928733879339E-01 -7.0837074440481E-03
 7.7829804174626E-04  8.1925122479106E-01  2.0063061595563E-01 -1.2764452747388E-02 -2.1261188911912E-01  1.9731850382110E-14 -2.5274233056754E-14  2.8809325783833E-01 -6.6892717520262E-03
 8.9197383580066E-04  7.2061167259990E-01  1.7881952941361E-01 -8.1618917952477E-03 -2.4131654239651E-01  2.3177704900457E-14 -2.9517791624355E-14  2.8590527997738E-01 -6.1427765520902E-03
 1.0197146170006E-03  5.8775020280290E-01  1.5255756450183E-01 -3.5935165191083E-03 -2.6872658499359E-01  1.3913696904025E-14 -2.5764992798262E-14  2.8227191642111E-01 -5.4241677522877E-03
 1.1635733778772E-03  4.2568538449409E-01  1.2270222853192E-01  8.2296764271474E-04 -2.9264403788273E-01  4.3088552194187E-15 -2.0677291170769E-14  2.7667040444606E-01 -4.5204709368541E-03
 1.3260084825766E-03  2.4422900413229E-01  8.9360873841258E-02  4.9011925112492E-03 -3.1050008974970E-01  3.8021933131979E-15  1.1713491702515E-14  2.6858928586826E-01 -3.4319406930976E-03
 1.5099796225286E-03  6.1646691916239E-02  5.5216987880627E-02  8.4057302149029E-03 -3.1970120676232E-01  3.1456911713819E-14  2.4811715909009E-14  2.5766241545845E-01 -2.1778790891673E-03
 1.7190708730416E-03 -9.5543026799600E-02  2.5001624186813E-02  1.1158155591596E-02 -3.1844888230926E-01  4.9375278717643E-15 -1.0010818689725E-15  2.4382278962331E-01 -7.9932442642608E-04
 1.9576496563324E-03 -2.0260858289165E-01  3.0216542728503E-03  1.3129975586991E-02 -3.0666227875649E-01  2.8858510693541E-14 -4.6142042373382E-15  2.2737284673954E-01  6.4440454923789E-04
 2.2310736321321E-03 -2.5067662202142E-01 -9.2966826658012E-03  1.4455268898686E-02 -2.8630754647091E-01  9.0395596323061E-15 -1.4123319982882E-14  2.0888649026696E-01  2.0854066480067E-03
 2.5459620285328E-03 -2.5253982475833E-01 -1.4303897314407E-02  1.5335873298715E-02 -2.6050873323786E-01 -1.3667804951504E-15  2.9541443436048E-15  1.8897760240409E-01  3.4573303161873E-03
 2.9105542142752E-03 -2.3101483945102E-01 -1.5792805850345E-02  1.5898413890765E-02 -2.3200462717385E-01 -1.5596373040123E-14  3.4010922321873E-14  1.6812301445161E-01  4.6991028967945E-03
 3.3351871113212E-03 -2.0229298085419E-01 -1.6147666090292E-02  1.6152150598151E-02 -2.0234795136529E-01  2.1639503713365E-14  2.3302365028350E-14  1.4667207365693E-01  5.7508330222410E-03
 3.8329352806201E-03 -1.7230691881618E-01 -1.6042731545471E-02  1.6042441862855E-02 -1.7230753453607E-01  2.9213592904722E-14  4.5262592337343E-15  1.2496259590710E-01  6.5505102521821E-03
 4.4204742716186E-03 -1.4249961775181E-01 -1.5507181608799E-02  1.5507427387661E-02 -1.4249983500594E-01 -2.7811862862402E-14 -3.5656806009700E-14  1.0341095200906E-01  7.0357974789980E-03
 5.1192500541959E-03 -1.1365008967779E-01 -1.4500751410523E-02  1.4500559722896E-02 -1.1364997651993E-01  1.4222165109865E-14  2.5330534676690E-14  8.2536954094550E-02  7.1523314167784E-03
 5.9570648911230E-03 -8.6611446230630E-02 -1.3009698833814E-02  1.3009850131159E-02 -8.6611479754670E-02 -9.8135758930013E-15 -2.1970621697218E-14  6.2958147321024E-02  6.8661207825370E-03
 6.9702189165200E-03 -6.2315569198268E-02 -1.1077622719966E-02  1.1077501133387E-02 -6.2315598196413E-02 -1.8373389732375E-14  1.2214458576419E-14  4.5347357667225E-02  6.1807712728723E-03
 8.2063622999275E-03 -4.1659201439890E-02 -8.8212456335500E-03  8.8213454635789E-03 -4.1659123599212E-02 -1.7399448950870E-15  2.3447691010072E-15  3.0357219905848E-02  5.1548370232547E-03
 9.7281725937596E-03 -2.5336119875301E-02 -6.4416997060384E-03  6.4416158662456E-03 -2.5336235231560E-02  2.1576736514690E-15 -3.9948871738509E-15  1.8493887983572E-02  3.9130244934545E-03
 1.1617763916603E-02 -1.3631134005328E-02 -4.2018976887304E-03  4.2019694797701E-03 -1.3630991141984E-02  2.7820298288694E-15  5.3876400656732E-16  9.9715625948231E-03  2.6371806916423E-03
 1.3981084412122E-02 -6.2537112604676E-03 -2.3654770551690E-03  2.3654149730227E-03 -6.2538719432360E-03 -2.4303878481936E-15  2.2581608308503E-15  4.5875077932052E-03  1.5261317569416E-03
 1.6949835931490E-02 -2.3351599050775E-03 -1.0999758581965E-03  1.1000290862804E-03 -2.3349917643306E-03  1.7339703039237E-15 -2.9482274234625E-15  1.7193737450578E-03  7.2643947261794E-04
 2.0674363022045E-02 -6.7112238194132E-04 -4.0133060694725E-04  4.0128644811551E-04 -6.7128646571430E-04 -4.6515601472160E-16  2.5397663159341E-15  4.9661178884837E-04  2.7032836969904E-04
 2.5292470839605E-02 -1.4049980985642E-04 -1.0925095315063E-04  1.0928573136376E-04 -1.4035093675437E-04  4.1690914698819E-15 -3.8973639369779E-17  1.0472068236903E-04  7.4827574759139E-05
 3.0845580620274E-02 -2.0651329252931E-05 -2.1681902392927E-05  2.1655746341334E-05 -2.0777398477624E-05 -8.1934353633661E-16 -4.1514245273095E-16  1.5546268451082E-05  1.5059373109973E-05
 3.7106519559323E-02 -2.3196201885828E-06 -3.3458077804620E-06  3.3647436780151E-06 -2.2160150365030E-06  2.3012830884322E-15  1.0779712258462E-15  1.7799068829993E-06  2.3507825978767E-06
 4.3332956856526E-02 -1.8716142135812E-07 -4.7589795526026E-07  4.6110532531239E-07 -2.6171367668606E-07 -1.9401358341199E-16  2.7318743722483E-16  1.4462492163991E-07  3.3746379628907E-07
 4.8152016990910E-02 -9.8214810737330E-08 -1.4577468949959E-07  1.6120347576178E-07  1.2952280425124E-08  3.7349096628408E-16 -1.9840940932289E-15  7.8976353325473E-08  1.0310342982013E-07
 5.0000000000010E-02  0.0000000000000E+00  0.0000000000000E+00  0.0000000000000E+00  0.0000000000000E+00  0.0000000000000E+00  0.0000000000000E+00  0.0000000000000E+00  0.0000000000000E+00
