#  1.0000000000000E+00  0.0000000000000E+00  3.2508693935078E+02 -6.9297006730968E+00
 0.0000000000000E+00 -7.0791943124368E-13  4.4073999302330E-12 -3.7092919880814E-15  1.2910123798568E-15  5.4901986477912E-25 -2.1764662115923E-25  2.0739210851313E-01 -2.4278739879389E-02
 1.6278238803763E-06  9.0600769599211E-03 -1.0171864868109E-02 -2.7255832782109E-06 -2.2642691310209E-06  9.2758036610703E-16  1.5176555764004E-15  2.0739007641269E-01 -2.4280516899152E-02
 6.5252375130261E-06  3.6517318886431E-02 -3.9014758518162E-02 -4.3031918091932E-05 -3.7748416272742E-05  4.4306087821039E-15  5.8722183959830E-15  2.0738439082064E-01 -2.4285721450115E-02
 1.4734317007476E-05  8.2928966116482E-02 -8.1721463907347E-02 -2.0901545864741E-04 -1.9350971181116E-04  9.1863429791309E-15  1.3665758758030E-14  2.0737603152402E-01 -2.4294631226805E-02
 2.6326030583797E-05  1.4841177659418E-01 -1.3097585380592E-01 -6.2296950166129E-04 -6.2105638196967E-04  1.6670595582315E-14  2.0595112908144E-14  2.0736670867247E-01 -2.4307592542262E-02
 4.1401527531683E-05  2.3177296838919E-01 -1.7804526353636E-01 -1.4073064248767E-03 -1.5374397376017E-03  2.5233654506010E-14  3.0786952112431E-14  2.0735886765514E-01 -2.4325051642368E-02
 6.0093997826685E-05  3.2985815428969E-01 -2.1420991050875E-01 -2.6467718505930E-03 -3.2218759663613E-03  3.6544319264756E-14  2.9984076624630E-14  2.0735564760933E-01 -2.4347455199763E-02
 8.2571160517987E-05  4.3751655798625E-01 -2.3243456610756E-01 -4.3529313859607E-03 -5.9976198728939E-03  2.6079413571291E-14  1.9349524755818E-14  2.0736074114515E-01 -2.4375071912849E-02
 1.0903846016960E-04  5.4826459130930E-01 -2.2879820100211E-01 -6.4436625288078E-03 -1.0208621183519E-02  1.2913460114487E-14  9.9229191438497E-15  2.0737794350400E-01 -2.4407696453886E-02
 1.3974307563011E-04  6.5559232212112E-01 -2.0349526310683E-01 -8.7434083862363E-03 -1.6188443124932E-02 -3.0902797533631E-14  2.6956390782740E-14  2.0741036640337E-01 -2.4444287964407E-02
 1.7497887556660E-04  7.5422402281011E-01 -1.6095130002486E-01 -1.1011040837024E-02 -2.4241253274062E-02 -6.0189516801157E-14  3.5779261867951E-14  2.0745886973286E-01 -2.4482529634165E-02
 2.1509249222602E-04  8.4080998352542E-01 -1.0923664535733E-01 -1.2992494648240E-02 -3.4629791224337E-02  5.7046566714565E-14 -7.9094236007688E-14  2.0751973047341E-01 -2.4518469965824E-02
 2.6049073097574E-04  9.1315882047892E-01 -5.8664176800320E-02 -1.4492295039113E-02 -4.7576382155839E-02  8.1918224103535E-14 -6.8658513823373E-14  2.0758069722723E-01 -2.4546203080359E-02
 3.1164959119071E-04  9.6828846487344E-01 -1.9718687577513E-02 -1.5449424304904E-02 -6.3244403400639E-02  2.1361596031203E-14 -1.9626079244874E-14  2.0761560190118E-01 -2.4557783656327E-02
 3.6912524778476E-04  1.0000000000000E+00  0.0000000000000E+00 -1.5990011428980E-02 -8.1678561311504E-02 -5.4336367700123E-14  8.8137480606125E-14  2.0757617293905E-01 -2.4543068998500E-02
 4.3356743717456E-04  9.9863274683218E-01 -5.7659035790506E-04 -1.6412256522625E-02 -1.0268104268698E-01  8.4141618294951E-15 -4.0619988194375E-14  2.0738216136213E-01 -2.4489495703450E-02
 5.0573581349830E-04  9.5463076847318E-01 -1.3982484977059E-02 -1.7063087504806E-02 -1.2567013291128E-01  3.8909577508077E-14 -5.6226253320098E-14  2.0690907447499E-01 -2.4381103274338E-02
 5.8651999966106E-04  8.6500114654686E-01 -2.7421209944903E-02 -1.8134360257000E-02 -1.4962621332638E-01 -5.1154555254978E-14 -2.0555105824178E-14  2.0597860986044E-01 -2.4197205007641E-02
 6.7696426575348E-04  7.3583211246059E-01 -3.1658761944624E-02 -1.9533322114531E-02 -1.7318921173288E-01  1.9377068964540E-15 -2.5312773400080E-14  2.0435476904415E-01 -2.3911129119343E-02
 7.7829804174626E-04  5.7734694225865E-01 -2.6959808577976E-02 -2.0975905774086E-02 -1.9481612223545E-01 -3.8867860326977E-14  1.3899982518910E-14  2.0175730599900E-01 -2.3491371142250E-02
 8.9197383580066E-04  3.9880775833162E-01 -1.8796193863786E-02 -2.2206472376451E-02 -2.1281668464314E-01  1.3571249246582E-14  1.9254213696476E-14  1.9789700272938E-01 -2.2905947569060E-02
 1.0197146170006E-03  2.1325741220929E-01 -9.8636164144195E-03 -2.3069092162881E-02 -2.2542930616127E-01  8.7913146418988E-15 -3.7214658018577E-16  1.9254036390520E-01 -2.2130281600533E-02
 1.1635733778772E-03  4.2633648961365E-02 -4.5710260345005E-04 -2.3430288080212E-02 -2.3121808326507E-01 -1.6189199775257E-15 -3.9386156826233E-14  1.8558393375621E-01 -2.1155678739188E-02
 1.3260084825766E-03 -8.8258215174026E-02  8.4339396361366E-03 -2.3177032818255E-02 -2.2972816689436E-01 -2.1501666736318E-14 -3.8746877054381E-15  1.7710273688463E-01 -1.9994818267372E-02
 1.5099796225286E-03 -1.6527543550246E-01  1.5054239625952E-02 -2.2286630176445E-02 -2.2183915290479E-01  1.0701188086155E-14 -4.8747659709257E-15  1.6732166160337E-01 -1.8678542087056E-02
 1.7190708730416E-03 -1.9340924982340E-01  1.8293584417605E-02 -2.0866070496198E-02 -2.0942284862619E-01  8.8203538886607E-15  1.5441996855484E-14  1.5651427141197E-01 -1.7244002237622E-02
 1.9576496563324E-03 -1.9155168849111E-01  1.8516474612837E-02 -1.9101948010668E-02 -1.9440039252948E-01  3.0921060755219E-15 -3.3001947929515E-14  1.4489840752020E-01 -1.5722169276253E-02
 2.2310736321321E-03 -1.7772407966463E-01  1.7090561828993E-02 -1.7163543076190E-02 -1.7799359904304E-01 -1.4057757593443E-14 -1.0118760593582E-14  1.3260712828387E-01 -1.4134395324811E-02
 2.5459620285328E-03 -1.6070450968272E-01  1.5141855692366E-02 -1.5145282614335E-02 -1.6071580021563E-01 -1.4044848449245E-15  4.9926235413223E-14  1.1973236028892E-01 -1.2497927306287E-02
 2.9105542142752E-03 -1.4278682094111E-01  1.3091549153889E-02 -1.3091955462319E-02 -1.4278662363308E-01 -1.1347607755472E-14  5.4726551636609E-15  1.0637754668044E-01 -1.0832297002243E-02
 3.3351871113212E-03 -1.2440857723480E-01  1.1038087809122E-02 -1.1037821866502E-02 -1.2440882559695E-01 -3.8117437221736E-15 -2.9226075068424E-15  9.2688863763634E-02 -9.1629088047599E-03
 3.8329352806201E-03 -1.0585438868717E-01  9.0235576556534E-03 -9.0237630531622E-03 -1.0585421301534E-01  3.4317906477778E-14 -3.0063087929531E-14  7.8867588984608E-02 -7.5219793621253E-03
 4.4204742716186E-03 -8.7478925622682E-02  7.0988337413651E-03 -7.0986756284985E-03 -8.7479038559890E-02 -8.0393553939455E-15  1.1169672395494E-14  6.5179895721654E-02 -5.9488348985015E-03
 5.1192500541959E-03 -6.9729218793217E-02  5.3184796044619E-03 -5.3186016073390E-03 -6.9729159737242E-02  1.0736403347615E-14 -9.9235417106408E-15  5.1956957529961E-02 -4.4884209378779E-03
 5.9570648911230E-03 -5.3126735990350E-02  3.7422219138610E-03 -3.7421270971611E-03 -5.3126749416226E-02  1.2010992432724E-14 -3.5872642101608E-15  3.9588599829957E-02 -3.1885135612500E-03
 6.9702189165200E-03 -3.8236407222915E-02  2.4235749952754E-03 -2.4236495958303E-03 -3.8236431735552E-02 -1.0401717942521E-14  1.2692947116616E-14  2.8494572592811E-02 -2.0937360120872E-03
 8.2063622999275E-03 -2.5596118912762E-02  1.4024458252701E-03 -1.4023861170346E-03 -2.5596063575246E-02  2.2970855139991E-15  4.0361003100441E-15  1.9076544405856E-02 -1.2375279965652E-03
 9.7281725937596E-03 -1.5615104345769E-02  6.9043276151423E-04 -6.9048155838243E-04 -1.5615183897315E-02  1.6121458727617E-15  1.8403409373901E-17  1.1638931734520E-02 -6.3185099925311E-04
 1.1617763916603E-02 -8.4524773464940E-03  2.6293937998429E-04 -2.6289863344927E-04 -8.4523799029567E-03 -5.9688808461516E-16 -8.1630171271365E-16  6.3010651714079E-03 -2.5938282385224E-04
 1.3981084412122E-02 -3.9217088967138E-03  5.7701837611125E-05 -5.7736437626981E-05 -3.9218178127785E-03  2.7237959076701E-16  1.6313741988468E-15  2.9239524856207E-03 -7.2415211516067E-05
 1.6949835931490E-02 -1.4941781898484E-03 -8.7308385498381E-06  8.7603417243624E-06 -1.4940648199071E-03  5.6054801389723E-16 -2.0612968787405E-15  1.1142900438305E-03 -4.6777293355068E-06
 2.0674363022045E-02 -4.4490689172081E-04 -1.4107686041361E-05  1.4082910744760E-05 -4.4501692631753E-04 -1.2377545260869E-16  9.2495698041936E-16  3.3185920495520E-04  7.1836625513205E-06
 2.5292470839605E-02 -9.9065818342035E-05 -6.3023275536846E-06  6.3224501453564E-06 -9.8966519437847E-05  1.6196516081868E-15 -2.3254820896566E-15  7.3929102585700E-05  3.9597308757630E-06
 3.0845580620274E-02 -1.6177175320987E-05 -1.6701484773825E-06  1.6544012788681E-06 -1.6260872077355E-05 -3.2588180962857E-16  1.1316206432531E-15  1.2069879395979E-05  1.1227614930353E-06
 3.7106519559323E-02 -2.1534044876563E-06 -3.0498244047547E-07  3.1710915659087E-07 -2.0848991714599E-06  1.5508347957487E-15 -6.4599284141583E-16  1.6122150598298E-06  2.1229044274628E-07
 4.3332956856526E-02 -2.3819226216491E-07 -5.4220370027545E-08  4.5302603870624E-08 -2.8761196399756E-07 -1.3251747432294E-15  1.1726327396781E-16  1.7496258379546E-07  3.7938954960701E-08
 4.8152016990910E-02 -1.1378588475238E-07 -1.2117820870543E-08  2.3395508615279E-08 -4.0829814579644E-08 -2.1510391398421E-16  1.1671868657522E-15  8.7446308158108E-08  8.6872043023309E-09
 5.0000000000010E-02  0.0000000000000E+00  0.0000000000000E+00  0.0000000000000E+00  0.0000000000000E+00  0.0000000000000E+00  0.0000000000000E+00  0.0000000000000E+00  0.0000000000000E+00
