#  1.0000000000000E+00  0.0000000000000E+00  3.4442200229655E+02  9.0577477464800E+01
 0.0000000000000E+00 -1.7940554401250E-12  3.6700999425999E-12  1.5633884515547E-16  1.6011427525734E-15  1.2659803974685E-25  6.3856170111964E-25  1.0832363799847E-01  2.8885506765210E-02
 1.6278238803763E-06  1.3342728455793E-02  2.8852528777430E-04  1.0395725257697E-06 -3.6711609110299E-06  7.2168395383976E-16  1.0745660695269E-15  1.0832443361695E-01  2.8882739290173E-02
 6.5252375130261E-06  5.2956021119864E-02  2.0209655546087E-03  1.7567358891330E-05 -5.9293010726708E-05  6.2643571950366E-16 -7.4553060411049E-16  1.0832693840259E-01  2.8874715300349E-02
 1.4734317007476E-05  1.1759380711042E-01  7.4436599341818E-03  9.3789264730602E-05 -2.9749939985929E-04  4.6433515593397E-15  3.0955887067229E-15  1.0833167656522E-01  2.8861796037821E-02
 2.6326030583797E-05  2.0518734674373E-01  1.9185110966586E-02  3.1547825822163E-04 -9.2971365293234E-04  1.0358080897603E-14  2.5400919178659E-15  1.0833946563450E-01  2.8844651981551E-02
 4.1401527531683E-05  3.1291394424374E-01  3.8783803894137E-02  8.1902509045837E-04 -2.2384409961698E-03  7.5743596937033E-15  4.5877313814059E-15  1.0835131334264E-01  2.8824135910373E-02
 6.0093997826685E-05  4.3717247913273E-01  6.5038843105360E-02  1.7898980473114E-03 -4.5706304216418E-03  2.2106507870963E-14  2.4534356084080E-15  1.0836802884482E-01  2.8801006822683E-02
 8.2571160517987E-05  5.7320737400906E-01  9.2603393742510E-02  3.4360246714377E-03 -8.3291992672174E-03  1.8845071190004E-14 -4.0392012883154E-15  1.0838943601417E-01  2.8775298258217E-02
 1.0903846016960E-04  7.1372089711769E-01  1.1147828148530E-01  5.9269457709150E-03 -1.3963852090133E-02  2.7043649757543E-14 -7.6885081464394E-15  1.0841276527502E-01  2.8745036508743E-02
 1.3974307563011E-04  8.4639717395929E-01  1.0847546622824E-01  9.2924960063874E-03 -2.1931764934920E-02  3.0745199197254E-14  7.9134270553102E-15  1.0843002636905E-01  2.8704160239489E-02
 1.7497887556660E-04  9.5104432786666E-01  7.1912698580278E-02  1.3302649116717E-02 -3.2597770856786E-02  5.9355362145459E-14  4.6035082342616E-14  1.0842361906991E-01  2.8639507142097E-02
 2.1509249222602E-04  1.0000000000000E+00  0.0000000000000E+00  1.7392347469341E-02 -4.6026784742727E-02  2.0723376372750E-14  3.5880675722525E-14  1.0836046651789E-01  2.8527645495743E-02
 2.6049073097574E-04  9.6637546605260E-01 -9.0700605813525E-02  2.0746886985912E-02 -6.1703578710833E-02  5.9873559281495E-14  1.4866758696426E-14  1.0818496565439E-01  2.8332795701498E-02
 3.1164959119071E-04  8.4167771428313E-01 -1.6611567942985E-01  2.2637060961837E-02 -7.8348277915101E-02  3.6109064554753E-15  7.1048090616393E-15  1.0781481349504E-01  2.8008559198177E-02
 3.6912524778476E-04  6.5042991170817E-01 -1.9399692594067E-01  2.2867904503027E-02 -9.4116139201153E-02 -4.9276758609779E-14 -2.2272407239560E-14  1.0714429047941E-01  2.7504549875413E-02
 4.3356743717456E-04  4.4102168230608E-01 -1.7131432697470E-01  2.1915890963040E-02 -1.0725765012426E-01  2.0561789676375E-14 -2.8934823668302E-14  1.0606183445132E-01  2.6777548495736E-02
 5.0573581349830E-04  2.5266963140129E-01 -1.2673494752339E-01  2.0451514928782E-02 -1.1674280727031E-01 -1.1510862138824E-14  5.6165135227830E-14  1.0447849086988E-01  2.5802410514084E-02
 5.8651999966106E-04  9.8467236566413E-02 -8.7438299239673E-02  1.8759884991212E-02 -1.2227888130721E-01  3.3646166901705E-14 -1.5195725746773E-14  1.0235701098439E-01  2.4579504204010E-02
 6.7696426575348E-04 -1.6162609746762E-02 -5.7329902817017E-02  1.6829283473536E-02 -1.2399790591240E-01  2.5599174136458E-15 -3.5415682251598E-15  9.9721508901138E-02  2.3134398078546E-02
 7.7829804174626E-04 -8.3408438189488E-02 -3.3544962024969E-02  1.4772613426114E-02 -1.2250768020854E-01 -9.6290346563166E-16 -4.4413622519831E-15  9.6639329229144E-02  2.1508072076924E-02
 8.9197383580066E-04 -1.0917823601707E-01 -1.8646988633030E-02  1.2766632193732E-02 -1.1888003340684E-01 -6.6737238771343E-15  1.1851971785313E-14  9.3182007579837E-02  1.9740912194055E-02
 1.0197146170006E-03 -1.1261728577425E-01 -1.1969435310868E-02  1.0821915807021E-02 -1.1412289399241E-01 -1.2724585528400E-14 -2.0512506991023E-15  8.9394137145640E-02  1.7861869354648E-02
 1.1635733778772E-03 -1.0864290187170E-01 -8.9879411816394E-03  8.8669652321650E-03 -1.0876400229459E-01  6.4516860841300E-15 -3.2760378469228E-15  8.5288533044221E-02  1.5888996358367E-02
 1.3260084825766E-03 -1.0295635799228E-01 -6.8755702675469E-03  6.8688393937993E-03 -1.0296105787925E-01 -2.3876376408597E-16  7.1907815760709E-15  8.0860402798373E-02  1.3836341878192E-02
 1.5099796225286E-03 -9.6733393709854E-02 -4.8347887868955E-03  4.8358762042799E-03 -9.6733381708427E-02 -6.4021401763289E-15 -1.0613589042516E-14  7.6101627203927E-02  1.1720398478701E-02
 1.7190708730416E-03 -9.0081270314485E-02 -2.7954111337555E-03  2.7944059471544E-03 -9.0081225871653E-02 -7.8026069611417E-15 -4.1872874914837E-15  7.1007614410887E-02  9.5629809289204E-03
 1.9576496563324E-03 -8.3011055208242E-02 -7.7962800853354E-04  7.8043706604182E-04 -8.3011157491553E-02 -3.0392951164571E-15  8.1774228350889E-15  6.5581192689227E-02  7.3932591338843E-03
 2.2310736321321E-03 -7.5545202622740E-02  1.1601952115574E-03 -1.1608299255784E-03 -7.5545084015090E-02 -1.4389548113137E-15  1.1127468667620E-14  5.9835366790739E-02  5.2486318626002E-03
 2.5459620285328E-03 -6.7723045958277E-02  2.9745375579417E-03 -2.9740481486596E-03 -6.7723156184794E-02  4.4996221892173E-15  7.4626086510127E-15  5.3797986411025E-02  3.1762975957516E-03
 2.9105542142752E-03 -5.9612220542737E-02  4.5934834068061E-03 -4.5938555681552E-03 -5.9612131414544E-02 -1.0049170593701E-14  1.2791532176573E-14  4.7515898858800E-02  1.2332261753089E-03
 3.3351871113212E-03 -5.1310400795734E-02  5.9465117923180E-03 -5.9462326604381E-03 -5.1310463649115E-02 -1.3736988553423E-14 -1.0595759613798E-14  4.1061523052828E-02 -5.1383241980183E-04
 3.8329352806201E-03 -4.2957159917659E-02  6.9523470763281E-03 -6.9525531798052E-03 -4.2957124076832E-02  4.3330780092269E-15  5.1999978006879E-15  3.4537736856499E-02 -1.9915454069088E-03
 4.4204742716186E-03 -3.4735535928613E-02  7.5373417077830E-03 -7.5371925633454E-03 -3.4735546397135E-02 -4.0773209043806E-16  3.4816120497685E-15  2.8084026563847E-02 -3.1249395604819E-03
 5.1192500541959E-03 -2.6876163115148E-02  7.6401089583113E-03 -7.6402139444399E-03 -2.6876175234174E-02  2.4072848927884E-15  1.8683776506784E-15  2.1877132823403E-02 -3.8480091052503E-03
 5.9570648911230E-03 -1.9647366550959E-02  7.2355740172316E-03 -7.2355030630610E-03 -1.9647335041923E-02  1.1942597846909E-14 -1.3867834993889E-15  1.6127716170655E-02 -4.1179915880232E-03
 6.9702189165200E-03 -1.3333702670282E-02  6.3526980803813E-03 -6.3527430332676E-03 -1.3333750347408E-02  7.6741743717179E-16 -1.0259262639568E-15  1.1062753970116E-02 -3.9353319879821E-03
 8.2063622999275E-03 -8.1923809595407E-03  5.0974088589659E-03 -5.0973835076217E-03 -8.1923201934198E-03 -1.6324164597964E-15  9.6005771563300E-17  6.8946150361972E-03 -3.3622317850717E-03
 9.7281725937596E-03 -4.3896523677569E-03  3.6557818945187E-03 -3.6557928368742E-03 -4.3897233069010E-03  7.6575747949910E-16  5.6910167721510E-16  3.7697124448913E-03 -2.5326844838377E-03
 1.1617763916603E-02 -1.9315392532671E-03  2.2690765448970E-03 -2.2690756416759E-03 -1.9314610282297E-03  3.1192878559301E-16  8.8363617351400E-16  1.7126871657223E-03 -1.6366846360984E-03
 1.3981084412122E-02 -6.2267582171952E-04  1.1642563442443E-03 -1.1642511159605E-03 -6.2275821624130E-04  5.4409630751733E-16  9.1481581448601E-16  5.8743554993999E-04 -8.6987504951003E-04
 1.6949835931490E-02 -1.0472110750975E-04  4.6323624870697E-04 -4.6324389552648E-04 -1.0463831769786E-04  1.8832858801325E-16 -2.1602434183096E-16  1.2063316117700E-04 -3.5776663235005E-04
 2.0674363022045E-02  1.5162993175544E-05  1.3080283797453E-04 -1.3079599081584E-04  1.5084516219520E-05  4.5124813585727E-16 -3.9043790756601E-16 -1.3183511276310E-06 -1.0468279215775E-04
 2.5292470839605E-02  1.3611247389727E-05  2.3107157597653E-05 -2.3111384509227E-05  1.3680638454304E-05  2.8003044704108E-16 -8.5993578701067E-17 -8.8742642672550E-06 -1.9379542530540E-05
 3.0845580620274E-02  3.4392186080998E-06  2.0193624009343E-06 -2.0177634348121E-06  3.3817657392917E-06  2.2465130371661E-16 -1.0197573374110E-17 -2.5570910211060E-06 -1.8806995170736E-06
 3.7106519559323E-02  4.3602841104720E-07 -1.5439001203719E-08  1.5945702349684E-08  4.8183799126543E-07  3.2592641116376E-16  5.5124469275205E-18 -3.4452454038065E-07 -2.1271496153433E-08
 4.3332956856526E-02  6.0822434313293E-08 -2.8246618186337E-08  2.9018292382474E-08  2.6865983497565E-08  4.0114071251608E-16  3.1708317548746E-17 -5.1545689003775E-08  1.5829222805119E-08
 4.8152016990910E-02 -1.6978910804860E-08 -9.7299588140830E-09  1.3446016252709E-08  2.9788652530401E-08 -1.5406581488068E-16  1.4485626347656E-16  1.3562651263444E-08  1.0306500739090E-08
 5.0000000000010E-02  0.0000000000000E+00  0.0000000000000E+00  0.0000000000000E+00  0.0000000000000E+00  0.0000000000000E+00  0.0000000000000E+00  0.0000000000000E+00  0.0000000000000E+00
