#  1.0000000000000E+00  0.0000000000000E+00  3.5843711933070E+00  5.0950828679571E+01
 0.0000000000000E+00  3.3064261452441E-13 -6.3325510219949E-14 -2.6825748023251E-15  4.2887414293541E-15  7.0882933914644E-26  3.4394447184468E-26 -1.3278871687846E-01  5.0533839973506E-02
 1.6278238803763E-06  2.5725716196410E-02 -1.4458453060956E-02 -2.6514538817154E-02  6.3148229376284E-02  5.8731886356795E-16  5.8952488629871E-16 -1.0885812274208E-01 -6.4811229361571E-03
 6.5252375130261E-06  1.0292179516208E-01 -5.7415975390482E-02  1.7139182301308E-05 -1.2329558305847E-05  7.8828051120114E-16  3.9379149885532E-15 -1.0886902063450E-01 -6.4897249954951E-03
 1.4734317007476E-05  2.2717771126721E-01 -1.1890076683296E-01 -2.6430295438655E-02  6.3090459851337E-02  2.9330968644226E-15  8.2706191684515E-15 -1.0890172700952E-01 -6.5031637783761E-03
 2.6326030583797E-05  3.8393174536259E-01 -1.7057457701921E-01  2.6099247451571E-04 -1.5866558071042E-04  4.5149772326295E-15  1.4281369378193E-14 -1.0891865674712E-01 -6.5270778137522E-03
 4.1401527531683E-05  5.6899652202199E-01 -2.2096663729370E-01 -2.5893893094725E-02  6.2802056681229E-02  8.4029697052908E-15  2.2224940268251E-14 -1.0896479195329E-01 -6.5513833674442E-03
 6.0093997826685E-05  7.3994308630104E-01 -2.0629757092810E-01  1.2339841624298E-03 -5.9635228237632E-04  1.0416771601235E-14  2.1102503032962E-14 -1.0893840238535E-01 -6.5983004949166E-03
 8.2571160517987E-05  9.0037295619556E-01 -1.9046777380078E-01 -2.4346922620632E-02  6.2239589599684E-02  5.6904401927608E-15  1.6040352585533E-14 -1.0893138301719E-01 -6.6344159983378E-03
 1.0903846016960E-04  9.7581952125353E-01 -7.1884775607155E-02  3.4289957829224E-03 -1.1765663310140E-03 -1.0604864372539E-14 -8.1683046339648E-15 -1.0875364257228E-01 -6.6890014126585E-03
 1.3974307563011E-04  1.0000000000000E+00  0.0000000000000E+00 -2.1528543178467E-02  6.1788029332638E-02 -4.5704063761764E-14 -5.0748448400905E-15 -1.0859753852284E-01 -6.6852506999838E-03
 1.7497887556660E-04  8.8560239495639E-01  1.6626013337131E-01  6.7010112673686E-03 -1.3317521366178E-03  2.9943632564138E-14 -7.6467986807522E-15 -1.0820358728030E-01 -6.6539862208619E-03
 2.1509249222602E-04  7.2803000647056E-01  2.0506010132603E-01 -1.8130168456869E-02  6.2076425932158E-02 -3.6908312115538E-15 -8.9806362720443E-15 -1.0795974653337E-01 -6.4865600342482E-03
 2.6049073097574E-04  4.6799430011292E-01  2.8813019510138E-01  9.8122299471303E-03 -6.0921717544444E-04  7.1811329204923E-16 -3.4661085621505E-14 -1.0754038782528E-01 -6.2755008135368E-03
 3.1164959119071E-04  2.5006648301467E-01  2.1991747298700E-01 -1.5741953672098E-02  6.3150309063640E-02  1.7009308818621E-15  2.3789403275215E-15 -1.0754634553412E-01 -5.9358606273956E-03
 3.6912524778476E-04  6.0229491035735E-02  1.5454547100632E-01  1.1253279202597E-02  4.8333326462889E-04 -3.5262642068508E-16  4.1903061433324E-14 -1.0741947395002E-01 -5.6821959179350E-03
 4.3356743717456E-04 -2.4625144355720E-02  4.6204149264786E-02 -1.5221305298897E-02  6.3957448485819E-02  1.3913635691899E-14 -6.3282841396663E-15 -1.0785341369538E-01 -5.4275708352347E-03
 5.0573581349830E-04 -2.7816937436323E-02 -3.4790808987649E-02  1.1191791059150E-02  7.7963136798744E-04 -1.3693771011149E-15 -2.9382950409320E-14 -1.0792897796761E-01 -5.3549984469581E-03
 5.8651999966106E-04 -4.8212332019288E-04 -5.7554838729255E-02 -1.5405398941542E-02  6.3712580940472E-02  5.4601621945669E-15  2.1815219709851E-14 -1.0852046297189E-01 -5.2900004540498E-03
 6.7696426575348E-04  2.4644553234000E-02 -5.5991916395645E-02  1.1164849373400E-02  2.5788085500424E-04 -1.6893569984259E-14 -1.4558520757608E-14 -1.0851437719535E-01 -5.2946395177585E-03
 7.7829804174626E-04  2.3006143284829E-02 -3.8474425220220E-02 -1.5242660170710E-02  6.3127976990207E-02  9.8078910873144E-15 -2.2757682788682E-15 -1.0918143884286E-01 -5.2176222647350E-03
 8.9197383580066E-04  2.0608066828251E-02 -4.1546642367200E-02  1.1389365731134E-02 -2.8436416342463E-04 -9.4576325813558E-15  7.8150424617200E-15 -1.0913696500107E-01 -5.1695750620519E-03
 1.0197146170006E-03  1.5252062569334E-02 -3.8585619781461E-02 -1.5034873791705E-02  6.2547885181213E-02  1.2232430752080E-14  5.6786258764742E-15 -1.0999918281926E-01 -5.0676224062307E-03
 1.1635733778772E-03  2.1308827885260E-02 -4.4479941221018E-02  1.1599549694560E-02 -9.3748237082455E-04 -2.9687309824399E-17 -1.5105292607252E-15 -1.0993371553901E-01 -5.0053402213296E-03
 1.3260084825766E-03  1.5031036753887E-02 -3.9774040183147E-02 -1.4791709873674E-02  6.1781827905968E-02 -2.9220691121320E-15 -7.0121414420145E-15 -1.1101589260381E-01 -4.8955767703345E-03
 1.5099796225286E-03  2.2135491121669E-02 -4.3195466582825E-02  1.1870683271961E-02 -1.7803406470341E-03 -6.9432139694203E-15 -3.5805520160626E-16 -1.1091634210712E-01 -4.8066475244360E-03
 1.7190708730416E-03  1.4678800489134E-02 -4.1749263656041E-02 -1.4474929032830E-02  6.0805187181528E-02 -6.9183253560944E-15  1.0328958800528E-14 -1.1227287044667E-01 -4.6815501662886E-03
 1.9576496563324E-03  2.1727791400700E-02 -4.2164747026539E-02  1.2213350098242E-02 -2.8740110930719E-03  8.9959803249840E-15  9.3938494017099E-15 -1.1213605671184E-01 -4.5632376629446E-03
 2.2310736321321E-03  1.5446955549379E-02 -4.3312202726532E-02 -1.4068107457105E-02  5.9538652277461E-02  6.8746679660588E-15 -1.7468509430094E-14 -1.1383522367889E-01 -4.4166268834990E-03
 2.5459620285328E-03  2.0668226159372E-02 -4.1965025932091E-02  1.2659550227721E-02 -4.3146920439778E-03  6.0063462099801E-18  5.7868255669408E-15 -1.1364977347791E-01 -4.2642301280382E-03
 2.9105542142752E-03  1.6376826869284E-02 -4.4214522005290E-02 -1.3541199965142E-02  5.7862853001093E-02  1.6977230035073E-14  1.5010433382832E-14 -1.1577907616945E-01 -4.0911470847114E-03
 3.3351871113212E-03  1.9675177157114E-02 -4.2453182184474E-02  1.3249556207489E-02 -6.2446087442129E-03 -2.4525115493501E-14 -2.3944111517398E-16 -1.1552296339091E-01 -3.8966134230506E-03
 3.8329352806201E-03  1.7027630610360E-02 -4.4822304965174E-02 -1.2846185887147E-02  5.5596126798164E-02  1.1922394843847E-14 -3.1491607495945E-15 -1.1818136576218E-01 -3.6967519993303E-03
 4.4204742716186E-03  1.8892340868857E-02 -4.3243522996401E-02  1.4040562241338E-02 -8.8856958428366E-03 -5.4903628824938E-15  1.6935550797999E-15 -1.1780874159588E-01 -3.4502196183988E-03
 5.1192500541959E-03  1.7350625063596E-02 -4.5402682298457E-02 -1.1912017623016E-02  5.2459112886208E-02  2.9873800414295E-15 -7.7467412467884E-16 -1.2107998800678E-01 -3.2327765218891E-03
 5.9570648911230E-03  1.8214125235561E-02 -4.4072931435151E-02  1.5117012248946E-02 -1.2586767270674E-02 -1.7272843589024E-15  3.0970965172477E-16 -1.2048091965239E-01 -2.9279763068051E-03
 6.9702189165200E-03  1.7353194177839E-02 -4.5954516518602E-02 -1.0637012843735E-02  4.8018615244530E-02  1.0412217097184E-15 -2.2740671991735E-16 -1.2434352567909E-01 -2.7251865032521E-03
 8.2063622999275E-03  1.7470287220010E-02 -4.4668996993678E-02  1.6599333566950E-02 -1.7888115105910E-02 -6.4517224296131E-16  2.3545737221157E-16 -1.2323390202672E-01 -2.3727480234771E-03
 9.7281725937596E-03  1.6950344666136E-02 -4.6131674563870E-02 -8.8866050112124E-03  4.1628215048660E-02  3.2539625186058E-16 -1.9133290996313E-16 -1.2728183029444E-01 -2.2704646219860E-03
 1.1617763916603E-02  1.6415975377976E-02 -4.4452157503221E-02  1.8637169888160E-02 -2.5561684622523E-02 -1.0435801988738E-16  2.9417809832425E-16 -1.2491621720280E-01 -1.9275548039396E-03
 1.3981084412122E-02  1.5869411211241E-02 -4.4914499064825E-02 -6.5303940726610E-03  3.2481995395529E-02  2.4000747978968E-17 -3.6587567394627E-16 -1.2756416696301E-01 -2.1114503364986E-03
 1.6949835931490E-02  1.4640716554107E-02 -4.2045643143235E-02  2.1329529234432E-02 -3.6384660027953E-02 -1.1939261831792E-16  2.2772837919042E-16 -1.2212108792786E-01 -1.9148576970520E-03
 2.0674363022045E-02  1.3524128092941E-02 -3.9955518461635E-02 -3.6250710358657E-03  2.0270330382537E-02  2.9433238592430E-16 -2.2765140394038E-16 -1.1875470937526E-01 -2.6199000809783E-03
 2.5292470839605E-02  1.1543689230046E-02 -3.4910742525627E-02  2.4418517285374E-02 -4.9830350508312E-02 -2.9192820907863E-16  1.5085202843626E-16 -1.0709329853616E-01 -2.6568358325310E-03
 3.0845580620274E-02  9.1200285413356E-03 -2.7775443324933E-02 -8.9803797400472E-04  7.4498802643199E-03  2.3563552901472E-16  1.7155333422745E-17 -8.8391702816387E-02 -3.4981751986298E-03
 3.7106519559323E-02  6.9958793143192E-03 -2.1817304415100E-02  2.6751564925499E-02 -6.1153440210255E-02 -1.4302751566873E-16 -1.3652858231901E-16 -7.2272312255697E-02 -3.2853715456049E-03
 4.3332956856526E-02  3.1773268838737E-03 -9.6832288675167E-03  1.8510181237143E-04  5.6404925252161E-04 -2.6530322196753E-18  1.8533842738990E-16 -3.3405832308317E-02 -2.2836317637641E-03
 4.8152016990910E-02  3.1497528657619E-03 -1.0170919261787E-02  2.7153278278682E-02 -6.4316814638768E-02  3.3219008940080E-17 -1.3741397363518E-16 -3.6003797175514E-02 -2.1559994519135E-03
 5.0000000000010E-02  0.0000000000000E+00  0.0000000000000E+00  0.0000000000000E+00  0.0000000000000E+00  0.0000000000000E+00  0.0000000000000E+00  0.0000000000000E+00  0.0000000000000E+00
