    1  2.244891E+003
    2  1.103833E+003
    3  9.445279E+002
    4  9.445277E+002
    5  5.101579E+002
    6  2.813616E+002
    7  2.646763E+002
    8  2.285202E+002
    9  1.884151E+002
   10  1.526447E+002
   11  1.497079E+002
   12  1.497078E+002
   13  1.428908E+002
   14  1.294847E+002
   15  1.153572E+002
   16  1.009692E+002
   17  9.559119E+001
   18  8.818022E+001
   19  8.132153E+001
   20  7.329195E+001
   21  7.013034E+001
   22  6.511277E+001
   23  6.132156E+001
   24  5.817922E+001
   25  5.817905E+001
   26  5.595395E+001
   27  5.404917E+001
   28  5.023225E+001
   29  4.802319E+001
   30  4.402350E+001
   31  4.287942E+001
   32  3.978270E+001
   33  3.847047E+001
   34  3.529992E+001
   35  3.462037E+001
   36  3.203200E+001
   37  3.124469E+001
   38  3.012714E+001
   39  3.012714E+001
   40  2.865223E+001
   41  2.825067E+001
   42  2.606443E+001
   43  2.558633E+001
   44  2.343697E+001
   45  2.319884E+001
   46  2.134759E+001
   47  2.105310E+001
   48  1.925893E+001
   49  1.911622E+001
   50  1.814919E+001
   51  1.814897E+001
   52  1.754799E+001
   53  1.736377E+001
   54  1.586020E+001
   55  1.577335E+001
   56  1.444507E+001
   57  1.432851E+001
   58  1.306508E+001
   59  1.301123E+001
   60  1.192983E+001
   61  1.192630E+001
   62  1.188363E+001
   63  1.181065E+001
   64  1.074818E+001
   65  1.071379E+001
   66  9.761055E+000
   67  9.713090E+000
   68  8.817981E+000
   69  8.794911E+000
   70  8.312769E+000
   71  8.312316E+000
   72  7.989066E+000
   73  7.957811E+000
   74  7.204475E+000
   75  7.188100E+000
   76  6.508361E+000
   77  6.487679E+000
   78  6.030355E+000
   79  6.029557E+000
   80  5.854700E+000
   81  5.841880E+000
   82  5.270091E+000
   83  5.255995E+000
   84  4.726932E+000
   85  4.715384E+000
   86  4.507132E+000
   87  4.506603E+000
   88  4.236781E+000
   89  4.226175E+000
   90  3.785212E+000
   91  3.775232E+000
   92  3.445700E+000
   93  3.443244E+000
   94  3.375772E+000
   95  3.368279E+000
   96  3.003581E+000
   97  2.994299E+000
   98  2.681100E+000
   99  2.676978E+000
  100  2.663110E+000
  101  2.657481E+000
  102  2.358219E+000
  103  2.350035E+000
  104  2.113439E+000
  105  2.109403E+000
  106  2.078610E+000
  107  2.073948E+000
  108  1.830679E+000
  109  1.823412E+000
  110  1.682662E+000
  111  1.680552E+000
  112  1.604811E+000
  113  1.599585E+000
  114  1.404071E+000
  115  1.398799E+000
  116  1.352579E+000
  117  1.350912E+000
  118  1.223975E+000
  119  1.220440E+000
  120  1.098878E+000
  121  1.094272E+000
  122  1.068851E+000
  123  1.065217E+000
  124  1.035418E+000
  125  1.034169E+000
  126  9.999927E-001
  127  9.999908E-001
  128  9.260502E-001
  129  9.216980E-001
  130  8.943057E-001
  131  8.925425E-001
  132  8.045985E-001
  133  8.014858E-001
  134  7.392025E-001
  135  7.332478E-001
  136  7.006534E-001
  137  6.972656E-001
  138  6.284266E-001
  139  6.087045E-001
  140  6.083199E-001
  141  6.046191E-001
  142  5.549364E-001
  143  5.357657E-001
  144  5.166469E-001
  145  5.125198E-001
  146  4.993894E-001
  147  4.825832E-001
  148  4.641739E-001
  149  4.459379E-001
  150  4.425150E-001
  151  4.411302E-001
  152  4.347537E-001
  153  4.109965E-001
  154  4.028301E-001
  155  3.815885E-001
  156  3.799569E-001
  157  3.785993E-001
  158  3.725376E-001
  159  3.530082E-001
  160  3.493259E-001
  161  3.339154E-001
  162  3.317343E-001
  163  3.240664E-001
  164  3.237742E-001
  165  3.220668E-001
  166  3.145208E-001
  167  2.950761E-001
  168  2.754848E-001
  169  2.753421E-001
  170  2.708959E-001
  171  2.467035E-001
  172  2.381396E-001
  173  2.365380E-001
  174  2.242235E-001
  175  2.089592E-001
  176  2.067935E-001
  177  2.048434E-001
  178  1.909792E-001
  179  1.887417E-001
  180  1.854486E-001
  181  1.777341E-001
  182  1.756041E-001
  183  1.712159E-001
  184  1.678600E-001
  185  1.626223E-001
  186  1.608489E-001
  187  1.577741E-001
  188  1.566850E-001
  189  1.551444E-001
  190  1.545458E-001
  191  1.537466E-001
  192  1.534172E-001
  193  1.529936E-001
  194  1.527850E-001
  195  1.525727E-001
  196  1.524106E-001
  197  1.523265E-001
  198  1.521997E-001
  199  1.521768E-001
  200  1.520841E-001
  201  1.520429E-001
  202  1.520269E-001
  203  1.519928E-001
  204  1.519785E-001
  205  1.519692E-001
  206  1.519589E-001
  207  1.519530E-001
  208  1.519504E-001
  209  1.519495E-001
  210  1.519475E-001
  211  1.519437E-001
  212  1.519372E-001
  213  1.519344E-001
  214  1.519343E-001
  215  1.519254E-001
  216  1.519228E-001
  217  1.519075E-001
  218  1.519031E-001
  219  1.518813E-001
  220  1.518768E-001
  221  1.518605E-001
  222  1.518277E-001
  223  1.518175E-001
  224  1.517868E-001
  225  1.517037E-001
  226  1.516676E-001
  227  1.516030E-001
  228  1.515444E-001
  229  1.512686E-001
  230  1.507035E-001
  231  1.503860E-001
  232  1.499547E-001
  233  1.494740E-001
  234  1.492908E-001
  235  1.473629E-001
  236  1.465618E-001
  237  1.448189E-001
  238  1.425922E-001
  239  1.383115E-001
  240  1.371730E-001
  241  1.361319E-001
  242  1.334312E-001
  243  1.240564E-001
  244  1.193533E-001
  245  1.088201E-001
  246  1.053543E-001
  247  9.685411E-002
  248  9.072627E-002
  249  8.248070E-002
  250  7.037992E-002
  251  6.743132E-002
  252  5.907620E-002
  253  4.887291E-002
  254  2.824450E-002
  255  2.012300E-002
  256  2.371869E-015
