 0.0000000000000E+000  1.0011116373351E+000  2.9078641146052E-001  6.8315732597071E-015  2.0974197414222E-001  1.4553395963141E+000  4.4520756548248E-003  4.6842365508938E-003  2.2944499359711E-001  2.7415935956448E-003
 5.2254497940172E-001  1.0034406332404E+000  2.8964299875606E-001  2.2048881139353E-015  2.0663131115824E-001  1.4624641364801E+000  5.2153897753142E-003  5.2529505211511E-003  2.3102659307426E-001 -5.6892708791433E-003
 1.0901799176069E+000  1.0068899409344E+000  2.9212820463701E-001  1.6447849028492E-015  2.0365808689302E-001  1.4722524299808E+000  6.1004347865414E-003  5.8419266964298E-003  2.3107252552219E-001 -5.9555551021003E-003
 1.7029048146155E+000  1.0106971267912E+000  2.9266972134738E-001  1.4645353890134E-015  2.0124327542506E-001  1.4827642157771E+000  6.2351156089330E-003  5.9618679828045E-003  2.3098774375093E-001 -6.0630712445917E-003
 2.3607196704275E+000  1.0149048995399E+000  2.9424143660417E-001  1.3106779019248E-015  1.9963262479347E-001  1.4947647058995E+000  6.3551329670210E-003  6.0105421585711E-003  2.3062039184377E-001 -6.1858934473672E-003
 3.0636244850430E+000  1.0194785401551E+000  2.9530439585317E-001  1.1751145498371E-015  1.9929912352877E-001  1.5071889881063E+000  6.3712801592272E-003  6.0124466429470E-003  2.3055123715882E-001 -6.1141894746184E-003
 3.8116192584619E+000  1.0243279887681E+000  2.9690107694971E-001  1.0713606640748E-015  2.0033155918339E-001  1.5211022120472E+000  6.3413912855998E-003  5.9717347028560E-003  2.3037923188443E-001 -6.1922500140390E-003
 4.6047039906842E+000  1.0294900275790E+000  2.9817652245873E-001  9.8854590595578E-016  2.0335178199199E-001  1.5351458783796E+000  6.3783871381220E-003  5.9987053391426E-003  2.3029935621788E-001 -6.0747617147576E-003
 5.4428786817100E+000  1.0350449798059E+000  2.9992149214553E-001  9.1059234923698E-016  2.0810144224816E-001  1.5512122415356E+000  6.3200502280699E-003  5.9710145249163E-003  2.3017399778701E-001 -6.1736470097478E-003
 6.3261433315392E+000  1.0407429303120E+000  3.0138820295388E-001  8.5608158778790E-016  2.1519344112894E-001  1.5669752849710E+000  6.3768471105411E-003  6.0182820616119E-003  2.3006797053705E-001 -6.0513987346116E-003
 7.2544979401719E+000  1.0470852471926E+000  3.0329427094317E-001  8.4950225253050E-016  2.2382577957690E-001  1.5854750267853E+000  6.3387528964566E-003  6.0426379961078E-003  2.2991347400615E-001 -6.1725420322947E-003
 8.2279425076080E+000  1.0533476074227E+000  3.0499698858607E-001  8.4265514664789E-016  2.3450319157888E-001  1.6033446689968E+000  6.3826486511131E-003  6.0855325811031E-003  2.2979748769901E-001 -6.0576848535343E-003
 9.2464770338475E+000  1.0605043701784E+000  3.0704967493497E-001  8.3553327824484E-016  2.4594336214554E-001  1.6244541096898E+000  6.3804444655294E-003  6.1716842064740E-003  2.2958318798580E-001 -6.1785149638438E-003
 1.0310101518890E+001  1.0674125445023E+000  3.0904691937910E-001  8.2815109247348E-016  2.5848059442159E-001  1.6450323965535E+000  6.3858463274295E-003  6.2002737952146E-003  2.2946768080818E-001 -6.0823743170426E-003
 1.1418815962737E+001  1.0753413523056E+000  3.1124674201709E-001  8.2052418437724E-016  2.7061409679937E-001  1.6688651869159E+000  6.4077583433999E-003  6.3278907201205E-003  2.2919127323143E-001 -6.1765673477379E-003
 1.2572620365387E+001  1.0829784934216E+000  3.1358992065263E-001  8.1286992083435E-016  2.8244965358091E-001  1.6927840759661E+000  6.3857945421939E-003  6.3579069459771E-003  2.2907616106831E-001 -6.1106932065815E-003
 1.3771514726840E+001  1.0916391281849E+000  3.1596256675231E-001  8.0520533602839E-016  2.9261294429446E-001  1.7195803910968E+000  6.4081242964700E-003  6.4820924282433E-003  2.2875242797856E-001 -6.1581856484381E-003
 1.5015499047097E+001  1.1000463144411E+000  3.1864866819304E-001  7.9724945948970E-016  3.0088757824382E-001  1.7472377485698E+000  6.3886433364073E-003  6.5408174874547E-003  2.2862918715532E-001 -6.1317037344971E-003
 1.6304573326157E+001  1.1094657131231E+000  3.2126396006416E-001  7.8905855866578E-016  3.0640901809914E-001  1.7775350963163E+000  6.3950400668830E-003  6.6215003335237E-003  2.2828106713078E-001 -6.1219266390975E-003
 1.7638737564020E+001  1.1186389406752E+000  3.2424496624117E-001  7.8055853445693E-016  3.0857668555732E-001  1.8089918858821E+000  6.3882563435015E-003  6.7080320250358E-003  2.2813394680392E-001 -6.1401936930279E-003
 1.9017991760687E+001  1.1288810219141E+000  3.2718780509258E-001  7.7187764534345E-016  3.0743275861316E-001  1.8434519705371E+000  6.3992064879903E-003  6.7516628916036E-003  2.2779298571489E-001 -6.0731514775434E-003
 2.0440208506159E+001  1.1388589906904E+000  3.3040559610890E-001  7.6290997588924E-016  3.0213852788829E-001  1.8787201379371E+000  6.3649158347216E-003  6.8060726553726E-003  2.2770369877605E-001 -6.1300323710199E-003
 2.1873246660619E+001  1.1495830879431E+000  3.3362442345113E-001  7.5402705718917E-016  2.9415897924101E-001  1.9164874244537E+000  6.4274395409196E-003  6.8638172356456E-003  2.2761964300499E-001 -6.0454215189246E-003
 2.3306284815079E+001  1.1600360725560E+000  3.3690877291784E-001  7.4513462876225E-016  2.8328276123723E-001  1.9541232776279E+000  6.3380210405584E-003  6.8242600752301E-003  2.2762838061190E-001 -6.1284083815542E-003
 2.4739322969539E+001  1.1706554354719E+000  3.4020813177046E-001  7.3643018045677E-016  2.7181307885812E-001  1.9929282330894E+000  6.4367110562100E-003  6.8970956226339E-003  2.2763121541065E-001 -6.0502819325009E-003
 2.6172361123998E+001  1.1816324470252E+000  3.4357686968736E-001  7.2775719676215E-016  2.6037291799903E-001  2.0329141033328E+000  6.3429790130329E-003  6.7995155298263E-003  2.2759049713241E-001 -6.1096173206500E-003
 2.7605399278458E+001  1.1921368774955E+000  3.4688415764717E-001  7.1925163084811E-016  2.5129040089943E-001  2.0721628100861E+000  6.4039928636560E-003  6.8233646383731E-003  2.2763371242867E-001 -6.0635984087942E-003
 2.9038437432918E+001  1.2035133233372E+000  3.5031290305933E-001  7.1077695756738E-016  2.4597672199143E-001  2.1139617110601E+000  6.3784709816620E-003  6.7443101635216E-003  2.2757199600827E-001 -6.0768587152956E-003
 3.0471475587378E+001  1.2141385266890E+000  3.5363027053622E-001  7.0245569779618E-016  2.4564427072593E-001  2.1538873335049E+000  6.3479739296465E-003  6.6644076745544E-003  2.2762148349282E-001 -6.0749079001078E-003
 3.1904513741838E+001  1.2256030897759E+000  3.5704593609463E-001  6.9419346968391E-016  2.5105498403152E-001  2.1962432267304E+000  6.4111909216406E-003  6.6403747223723E-003  2.2757490595603E-001 -6.0443225665271E-003
 3.3337551896297E+001  1.2366589373963E+000  3.6041489425894E-001  6.8606318303350E-016  2.6130805892319E-001  2.2374843480008E+000  6.3120754002279E-003  6.4773590766447E-003  2.2759992422316E-001 -6.0711966257180E-003
 3.4770590050757E+001  1.2479753502889E+000  3.6374399870156E-001  6.7802502179808E-016  2.7564561985136E-001  2.2793192547219E+000  6.4052431281887E-003  6.4701079164832E-003  2.2759062420287E-001 -6.0232730964051E-003
 3.6203628205217E+001  1.2595691635260E+000  3.6716584495146E-001  6.7009323969986E-016  2.9204032865173E-001  2.3220189337119E+000  6.3227208838615E-003  6.3096767854236E-003  2.2758369736428E-001 -6.0483041933157E-003
 3.7636666359677E+001  1.2708005076003E+000  3.7041797516822E-001  6.6228771277064E-016  3.0908116102271E-001  2.3633021058812E+000  6.3632005801903E-003  6.2534835423269E-003  2.2760639954527E-001 -6.0140829010227E-003
 3.9069704514136E+001  1.2827452841264E+000  3.7383408889652E-001  6.5456262553207E-016  3.2512140244139E-001  2.4067336767983E+000  6.3654272817091E-003  6.1704962556138E-003  2.2758569869365E-001 -6.0152743514730E-003
 4.0502742668596E+001  1.2942026564360E+000  3.7708711247248E-001  6.4699492744233E-016  3.3894716120610E-001  2.4484288205891E+000  6.3258449599289E-003  6.0491667378576E-003  2.2761616714294E-001 -6.0076949801844E-003
 4.1935780823056E+001  1.3062096369188E+000  3.8042542374551E-001  6.3948502271697E-016  3.4963733439925E-001  2.4916323265826E+000  6.3990634515845E-003  6.0445709723656E-003  2.2760722098597E-001 -5.9874176929624E-003
 4.3368818977516E+001  1.3181588078500E+000  3.8375088309541E-001  6.3215703102374E-016  3.5652125661356E-001  2.5347599023730E+000  6.3280665309095E-003  5.9168019337866E-003  2.2762500330099E-001 -5.9958330737098E-003
 4.4801857131976E+001  1.3301167161959E+000  3.8700481051737E-001  6.2487065216848E-016  3.5930037384652E-001  2.5776012730729E+000  6.3930465722057E-003  5.9299707380528E-003  2.2763834611120E-001 -5.9745384171261E-003
 4.6234895286435E+001  1.3425304823349E+000  3.9040538014288E-001  6.1778132370482E-016  3.5795725109183E-001  2.6223764290610E+000  6.3639783063762E-003  5.8769937639042E-003  2.2764265882981E-001 -5.9800240328110E-003
 4.7667933440895E+001  1.3546039988905E+000  3.9365813293702E-001  6.1072616805712E-016  3.5280972362311E-001  2.6659434317943E+000  6.3601539758943E-003  5.8575103947423E-003  2.2766759231139E-001 -5.9752370402471E-003
 4.9100971595355E+001  1.3672231341403E+000  3.9708246702861E-001  6.0387218057846E-016  3.4446571132016E-001  2.7118885284051E+000  6.3997858105552E-003  5.9070320394724E-003  2.2767265521492E-001 -5.9706115484795E-003
 5.0534009749815E+001  1.3796819809111E+000  4.0044886492425E-001  5.9705476055089E-016  3.3399200760159E-001  2.7577680022307E+000  6.3424983270807E-003  5.8700624839440E-003  2.2769108677955E-001 -5.9818889273831E-003
 5.1967047904275E+001  1.3923031093511E+000  4.0387398285780E-001  5.9043128806615E-016  3.2251977274406E-001  2.8046821654687E+000  6.4059724499473E-003  5.9734592848357E-003  2.2770769158936E-001 -5.9770297700511E-003
 5.3400086058734E+001  1.4052446741777E+000  4.0741588540744E-001  5.8385639548003E-016  3.1186356263927E-001  2.8538025080057E+000  6.3630513749204E-003  5.9822304636100E-003  2.2771263007215E-001 -5.9902741355058E-003
 5.4833124213194E+001  1.4179305435432E+000  4.1088785148199E-001  5.7745790886233E-016  3.0342703878048E-001  2.9025420728269E+000  6.3837103382302E-003  6.0662051686565E-003  2.2773554857946E-001 -5.9990895297380E-003
 5.6266162367654E+001  1.4311874163546E+000  4.1457476357708E-001  5.7112813819865E-016  2.9908139665563E-001  2.9547309021438E+000  6.4038010509826E-003  6.1617450907227E-003  2.2773571208280E-001 -6.0036670675073E-003
 5.7699200522114E+001  1.4441982460700E+000  4.1820090393021E-001  5.6494913529341E-016  2.9974552443216E-001  3.0069033551840E+000  6.3641396813531E-003  6.1995521034276E-003  2.2774927662734E-001 -6.0276011225941E-003
 5.9132238676573E+001  1.4575297511776E+000  4.2197830447302E-001  5.5886452679847E-016  3.0581712707571E-001  3.0615865616074E+000  6.4273015305831E-003  6.3517590218066E-003  2.2775667055524E-001 -6.0275911381959E-003
 6.0565276831033E+001  1.4710476007836E+000  4.2583853950959E-001  5.5290011380945E-016  3.1696421893319E-001  3.1183734321460E+000  6.3742608802325E-003  6.3811438222458E-003  2.2775158681123E-001 -6.0530874300235E-003
 6.1998314985493E+001  1.4844044935207E+000  4.2970324682622E-001  5.4712347061336E-016  3.3170655006551E-001  3.1756494591406E+000  6.4179819889223E-003  6.5119218568881E-003  2.2776647080436E-001 -6.0613818126300E-003
 6.3431353139953E+001  1.4983523695860E+000  4.3378215525897E-001  5.4150737394846E-016  3.4886060669548E-001  3.2369119472149E+000  6.4140290343308E-003  6.5842631358764E-003  2.2774972907732E-001 -6.0734108817304E-003
 6.4864391294413E+001  1.5119488499616E+000  4.3779503346309E-001  5.3603419400396E-016  3.6635396739961E-001  3.2978169936423E+000  6.3983340906343E-003  6.6384296650187E-003  2.2775926374664E-001 -6.0958830231387E-003
 6.6297429448872E+001  1.5260786595864E+000  4.4201232588074E-001  5.3062171648974E-016  3.8301990577423E-001  3.3624021019258E+000  6.4538267078030E-003  6.7548806118120E-003  2.2774694666104E-001 -6.0929063266612E-003
 6.7730467603332E+001  1.5401769708397E+000  4.4624623634014E-001  5.2537390509142E-016  3.9736137648593E-001  3.4280092251608E+000  6.4003449753173E-003  6.7462230041010E-003  2.2773871240695E-001 -6.1200563466290E-003
 6.9163505757792E+001  1.5543314766559E+000  4.5054067891598E-001  5.2016243285664E-016  4.0845836736970E-001  3.4949645208040E+000  6.4633668565179E-003  6.8482418691150E-003  2.2773958228994E-001 -6.1148136348536E-003
 7.0596543912252E+001  1.5689701883566E+000  4.5499295463772E-001  5.1512975116831E-016  4.1578720565201E-001  3.5652046430330E+000  6.4333926267041E-003  6.8357658998185E-003  2.2771538139069E-001 -6.1299231271343E-003
 7.2029582066711E+001  1.5832610812605E+000  4.5936968812355E-001  5.1011761053813E-016  4.1876501883410E-001  3.6346622638280E+000  6.4458341580035E-003  6.8593720934733E-003  2.2772244235779E-001 -6.1355678403616E-003
 7.3462620221171E+001  1.5982197534584E+000  4.6395307742758E-001  5.0528852941937E-016  4.1777240903043E-001  3.7081158111934E+000  6.4747452335121E-003  6.8812916735939E-003  2.2769774529941E-001 -6.1308675232449E-003
 7.4895658375631E+001  1.6129194272947E+000  4.6846381161946E-001  5.0047449502554E-016  4.1280737730050E-001  3.7809274609679E+000  6.4303662744077E-003  6.8184868029390E-003  2.2769624734933E-001 -6.1471082252857E-003
 7.6328696530091E+001  1.6279457301743E+000  4.7307397966261E-001  4.9583692554277E-016  4.0490605658412E-001  3.8558918750145E+000  6.4921258553835E-003  6.8528891516784E-003  2.2768577244175E-001 -6.1312340301463E-003
 7.7761734684551E+001  1.6432104964608E+000  4.7773976485388E-001  4.9121962202351E-016  3.9491900601447E-001  3.9323938594507E+000  6.4412250319984E-003  6.7579560977293E-003  2.2766897416183E-001 -6.1446723959044E-003
 7.9194772839010E+001  1.6582811089278E+000  4.8234084551761E-001  4.8676169092397E-016  3.8428031943832E-001  4.0082235159157E+000  6.4763828984805E-003  6.7488234164335E-003  2.2767313959716E-001 -6.1338720413775E-003
 8.0627810993470E+001  1.6739911913396E+000  4.8710114516183E-001  4.8233897361199E-016  3.7464521432085E-001  4.0874531317696E+000  6.4729000638707E-003  6.6850682655739E-003  2.2764952854271E-001 -6.1317438619424E-003
 8.2060849147930E+001  1.6893367014367E+000  4.9172508787478E-001  4.7804975525091E-016  3.6749739870010E-001  4.1648540314301E+000  6.4501062444217E-003  6.6042515463724E-003  2.2765534976826E-001 -6.1339753017748E-003
 8.3493887302390E+001  1.7052211086910E+000  4.9647362728075E-001  4.7381815897310E-016  3.6451390876963E-001  4.2451202523962E+000  6.4971498758174E-003  6.5864631630561E-003  2.2764029567820E-001 -6.1169246657078E-003
 8.4926925456849E+001  1.7210901818794E+000  5.0117222870187E-001  4.6981346577681E-016  3.6647921638710E-001  4.3251268997177E+000  6.4437546112105E-003  6.4669084137641E-003  2.2763535097881E-001 -6.1249154591001E-003
 8.6359963611309E+001  1.7370067054713E+000  5.0584784700246E-001  4.6589315573342E-016  3.7371509018318E-001  4.4054497049016E+000  6.4923778762724E-003  6.4563297235371E-003  2.2763618907533E-001 -6.1059619286399E-003
 8.7793001765769E+001  1.7534117954316E+000  5.1061670307382E-001  4.6204015631999E-016  3.8575210219371E-001  4.4881667222696E+000  6.4638255360888E-003  6.3635993725944E-003  2.2762121688528E-001 -6.1057320658417E-003
 8.9226039920229E+001  1.7694900919293E+000  5.1524853540529E-001  4.5829204097608E-016  4.0134813749685E-001  4.5691651135879E+000  6.4642483916955E-003  6.3168736363038E-003  2.2763104634974E-001 -6.0970694760965E-003
 9.0659078074689E+001  1.7861951899815E+000  5.2002329412769E-001  4.5457862816776E-016  4.1907857821406E-001  4.6536129183722E+000  6.4863242843675E-003  6.2894404484324E-003  2.2761872504414E-001 -6.0826949821373E-003
 9.2092116229148E+001  1.8026959970188E+000  5.2469498793429E-001  4.5099399000290E-016  4.3724325641310E-001  4.7369373179088E+000  6.4382582255697E-003  6.2088241384545E-003  2.2762473008710E-001 -6.0842219535858E-003
 9.3525154383608E+001  1.8194595088405E+000  5.2941923740571E-001  4.4741674828603E-016  4.5434572250736E-001  4.8222001742731E+000  6.4824179210396E-003  6.2275304501324E-003  2.2762655955877E-001 -6.0638292030567E-003
 9.4958192538068E+001  1.8364999252360E+000  5.3418791404198E-001  4.4398531960519E-016  4.6916209585678E-001  4.9090761448377E+000  6.4332988140542E-003  6.1611230127730E-003  2.2762364712013E-001 -6.0649314981204E-003
 9.6391230692528E+001  1.8533214919106E+000  5.3888184463978E-001  4.4054254788830E-016  4.8057577140485E-001  4.9955715492105E+000  6.4482284698291E-003  6.1762819257045E-003  2.2763863322099E-001 -6.0524167999606E-003
 9.7824268846987E+001  1.8707513725855E+000  5.4373970212419E-001  4.3725301858405E-016  4.8810347388423E-001  5.0859363157093E+000  6.4429823084097E-003  6.1701108325353E-003  2.2763417341469E-001 -6.0445044640603E-003
 9.9257307001447E+001  1.8878669344580E+000  5.4850176644010E-001  4.3394415370396E-016  4.9128689670945E-001  5.1754510310875E+000  6.4083183513907E-003  6.1555813134339E-003  2.2765048796399E-001 -6.0460525279711E-003
 1.0069034515591E+002  1.9054253137270E+000  5.5339920569927E-001  4.3078484834234E-016  4.9028508373820E-001  5.2685507159403E+000  6.4446992508592E-003  6.2081502727944E-003  2.2765561426977E-001 -6.0324544336792E-003
 1.0212338331037E+002  1.9230620451249E+000  5.5831850701667E-001  4.2760975244399E-016  4.8552693652905E-001  5.3629380184679E+000  6.3922045494554E-003  6.1861460741358E-003  2.2766274177126E-001 -6.0416419055914E-003
 1.0355642146483E+002  1.9406568604259E+000  5.6325246229892E-001  4.2467569151503E-016  4.7768577950974E-001  5.4587201409743E+000  6.4248561885539E-003  6.2515088714857E-003  2.2767961590215E-001 -6.0346033164072E-003
 1.0498945961929E+002  1.9587975491708E+000  5.6835283873381E-001  4.2174391934422E-016  4.6811474628135E-001  5.5585490872974E+000  6.4037990113274E-003  6.2646067026728E-003  2.2767806469823E-001 -6.0403981129884E-003
 1.0642249777375E+002  1.9766081931135E+000  5.7339330712483E-001  4.1892067093556E-016  4.5795386900920E-001  5.6583258694711E+000  6.3950153716585E-003  6.2988435025293E-003  2.2769644650334E-001 -6.0484441495535E-003
 1.0785553592821E+002  1.9950260141549E+000  5.7863087357238E-001  4.1611379964029E-016  4.4909248395908E-001  5.7628482179156E+000  6.4240537882965E-003  6.3608897323917E-003  2.2769533171193E-001 -6.0470532073113E-003
 1.0928857408267E+002  2.0133402696795E+000  5.8387114510675E-001  4.1338451555598E-016  4.4293305092942E-001  5.8684484826394E+000  6.3820469041543E-003  6.3628425296112E-003  2.2770198988628E-001 -6.0658313030575E-003
 1.1072161223713E+002  2.0318528936785E+000  5.8920393887073E-001  4.1069986139600E-016  4.4092881781204E-001  5.9768868745552E+000  6.4294124729675E-003  6.4408970929714E-003  2.2770777263735E-001 -6.0638697208500E-003
 1.1215465039159E+002  2.0507816024385E+000  5.9468138229525E-001  4.0805845529806E-016  4.4405062239150E-001  6.0891163721030E+000  6.3983201846518E-003  6.4461340497318E-003  2.2769908155551E-001 -6.0798012268391E-003
 1.1358768854605E+002  2.0694602782529E+000  6.0012976021991E-001  4.0549145472245E-016  4.5227502901019E-001  6.2018810894901E+000  6.4162934717194E-003  6.4916304481951E-003  2.2770783218503E-001 -6.0858314619206E-003
 1.1502072670050E+002  2.0888381216691E+000  6.0579680554621E-001  4.0358514294035E-016  4.6533588913121E-001  6.3198946714545E+000  6.4298789500683E-003  6.5285794978694E-003  2.2769288381854E-001 -6.0887179413386E-003
 1.1645376485496E+002  2.1079544811421E+000  6.1142947336624E-001  4.0201917270602E-016  4.8179468423112E-001  6.4383893326555E+000  6.4020561595382E-003  6.5242568787422E-003  2.2769436081515E-001 -6.1025807184830E-003
 1.1788680300942E+002  2.1275165178286E+000  6.1720614898185E-001  4.0041482734403E-016  5.0039436819903E-001  6.5606777884452E+000  6.4466023930610E-003  6.5801679194961E-003  2.2768583074861E-001 -6.0944376943436E-003
 1.1931984116388E+002  2.1472634430515E+000  6.2306622463174E-001  3.9886690035362E-016  5.1940992182183E-001  6.6858484334192E+000  6.4038335156236E-003  6.5539775035413E-003  2.2767496621624E-001 -6.1060100056092E-003
 1.2075287931834E+002  2.1669271237826E+000  6.2891960393617E-001  3.9729758639575E-016  5.3728776796169E-001  6.8118544120791E+000  6.4349376313366E-003  6.5864144205744E-003  2.2767730290792E-001 -6.0976921400695E-003
 1.2218591747280E+002  2.1872281283061E+000  6.3496908629399E-001  3.9576472578525E-016  5.5288021225784E-001  6.9430254509452E+000  6.4217108635054E-003  6.5792461764635E-003  2.2766082150086E-001 -6.0966517522928E-003
 1.2361895562726E+002  2.2071833054471E+000  6.4093785917212E-001  3.9423213591027E-016  5.6494691042272E-001  7.0736984194115E+000  6.4086055360184E-003  6.5602165866196E-003  2.2766748157307E-001 -6.0964350337541E-003
 1.2505199378172E+002  2.2277686835460E+000  6.4708176327065E-001  3.9271231705284E-016  5.7308464468163E-001  7.2090259570621E+000  6.4375490716800E-003  6.5823104350481E-003  2.2765843680944E-001 -6.0830306913841E-003
 1.2648503193618E+002  2.2482867668741E+000  6.5322243023732E-001  3.9121593412763E-016  5.7679462117180E-001  7.3457007936046E+000  6.3949484963813E-003  6.5282636076890E-003  2.2766011387965E-001 -6.0890739838148E-003
 1.2791807009064E+002  2.2689762060662E+000  6.5939154491519E-001  3.8970861406080E-016  5.7629353892534E-001  7.4839094509117E+000  6.4360410402874E-003  6.5497359480487E-003  2.2766558561858E-001 -6.0747695057781E-003
 1.2935110824510E+002  2.2901407211618E+000  6.6569726697092E-001  3.8828074824613E-016  5.7205151726654E-001  7.6266773341005E+000  6.4088652186433E-003  6.5061602288467E-003  2.2766020152566E-001 -6.0786410949363E-003
 1.3078414639956E+002  2.3110421904781E+000  6.7189876199914E-001  3.8682873166681E-016  5.6482958357436E-001  7.7683410692510E+000  6.4222035537541E-003  6.4905733003848E-003  2.2767439475143E-001 -6.0757345939397E-003
 1.3221718455402E+002  2.3326789780718E+000  6.7828949302709E-001  3.8544207718671E-016  5.5598014963364E-001  7.9156981274853E+000  6.4399542060989E-003  6.4873402399790E-003  2.2766847292402E-001 -6.0724487284708E-003
 1.3365022270848E+002  2.3540973798693E+000  6.8459094690876E-001  3.8400591002978E-016  5.4679288492036E-001  8.0626975787623E+000  6.4168820664163E-003  6.4324711120891E-003  2.2767804255239E-001 -6.0827904509162E-003
 1.3508326086294E+002  2.3759738272254E+000  6.9097984174493E-001  3.8264404720289E-016  5.3900473965791E-001  8.2129851557184E+000  6.4644041549085E-003  6.4558136843373E-003  2.2767859588577E-001 -6.0763491191857E-003
 1.3651629901740E+002  2.3981181769786E+000  6.9742523285256E-001  3.8122771058544E-016  5.3414136081131E-001  8.3666249200100E+000  6.4346592810759E-003  6.3989770950933E-003  2.2767490422379E-001 -6.0900219174064E-003
 1.3794933717186E+002  2.4202004610742E+000  7.0379793371079E-001  3.7988652201657E-016  5.3342855578678E-001  8.5198722324576E+000  6.4680918952605E-003  6.4082165097657E-003  2.2768097916631E-001 -6.0886374671139E-003
 1.3938237532632E+002  2.4429839619017E+000  7.1035548885132E-001  3.7849458212421E-016  5.3782787536785E-001  8.6795843220998E+000  6.4668673372207E-003  6.3906569260255E-003  2.2766743599941E-001 -6.0934688688670E-003
 1.4081541348078E+002  2.4654800334756E+000  7.1678429267786E-001  3.7717001354546E-016  5.4728811489581E-001  8.8378246820420E+000  6.4572212597615E-003  6.3617339087361E-003  2.2767064956610E-001 -6.0997817826245E-003
 1.4224845163524E+002  2.4886123269025E+000  7.2338176520687E-001  3.7580637570332E-016  5.6137556619816E-001  9.0018682343825E+000  6.4873935073741E-003  6.3885857345924E-003  2.2765859247406E-001 -6.0921173212540E-003
 1.4368148978970E+002  2.5117517104103E+000  7.2996183680618E-001  3.7449459240998E-016  5.7891143921769E-001  9.1674762334216E+000  6.4473226160021E-003  6.3396162749283E-003  2.2765233007025E-001 -6.0991365210739E-003
 1.4511452794416E+002  2.5350257776162E+000  7.3656199280143E-001  3.7316190786962E-016  5.9837700147259E-001  9.3350110939956E+000  6.4762014235662E-003  6.3759788994996E-003  2.2765030391614E-001 -6.0857623314916E-003
 1.4654756609862E+002  2.5588050526173E+000  7.4331991915463E-001  3.7185991673620E-016  6.1833832461410E-001  9.5086530043333E+000  6.4444955210747E-003  6.3492977216634E-003  2.2763792228655E-001 -6.0833171836294E-003
 1.4798060425308E+002  2.5822879712368E+000  7.4997947469078E-001  3.7055937323210E-016  6.3702788066809E-001  9.6810798851189E+000  6.4379549596112E-003  6.3558637781529E-003  2.2764509799481E-001 -6.0737914929499E-003
 1.4941364240754E+002  2.6064525785920E+000  7.5686997343844E-001  3.6926553785974E-016  6.5338534101397E-001  9.8613616695149E+000  6.4398081640121E-003  6.3755708475253E-003  2.2763823723750E-001 -6.0592833917703E-003
 1.5084668056200E+002  2.6303952185547E+000  7.6370021962986E-001  3.6799676132221E-016  6.6618176860634E-001  1.0041470695267E+001  6.3982052034682E-003  6.3473905801595E-003  2.2764755716038E-001 -6.0572706507582E-003
 1.5227971871646E+002  2.6546880936579E+000  7.7066930849656E-001  3.6671104371857E-016  6.7486178830973E-001  1.0226712663369E+001  6.4224849430263E-003  6.3955750544466E-003  2.2765561400620E-001 -6.0398517297969E-003
 1.5371275687092E+002  2.6792609434908E+000  7.7774441519214E-001  3.6547212317116E-016  6.7917633937371E-001  1.0416386197887E+001  6.3816636503194E-003  6.3653275686316E-003  2.2766202916127E-001 -6.0419940136634E-003
 1.5514579502538E+002  2.7036926738659E+000  7.8479988421149E-001  3.6419605229838E-016  6.7909152961225E-001  1.0606775649542E+001  6.3965336355423E-003  6.4002574578905E-003  2.2768276637871E-001 -6.0356031946519E-003
 1.5657883317984E+002  2.7288276155916E+000  7.9209993846714E-001  3.6298372402948E-016  6.7539868844249E-001  1.0805519654799E+001  6.3931585879017E-003  6.4040115974980E-003  2.2768735349536E-001 -6.0378141051292E-003
 1.5801187133430E+002  2.7536937473422E+000  7.9932843541518E-001  3.6172013063267E-016  6.6870367394598E-001  1.1003433005198E+001  6.3817716404372E-003  6.4009163530127E-003  2.2770767513891E-001 -6.0492958523486E-003
 1.5944490948876E+002  2.7791944490070E+000  8.0677899564367E-001  3.6053012844586E-016  6.6053897035784E-001  1.1209246939018E+001  6.4183624385825E-003  6.4417197531237E-003  2.2771370801383E-001 -6.0525701190705E-003
 1.6087794764322E+002  2.8048184647614E+000  8.1426062500724E-001  3.5928270240670E-016  6.5221882986670E-001  1.1417333560046E+001  6.3962753580610E-003  6.4149603500471E-003  2.2771997824332E-001 -6.0757373563389E-003
 1.6231098579768E+002  2.8306129792840E+000  8.2180994380006E-001  3.5811024382444E-016  6.4541908018038E-001  1.1629079782680E+001  6.4398549151213E-003  6.4603588549990E-003  2.2772614496225E-001 -6.0845945815022E-003
 1.6374402395214E+002  2.8570634157534E+000  8.2954606707154E-001  3.5688298044423E-016  6.4178337762183E-001  1.1847978885569E+001  6.4367705313289E-003  6.4460163033813E-003  2.2771465267513E-001 -6.1052999555726E-003
 1.6517706210660E+002  2.8833208723725E+000  8.3721931042331E-001  3.5572333011710E-016  6.4234885027996E-001  1.2066857261766E+001  6.4511834825756E-003  6.4604520375043E-003  2.2771388958312E-001 -6.1204626816157E-003
 1.6661010026106E+002  2.9103748196370E+000  8.4512912230679E-001  3.5451993949900E-016  6.4812128702626E-001  1.2294842328258E+001  6.4772152830056E-003  6.4786370554822E-003  2.2769251760711E-001 -6.1275063704277E-003
 1.6804313841552E+002  2.9373496330135E+000  8.5299491334477E-001  3.5336897591984E-016  6.5893369227684E-001  1.2523445120900E+001  6.4559049878882E-003  6.4571250142153E-003  2.2767887553552E-001 -6.1412875414064E-003
 1.6947617656998E+002  2.9647249416233E+000  8.6099038210651E-001  3.5219233238756E-016  6.7439639398276E-001  1.2758375433492E+001  6.4883684112397E-003  6.4924592480296E-003  2.2765974799872E-001 -6.1333433076152E-003
 1.7090921472444E+002  2.9924821293807E+000  8.6908157410830E-001  3.5104704176464E-016  6.9333411822711E-001  1.2998257851837E+001  6.4562062848378E-003  6.4624969436965E-003  2.2763664469833E-001 -6.1340121473465E-003
 1.7234225287890E+002  3.0200977707320E+000  8.7714655008085E-001  3.4993646371069E-016  7.1419396945745E-001  1.3239883141380E+001  6.4611958676945E-003  6.4811685659395E-003  2.2762750123948E-001 -6.1177166835913E-003
 1.7377529103336E+002  3.0484091467457E+000  8.8541923985132E-001  3.4882764706902E-016  7.3554173437950E-001  1.3490133377489E+001  6.4466706724280E-003  6.4731639601822E-003  2.2760831760526E-001 -6.0999017333358E-003
 1.7520832918782E+002  3.0764221598544E+000  8.9361547812781E-001  3.4774473621264E-016  7.5559934107706E-001  1.3740436749226E+001  6.4137017210370E-003  6.4575822462877E-003  2.2760994680934E-001 -6.0830399675827E-003
 1.7664136734228E+002  3.1049604266706E+000  9.0198920201791E-001  3.4663980144457E-016  7.7321195512132E-001  1.3998747281609E+001  6.4218000165619E-003  6.4751226760770E-003  2.2760890365817E-001 -6.0545381110032E-003
 1.7807440549674E+002  3.1335701018901E+000  9.1038657694824E-001  3.4558228516716E-016  7.8719716276618E-001  1.4260019732419E+001  6.3762243379726E-003  6.4406923701169E-003  2.2761863270429E-001 -6.0417424629500E-003
 1.7950744365119E+002  3.1622256228374E+000  9.1881966453218E-001  3.4448318914183E-016  7.9689441219978E-001  1.4525213401155E+001  6.3887404615057E-003  6.4599888821198E-003  2.2763925090794E-001 -6.0197582492512E-003
 1.8094048180565E+002  3.1914724062896E+000  9.2741633956452E-001  3.4344783827711E-016  8.0210104018853E-001  1.4797883187279E+001  6.3696593337092E-003  6.4383251108157E-003  2.2765459357423E-001 -6.0135925876058E-003
 1.8237351996011E+002  3.2204889187652E+000  9.3594941248493E-001  3.4235775353868E-016  8.0280554260219E-001  1.5071336118853E+001  6.3696453267412E-003  6.4351074497160E-003  2.2768568210595E-001 -6.0127679647827E-003
 1.8380655811457E+002  3.2502652963429E+000  9.4468580066745E-001  3.4134034100049E-016  7.9975928613109E-001  1.5353819834190E+001  6.3944872137956E-003  6.4422852649459E-003  2.2770366929816E-001 -6.0163279649805E-003
 1.8523959626903E+002  3.2800568178859E+000  9.5339439108633E-001  3.4026319368856E-016  7.9376903579146E-001  1.5638324470326E+001  6.3863110124346E-003  6.4170559540789E-003  2.2772645180311E-001 -6.0380954133849E-003
 1.8667263442349E+002  3.3103023237146E+000  9.6220304700921E-001  3.3925900060085E-016  7.8623481408219E-001  1.5929052831775E+001  6.4358183645148E-003  6.4392315257634E-003  2.2774057920612E-001 -6.0537959267309E-003
 1.8810567257795E+002  3.3411171534695E+000  9.7111732736162E-001  3.3819890228973E-016  7.7873191245976E-001  1.6226276289231E+001  6.4390275240107E-003  6.4153987110220E-003  2.2774132075225E-001 -6.0853105110203E-003
 1.8953871073241E+002  3.3719617862546E+000  9.7999712594554E-001  3.3720330125632E-016  7.7281559668622E-001  1.6525758638362E+001  6.4753658628016E-003  6.4249215865346E-003  2.2774204190459E-001 -6.1097772359069E-003
 1.9097174888687E+002  3.4036970304187E+000  9.8907411591546E-001  3.3616398744737E-016  7.7024426611479E-001  1.6834897357633E+001  6.4995136727674E-003  6.4234429711303E-003  2.2772058237940E-001 -6.1326107304300E-003
 1.9240478704133E+002  3.4353662022488E+000  9.9809105327513E-001  3.3517306973794E-016  7.7211742656824E-001  1.7145622175929E+001  6.4986255058063E-003  6.4075092492381E-003  2.2770204954752E-001 -6.1537515365778E-003
 1.9383782519579E+002  3.4676826380698E+000  1.0072642129839E+000  3.3415740566186E-016  7.7920702436070E-001  1.7464635844041E+001  6.5272324500453E-003  6.4254025722504E-003  2.2767089919281E-001 -6.1551913528178E-003
 1.9527086335025E+002  3.5002380357122E+000  1.0164903339459E+000  3.3316846146453E-016  7.9161434066417E-001  1.7788868958039E+001  6.4953663337928E-003  6.3980982816937E-003  2.2763908894313E-001 -6.1573742868642E-003
 1.9670390150471E+002  3.5328438238785E+000  1.0257506481962E+000  3.3217797427076E-016  8.0872124820407E-001  1.8117040403959E+001  6.4981536964622E-003  6.4128520404831E-003  2.2761547594412E-001 -6.1367498804228E-003
 1.9813693965917E+002  3.5660344410641E+000  1.0352075326429E+000  3.3118977490966E-016  8.2951591230182E-001  1.8454841337530E+001  6.4609067276856E-003  6.3999830623762E-003  2.2758902983478E-001 -6.1126485017366E-003
 1.9956997781363E+002  3.5988776944241E+000  1.0446335262876E+000  3.3022439331992E-016  8.5226085260027E-001  1.8794068801538E+001  6.4244322529252E-003  6.3943983496005E-003  2.2758615204063E-001 -6.0806125888531E-003
 2.0100301596809E+002  3.6323002632312E+000  1.0542961209269E+000  3.2923733089368E-016  8.7549090703765E-001  1.9143712881452E+001  6.4041778708258E-003  6.4081505646805E-003  2.2758601083332E-001 -6.0406780295741E-003
 2.0243605412255E+002  3.6655480662189E+000  1.0639990111953E+000  3.2829536408806E-016  8.9740204732456E-001  1.9497265178192E+001  6.3501269614521E-003  6.3893000419815E-003  2.2760742917413E-001 -6.0142699509060E-003
 2.0386909227701E+002  3.6990130490512E+000  1.0738486678976E+000  3.2731138123513E-016  9.1661116313435E-001  1.9857789357881E+001  6.3518170149072E-003  6.4182170468365E-003  2.2764078925701E-001 -5.9845782284561E-003
 2.0530213043147E+002  3.7328878303624E+000  1.0838890564929E+000  3.2638970871914E-016  9.3203689247307E-001  2.0227837213214E+001  6.3240651468526E-003  6.4107330049378E-003  2.2767794662270E-001 -5.9808204768122E-003
 2.0673516858593E+002  3.7666725864926E+000  1.0939563916722E+000  3.2541201647679E-016  9.4279290123963E-001  2.0601107759832E+001  6.3434342006094E-003  6.4327799006038E-003  2.2772799636733E-001 -5.9877474497903E-003
 2.0816820674039E+002  3.8013688250624E+000  1.1042779211735E+000  3.2450646619443E-016  9.4879535184258E-001  2.0987475789024E+001  6.3731077032201E-003  6.4527929920640E-003  2.2776047372458E-001 -6.0157864300830E-003
 2.0960124489485E+002  3.8361076786043E+000  1.1145791890384E+000  3.2353908998401E-016  9.4998964245660E-001  2.1377400788457E+001  6.4041671449418E-003  6.4553589188706E-003  2.2779121112126E-001 -6.0655538955552E-003
 2.1103428304931E+002  3.8717799360108E+000  1.1250435277244E+000  3.2264495733840E-016  9.4721058245969E-001  2.1778505942137E+001  6.4786004934966E-003  6.4904597338873E-003  2.2779229882646E-001 -6.1173475834919E-003
 2.1246732120377E+002  3.9079995210638E+000  1.1355451777396E+000  3.2169217268653E-016  9.4145963260657E-001  2.2187654982406E+001  6.5116607609155E-003  6.4761277909958E-003  2.2776919710130E-001 -6.1835234951440E-003
 2.1390035935823E+002  3.9447146052961E+000  1.1460256363245E+000  3.2080481245414E-016  9.3421997335923E-001  2.2602159462234E+001  6.5753430602951E-003  6.4909870636856E-003  2.2772043044781E-001 -6.2277740813344E-003
 2.1533339751269E+002  3.9823393836257E+000  1.1566182560148E+000  3.1987054579775E-016  9.2736325411051E-001  2.3028620954089E+001  6.5862074745840E-003  6.4660594530150E-003  2.2763794537163E-001 -6.2575125694121E-003
 2.1676643566715E+002  4.0198875262123E+000  1.1670771971736E+000  3.1898595833876E-016  9.2256443432823E-001  2.3455702393135E+001  6.5734688690931E-003  6.4305006547682E-003  2.2755072872446E-001 -6.2466693963719E-003
 2.1819947382161E+002  4.0580743194528E+000  1.1776687611755E+000  3.1807323301932E-016  9.2175678441781E-001  2.3893212479540E+001  6.5255853574916E-003  6.3946329757502E-003  2.2745177835362E-001 -6.1882983285761E-003
 2.1963251197607E+002  4.0957849824603E+000  1.1882165481813E+000  3.1718856671023E-016  9.2612692171126E-001  2.4331508386925E+001  6.4069829737379E-003  6.3138668814903E-003  2.2738357341283E-001 -6.0866703288517E-003
 2.2106555013053E+002  4.1332848181603E+000  1.1988966385124E+000  3.1629906593806E-016  9.3630520062984E-001  2.4773819612944E+001  6.2838381451272E-003  6.2706905247545E-003  2.2735626188619E-001 -5.9317054269727E-003
 2.2249858828499E+002  4.1702252752029E+000  1.2098260341808E+000  3.1543648553282E-016  9.5226936518432E-001  2.5221992311216E+001  6.1048548746295E-003  6.1993192772337E-003  2.2740089442587E-001 -5.7609658280920E-003
 2.2393162643945E+002  4.2062511660857E+000  1.2209886745459E+000  3.1459830933001E-016  9.7301603220694E-001  2.5670094313933E+001  5.9631326650332E-003  6.1855485331327E-003  2.2754074850378E-001 -5.5859801605892E-003
 2.2536466459391E+002  4.2421134442746E+000  1.2327429748236E+000  3.1373529776251E-016  9.9711600430515E-001  2.6132164221188E+001  5.8605361361751E-003  6.2177247437609E-003  2.2777309941028E-001 -5.4666124445967E-003
 2.2679770274837E+002  4.2775048586841E+000  1.2449462023180E+000  3.1291754780507E-016  1.0223963913580E+000  2.6601469398298E+001  5.8592428384326E-003  6.3171081973723E-003  2.2810094204062E-001 -5.4495680211965E-003
 2.2823074090283E+002  4.3139457420081E+000  1.2578635481253E+000  3.1205533770695E-016  1.0468800783710E+000  2.7095420141558E+001  6.0293512115939E-003  6.5427617670985E-003  2.2846639376302E-001 -5.5940955346164E-003
 2.2966377905729E+002  4.3520523460663E+000  1.2712751325354E+000  3.1125448936271E-016  1.0684517584956E+000  2.7617658988449E+001  6.3771798460737E-003  6.8286502610274E-003  2.2880149975714E-001 -5.9530917744176E-003
 2.3109681721175E+002  4.3934903094550E+000  1.2848935510988E+000  3.1039561570356E-016  1.0854808873573E+000  2.8176454451940E+001  6.9515985554307E-003  7.2217274185165E-003  2.2897181227902E-001 -6.5337826706855E-003
 2.3252985536621E+002  4.4395874207031E+000  1.2982310121739E+000  3.0960566869877E-016  1.0969942855884E+000  2.8784052729023E+001  7.6586729042066E-003  7.5704212629911E-003  2.2880875086140E-001 -7.2990806791778E-003
 2.3396289352067E+002  4.4909407670989E+000  1.3100984353284E+000  3.0875000285033E-016  1.1025167649482E+000  2.9425532952896E+001  8.3764788284041E-003  7.7584866606233E-003  2.2810319092902E-001 -8.1012889679782E-003
 2.3539593167513E+002  4.5474042538641E+000  1.3193301697505E+000  3.0795672731082E-016  1.1026670865333E+000  3.0092689442579E+001  8.8338837398855E-003  7.5180146478865E-003  2.2662147231410E-001 -8.6717972103433E-003
 2.3682896982959E+002  4.6060746077870E+000  1.3238303148213E+000  3.0708656513539E-016  1.0984679044574E+000  3.0722359569837E+001  8.6265465784413E-003  6.4377904254332E-003  2.2410402099891E-001 -8.5915894507631E-003
 2.3826200798405E+002  4.6612864121079E+000  1.3215198628197E+000  3.0623548262894E-016  1.0913787635635E+000  3.1226418159583E+001  7.2688256702396E-003  4.0688992017324E-003  2.2025797371891E-001 -7.2734299225185E-003
 2.3969504613851E+002  4.7031832297817E+000  1.3098124612604E+000  3.0524115576400E-016  1.0820505635763E+000  3.1450670532916E+001  4.1266212693952E-003 -2.5863961143754E-004  2.1467422539559E-001 -3.8216790227928E-003
 2.4112808429297E+002  4.7169119546833E+000  1.2859191868856E+000  3.0407319920683E-016  1.0680860803638E+000  3.1179790599200E+001 -1.6535690290934E-003 -7.0619797065283E-003  2.0720405860873E-001  3.4529556071935E-003
 2.4256112244743E+002  4.6808285811242E+000  1.2473731165833E+000  3.0239350633910E-016  1.0438698871883E+000  3.0188501838030E+001 -1.1488424888800E-002 -1.6831923122345E-002  1.9915857329905E-001  1.8408768184700E-002
 2.4399416060188E+002  4.5627877050044E+000  1.1925638470043E+000  2.9970832171690E-016  1.0008974835461E+000  2.8267108782003E+001 -2.8617054935576E-002 -2.9732557018839E-002  1.9437092695336E-001  4.4954197226022E-002
 2.4542719875634E+002  4.3065948331769E+000  1.1236237396196E+000  2.9499791979338E-016  9.2942721367060E-001  2.5370894545663E+001 -5.3610386909891E-002 -4.5354710919831E-002  1.9540836943345E-001  7.9577086725750E-002
 2.4686023691080E+002  3.9010731219713E+000  1.0451903663462E+000  2.8930387694260E-016  8.2246691342343E-001  2.1671180448425E+001 -8.0699470582025E-002 -6.2290994001732E-002  1.9926681306446E-001  1.1280906464351E-001
 2.4829327506526E+002  3.4043123508617E+000  9.5923883345415E-001  2.8179618127836E-016  6.9133349266057E-001  1.7632950687460E+001 -1.0259246710233E-001 -7.7434334909509E-002  2.0250358721184E-001  1.3708826705528E-001
 2.4972631321972E+002  2.9000764735600E+000  8.6493496258464E-001  2.7221786380543E-016  5.6918673298147E-001  1.3844523287618E+001 -1.1496738729842E-001 -8.7394736841980E-002  2.0499811541758E-001  1.4888864670919E-001
 2.5115935137418E+002  2.4487217678183E+000  7.6526245177282E-001  2.6150717297799E-016  4.8327044405604E-001  1.0697398722527E+001 -1.1726357425533E-001 -9.0870436203159E-002  2.0668090426223E-001  1.4881965145802E-001
 2.5259238952864E+002  2.0770945073736E+000  6.6726160987045E-001  2.5081850089256E-016  4.3295069688564E-001  8.2724279155778E+000 -1.1211993253162E-001 -8.9175447897034E-002  2.0611798800929E-001  1.4029620730206E-001
 2.5402542768310E+002  1.7812593238973E+000  5.7737278356341E-001  2.4076689170614E-016  4.0144062638095E-001  6.4688042698327E+000 -1.0354088169029E-001 -8.4405323500054E-002  2.0208967882879E-001  1.2771750396565E-001
 2.5545846583756E+002  1.5484949942949E+000  4.9880957380588E-001  2.3161473760099E-016  3.7729862284359E-001  5.1426638902539E+000 -9.4218986762550E-002 -7.8525303024883E-002  1.9470924373480E-001  1.1481828720359E-001
 2.5689150399202E+002  1.3631055848343E+000  4.3189284019475E-001  2.2338041289894E-016  3.5542776376064E-001  4.1539934326732E+000 -8.5805159379893E-002 -7.2738824908320E-002  1.8513584065229E-001  1.0395813450629E-001
 2.5832454214648E+002  1.2132744331373E+000  3.7582798136201E-001  2.1580215852823E-016  3.3440105986678E-001  3.4106561390091E+000 -7.9020808434382E-002 -6.7521597526295E-002  1.7470837496254E-001  9.5895049473574E-002
 2.5975758030094E+002  1.0883235952796E+000  3.2874040460292E-001  2.0866597492129E-016  3.1386923780139E-001  2.8339190900479E+000 -7.3794149136436E-002 -6.3213080987628E-002  1.6455620920459E-001  9.0536867801459E-002
 2.6119061845540E+002  9.8309435996126E-001  2.8937376287079E-001  2.0172682393277E-016  2.9417974432202E-001  2.3837939800874E+000 -6.9732132812035E-002 -5.9475368890087E-002  1.5516185724779E-001  8.7356336670523E-002
 2.6262365660986E+002  8.9184470233493E-001  2.5593936568521E-001  1.9539214308166E-016  2.7535012681987E-001  2.0212315374573E+000 -6.6773193670234E-002 -5.6573701665735E-002  1.4684167654775E-001  8.5797176666545E-002
 2.6405669476432E+002  8.1241573531649E-001  2.2760084895277E-001  1.8965442439070E-016  2.5780017529272E-001  1.7283306398732E+000 -6.4430623987461E-002 -5.3917649417883E-002  1.3948030099619E-001  8.5545851909714E-002
 2.6548973291878E+002  7.4182150636561E-001  2.0309597206660E-001  1.8471434584829E-016  2.4148825828361E-001  1.4870664191043E+000 -6.2877707617676E-002 -5.1930752496280E-002  1.3305631864849E-001  8.6267664062097E-002
 2.6692277107324E+002  6.7873036940999E-001  1.8184959823761E-001  1.8018634896023E-016  2.2711115580909E-001  1.2856681452498E+000 -6.1209514656132E-002 -5.0028572705392E-002  1.2739461380365E-001  8.8125228648720E-002
 2.6835580922770E+002  6.2275106401843E-001  1.6314883296412E-001  1.7613323326019E-016  2.1433689020509E-001  1.1183735471563E+000 -5.9932658522486E-002 -4.8676344791027E-002  1.2233705551403E-001  9.1058490959198E-002
 2.6978884738216E+002  5.7175943972933E-001  1.4644722822821E-001  1.7220094668711E-016  2.0349665703229E-001  9.7361929282091E-001 -5.8706700290057E-002 -4.7516318665414E-002  1.1789056628642E-001  9.5792221380686E-002
 2.7122188553662E+002  5.2654803117511E-001  1.3151251499304E-001  1.6859850641074E-016  1.9479658815832E-001  8.5318809079468E-001 -5.8154550767801E-002 -4.6794507156271E-002  1.1372888515928E-001  1.0279018818178E-001
 2.7265492369108E+002  4.8399684643363E-001  1.1766296274022E-001  1.6508036406320E-016  1.8845714428044E-001  7.4476587265256E-001 -5.7370346673145E-002 -4.6494710841892E-002  1.1086161944378E-001  1.1356934365812E-001
 2.7408796184554E+002  4.4696549865481E-001  1.0512175511786E-001  1.6184091420585E-016  1.8480678133094E-001  6.5469697923413E-001 -5.6108221485781E-002 -4.4994495620896E-002  1.1347514889946E-001  1.2454186067281E-001
 2.7552100000000E+002  4.1212012599208E-001  9.4071522417279E-002  1.5874344685964E-016  1.8361623092348E-001  5.7590949445970E-001 -5.9001565639530E-002 -4.7732617310273E-002  2.2591009273168E-002 -1.2998982185523E-002
