 0.0000000000000E+000  1.0014038465020E+000  2.9064601098230E-001  1.1710896072420E-001  2.3567200852604E-001  1.4654287495679E+000  4.3796138996114E-003  4.6697408564066E-003  2.2907826447989E-001 -3.3554384430883E-004
 5.2254497940172E-001  1.0036956045232E+000  2.8951026784807E-001  1.1744384062893E-001  2.3564329881077E-001  1.4725804804382E+000  5.1854157961170E-003  5.2429162382401E-003  2.3098529544795E-001 -5.6914278692890E-003
 1.0901799176069E+000  1.0071548007195E+000  2.9197712539330E-001  1.1781451260023E-001  2.3614800502129E-001  1.4824275542980E+000  6.1144883863341E-003  5.8344465314730E-003  2.3101810685213E-001 -5.9559079589675E-003
 1.7029048146155E+000  1.0109705574778E+000  2.9252329184397E-001  1.1820294661105E-001  2.3677619170981E-001  1.4929940669628E+000  6.2460208154398E-003  5.9552463019067E-003  2.3093192751589E-001 -6.0632408216644E-003
 2.3607196704275E+000  1.0151858152701E+000  2.9409052624933E-001  1.1863170741737E-001  2.3746322210969E-001  1.5050708917862E+000  6.3600016291822E-003  6.0039488234780E-003  2.3056245607334E-001 -6.1843415413406E-003
 3.0636244850430E+000  1.0197606917821E+000  2.9515424571385E-001  1.1907332888392E-001  2.3839573850329E-001  1.5175592958246E+000  6.3766915995843E-003  6.0061517015027E-003  2.3049373562575E-001 -6.1142311523640E-003
 3.8116192584619E+000  1.0246200366143E+000  2.9674832895254E-001  1.1956059014494E-001  2.3936712938803E-001  1.5315629446795E+000  6.3469312122070E-003  5.9668142461542E-003  2.3031993474017E-001 -6.1924682131256E-003
 4.6047039906842E+000  1.0297832512229E+000  2.9802342599006E-001  1.2006716461631E-001  2.4072733474312E-001  1.5456844733737E+000  6.3836521752598E-003  5.9932236963490E-003  2.3024027903900E-001 -6.0763683772143E-003
 5.4428786817100E+000  1.0353494618262E+000  2.9976574823055E-001  1.2062515986089E-001  2.4207140116142E-001  1.5618526301299E+000  6.3263721943718E-003  5.9676510668597E-003  2.3011260925381E-001 -6.1755145910626E-003
 6.3261433315392E+000  1.0410502746487E+000  3.0123331282118E-001  1.2121980849023E-001  2.4395607787883E-001  1.5777140808935E+000  6.3812740976661E-003  6.0135955616538E-003  2.3000616922611E-001 -6.0538215411365E-003
 7.2544979401719E+000  1.0474019368011E+000  3.0313612116615E-001  1.2186541154944E-001  2.4573130624320E-001  1.5963230746911E+000  6.3434570642240E-003  6.0402977397491E-003  2.2984894992484E-001 -6.1742767380791E-003
 8.2279425076080E+000  1.0536678506270E+000  3.0483960919918E-001  1.2257868109400E-001  2.4815237348470E-001  1.6143191337175E+000  6.3821851559011E-003  6.0818776274104E-003  2.2973216432144E-001 -6.0587573301585E-003
 9.2464770338475E+000  1.0608239652751E+000  3.0688828377490E-001  1.2333103383860E-001  2.5035070520410E-001  1.6355439747727E+000  6.3780733277454E-003  6.1697003896353E-003  2.2951540358029E-001 -6.1774292087550E-003
 1.0310101518890E+001  1.0677318109389E+000  3.0888671369092E-001  1.2419386453593E-001  2.5319672711108E-001  1.6562799445709E+000  6.3802094162051E-003  6.1981471672780E-003  2.2939952327933E-001 -6.0791926646855E-003
 1.1418815962737E+001  1.0756519636001E+000  3.1108300622345E-001  1.2507453940497E-001  2.5572140032564E-001  1.6802412805589E+000  6.3992921927300E-003  6.3256261183805E-003  2.2912189644859E-001 -6.1698281386167E-003
 1.2572620365387E+001  1.0832817225778E+000  3.1342639441300E-001  1.2610580777824E-001  2.5873567533062E-001  1.7043420274017E+000  6.3749696768485E-003  6.3574888588101E-003  2.2900804114329E-001 -6.1008461385761E-003
 1.3771514726840E+001  1.0919263946508E+000  3.1579602654660E-001  1.2713179309338E-001  2.6140302189684E-001  1.7312977951254E+000  6.3925601716759E-003  6.4793327121948E-003  2.2868527199414E-001 -6.1441499535814E-003
 1.5015499047097E+001  1.1003123551092E+000  3.1847968389807E-001  1.2831465599865E-001  2.6421644152238E-001  1.7591443049075E+000  6.3722732785737E-003  6.5411604356419E-003  2.2856585352180E-001 -6.1150374995276E-003
 1.6304573326157E+001  1.1097117278550E+000  3.2109431204123E-001  1.2949540072825E-001  2.6679637636680E-001  1.7896505497117E+000  6.3749631779391E-003  6.6187742361108E-003  2.2822134189420E-001 -6.1018771236427E-003
 1.7638737564020E+001  1.1188501893286E+000  3.2406956964176E-001  1.3077772343326E-001  2.6904832867470E-001  1.8212926885214E+000  6.3683749431796E-003  6.7069370271191E-003  2.2808017806216E-001 -6.1203029654758E-003
 1.9017991760687E+001  1.1290708138306E+000  3.2701313237457E-001  1.3209790767327E-001  2.7133871764425E-001  1.8560064200840E+000  6.3812231888031E-003  6.7497007986721E-003  2.2774493002912E-001 -6.0525529656611E-003
 2.0440208506159E+001  1.1390164512290E+000  3.3022411983308E-001  1.3341207085503E-001  2.7288788929294E-001  1.8914735711017E+000  6.3475795100463E-003  6.8016039330392E-003  2.2766121062162E-001 -6.1140332006954E-003
 2.1873246660619E+001  1.1497194472342E+000  3.3344115055319E-001  1.3477649878633E-001  2.7474785970696E-001  1.9294896475373E+000  6.4188356742087E-003  6.8616365045856E-003  2.2758243775535E-001 -6.0329072276947E-003
 2.3306284815079E+001  1.1601676937206E+000  3.3672172654755E-001  1.3602687055446E-001  2.7586032310621E-001  1.9673641569145E+000  6.3314980621560E-003  6.8175474028511E-003  2.2759275518549E-001 -6.1237202650913E-003
 2.4739322969539E+001  1.1707724959490E+000  3.4001426705052E-001  1.3731089152902E-001  2.7740579998237E-001  2.0063727085589E+000  6.4389463120365E-003  6.8922306350587E-003  2.2759746416177E-001 -6.0524769383509E-003
 2.6172361123998E+001  1.1817737281868E+000  3.4338181420100E-001  1.3851002239890E-001  2.7869415861127E-001  2.0466305612923E+000  6.3512800410655E-003  6.7927743160011E-003  2.2755275973605E-001 -6.1193310265931E-003
 2.7605399278458E+001  1.1922846224157E+000  3.4668100113710E-001  1.3969472542644E-001  2.8036482090161E-001  2.0860628110954E+000  6.4169454960273E-003  6.8152322596787E-003  2.2759246594266E-001 -6.0806267555117E-003
 2.9038437432918E+001  1.2037015777178E+000  3.5010753594788E-001  1.4087227523811E-001  2.8235992173057E-001  2.1281245897682E+000  6.3988982880021E-003  6.7386121800287E-003  2.2752259287432E-001 -6.0974089087657E-003
 3.0471475587378E+001  1.2143601852982E+000  3.5341839049827E-001  1.4201525261943E-001  2.8462585462107E-001  2.1682653549317E+000  6.3658946730279E-003  6.6552376996693E-003  2.2756371188448E-001 -6.0990670120024E-003
 3.1904513741838E+001  1.2258577491966E+000  3.5682811229499E-001  1.4320569832135E-001  2.8754719404030E-001  2.2108413939736E+000  6.4319073215522E-003  6.6354073467430E-003  2.2750824404284E-001 -6.0661654633407E-003
 3.3337551896297E+001  1.2369580604006E+000  3.6019455603951E-001  1.4440231109911E-001  2.9065386412347E-001  2.2523550778732E+000  6.3254491269159E-003  6.4706794596234E-003  2.2752367285887E-001 -6.0899420636450E-003
 3.4770590050757E+001  1.2482828338632E+000  3.6351513691198E-001  1.4564792017791E-001  2.9435771386333E-001  2.2943833209420E+000  6.4127346317410E-003  6.4655539471856E-003  2.2750850068178E-001 -6.0345418444265E-003
 3.6203628205217E+001  1.2599007334443E+000  3.6693537194471E-001  1.4696992042198E-001  2.9816699134555E-001  2.3373884616500E+000  6.3225642305400E-003  6.3076433168065E-003  2.2749595287738E-001 -6.0501563675655E-003
 3.7636666359677E+001  1.2711134340153E+000  3.7018023818191E-001  1.4831895794081E-001  3.0223233086874E-001  2.3788948126973E+000  6.3507049101663E-003  6.2502586574188E-003  2.2751841708899E-001 -6.0060174079377E-003
 3.9069704514136E+001  1.2830370379380E+000  3.7359214664947E-001  1.4977544352496E-001  3.0626084345077E-001  2.4226181645523E+000  6.3473733994418E-003  6.1724645191418E-003  2.2749981330690E-001 -5.9956349413193E-003
 4.0502742668596E+001  1.2944545163318E+000  3.7684179832198E-001  1.5125971627341E-001  3.1017056993020E-001  2.4646106982467E+000  6.2961965849393E-003  6.0489262756277E-003  2.2753632361398E-001 -5.9795038154883E-003
 4.1935780823056E+001  1.3063959614076E+000  3.8017261820451E-001  1.5280415883725E-001  3.1383502141619E-001  2.5080745197135E+000  6.3665304820105E-003  6.0479843746447E-003  2.2753706544958E-001 -5.9513937009623E-003
 4.3368818977516E+001  1.3182922740376E+000  3.8349735155751E-001  1.5439838633103E-001  3.1714903370314E-001  2.5515605491140E+000  6.2920623512267E-003  5.9200534334908E-003  2.2756546594097E-001 -5.9563582368721E-003
 4.4801857131976E+001  1.3301694257864E+000  3.8674341043118E-001  1.5596418501651E-001  3.2005277782109E-001  2.5946608333568E+000  6.3572214255654E-003  5.9324464700962E-003  2.2759185958658E-001 -5.9353770197223E-003
 4.6234895286435E+001  1.3425283357086E+000  3.9014207240204E-001  1.5758817512495E-001  3.2254903040172E-001  2.6397937773416E+000  6.3353137377727E-003  5.8817684569457E-003  2.2760749898076E-001 -5.9447809510873E-003
 4.7667933440895E+001  1.3545463741253E+000  3.9339011239979E-001  1.5912676014483E-001  3.2465934090184E-001  2.6836619938889E+000  6.3364408412693E-003  5.8580933345595E-003  2.2764263144987E-001 -5.9489198470770E-003
 4.9100971595355E+001  1.3671278771700E+000  3.9680884591481E-001  1.6068204902870E-001  3.2643226994913E-001  2.7299097651266E+000  6.3900834226141E-003  5.9096575451556E-003  2.2765479482667E-001 -5.9550644403937E-003
 5.0534009749815E+001  1.3795845921194E+000  4.0017494607664E-001  1.6217087177102E-001  3.2807914390872E-001  2.7761378481599E+000  6.3431585629088E-003  5.8687405022684E-003  2.2767554737930E-001 -5.9801093129804E-003
 5.1967047904275E+001  1.3922086926081E+000  4.0359211336681E-001  1.6359989013291E-001  3.2955543358208E-001  2.8233004754740E+000  6.4199576958078E-003  5.9709647042463E-003  2.2769103912941E-001 -5.9890699789406E-003
 5.3400086058734E+001  1.4052013554914E+000  4.0713329665756E-001  1.6502659443930E-001  3.3127809724419E-001  2.8727694881294E+000  6.3895603010094E-003  5.9787118005966E-003  2.2768903418367E-001 -6.0148176171690E-003
 5.4833124213194E+001  1.4179420992261E+000  4.1059875596781E-001  1.6634799229698E-001  3.3309112207303E-001  2.9217528382853E+000  6.4166601336917E-003  6.0583149688673E-003  2.2770183210089E-001 -6.0344608278707E-003
 5.6266162367654E+001  1.4312782147641E+000  4.1428174996636E-001  1.6771890863556E-001  3.3541452072290E-001  2.9742337424153E+000  6.4443740443846E-003  6.1551636626394E-003  2.2768853870602E-001 -6.0447404435579E-003
 5.7699200522114E+001  1.4443779048568E+000  4.1790509975643E-001  1.6902100403902E-001  3.3813371429165E-001  3.0266907569951E+000  6.4021785013859E-003  6.1886014261288E-003  2.2768655283534E-001 -6.0708879720722E-003
 5.9132238676573E+001  1.4577812957835E+000  4.2167537594482E-001  1.7037336850760E-001  3.4136356502976E-001  3.0816025941355E+000  6.4630476837555E-003  6.3417643980512E-003  2.2767946880697E-001 -6.0671305247768E-003
 6.0565276831033E+001  1.4713812447551E+000  4.2553535658808E-001  1.7175885477816E-001  3.4519716217373E-001  3.1387130555350E+000  6.4014103868077E-003  6.3701744732964E-003  2.2766026006688E-001 -6.0841550228185E-003
 6.1998314985493E+001  1.4847766254456E+000  4.2939206420411E-001  1.7316570130803E-001  3.4931360978765E-001  3.1962121121692E+000  6.4317146385227E-003  6.4999284776788E-003  2.2766561766993E-001 -6.0803920234238E-003
 6.3431353139953E+001  1.4987512977691E+000  4.3346852102851E-001  1.7469716892050E-001  3.5398236839094E-001  3.2577993867306E+000  6.4154641065855E-003  6.5751170515816E-003  2.2764305181553E-001 -6.0763582508251E-003
 6.4864391294413E+001  1.5123344798257E+000  4.3747636294619E-001  1.7624091359808E-001  3.5864525559426E-001  3.3189971846002E+000  6.3807963357550E-003  6.6274468682720E-003  2.2765226105943E-001 -6.0829661399574E-003
 6.6297429448872E+001  1.5264086426912E+000  4.4168724791281E-001  1.7792263797942E-001  3.6351554221723E-001  3.3838865527975E+000  6.4234032773688E-003  6.7478057762169E-003  2.2764569323285E-001 -6.0634016587349E-003
 6.7730467603332E+001  1.5404356079196E+000  4.4591843973756E-001  1.7964766613980E-001  3.6818331492153E-001  3.4498840639362E+000  6.3558807153881E-003  6.7390474733442E-003  2.2764715795622E-001 -6.0772673987042E-003
 6.9163505757792E+001  1.5544698941930E+000  4.5020418646212E-001  1.8144080681350E-001  3.7258455733387E-001  3.5171529820000E+000  6.4102806429169E-003  6.8428590549399E-003  2.2766321198000E-001 -6.0625420422524E-003
 7.0596543912252E+001  1.5689948782963E+000  4.5465441900692E-001  1.8330708774619E-001  3.7670877706725E-001  3.5878419714200E+000  6.3781490977282E-003  6.8330175729136E-003  2.2765541219280E-001 -6.0728666118712E-003
 7.2029582066711E+001  1.5831515316822E+000  4.5902368444812E-001  1.8515630834224E-001  3.8023354378064E-001  3.6576812160035E+000  6.3902926486912E-003  6.8556044050768E-003  2.2768050028499E-001 -6.0806384346416E-003
 7.3462620221171E+001  1.5979904036688E+000  4.6360138481448E-001  1.8706381486206E-001  3.8348017495393E-001  3.7315792262046E+000  6.4296009732059E-003  6.8810438834248E-003  2.2767230022814E-001 -6.0824976807946E-003
 7.4895658375631E+001  1.6125988626298E+000  4.6810764119450E-001  1.8891765064195E-001  3.8613101908519E-001  3.8048666182663E+000  6.3953536116061E-003  6.8164001635207E-003  2.2768371447121E-001 -6.1117557919575E-003
 7.6328696530091E+001  1.6275486497793E+000  4.7270840314635E-001  1.9076260838135E-001  3.8855396463581E-001  3.8802454328155E+000  6.4743982180414E-003  6.8522068258991E-003  2.2768245555148E-001 -6.1118408902172E-003
 7.7761734684551E+001  1.6427998496185E+000  4.7737010401864E-001  1.9257383846095E-001  3.9071190203467E-001  3.9572744920956E+000  6.4413629793520E-003  6.7568939166308E-003  2.2766775292208E-001 -6.1436446010084E-003
 7.9194772839010E+001  1.6578770970739E+000  4.8196114339058E-001  1.9431239424419E-001  3.9278432297312E-001  4.0335167964022E+000  6.4927553134995E-003  6.7458422539807E-003  2.2766904674204E-001 -6.1517095002017E-003
 8.0627810993470E+001  1.6736508405113E+000  4.8671597624428E-001  1.9605241461617E-001  3.9504847227009E-001  4.1132433155357E+000  6.5070969893485E-003  6.6833708649813E-003  2.2763569782619E-001 -6.1654813372327E-003
 8.2060849147930E+001  1.6890904116427E+000  4.9133253389910E-001  1.9771453256968E-001  3.9748815341616E-001  4.1910955665473E+000  6.4933401048322E-003  6.5990977176549E-003  2.2762698725811E-001 -6.1809817795619E-003
 8.3493887302390E+001  1.7050855026266E+000  4.9607194111833E-001  1.9938721786240E-001  4.0045192256221E-001  4.2717800352995E+000  6.5489000308500E-003  6.5824507922916E-003  2.2759428890240E-001 -6.1706133204423E-003
 8.4926925456849E+001  1.7210942650204E+000  5.0076604328512E-001  2.0105541475507E-001  4.0388305282713E-001  4.3522767156989E+000  6.4948127275142E-003  6.4609778693237E-003  2.2756919026584E-001 -6.1797611536552E-003
 8.6359963611309E+001  1.7371230336533E+000  5.0543104426532E-001  2.0272504727322E-001  4.0790886637564E-001  4.4329679579264E+000  6.5375598478319E-003  6.4498006828628E-003  2.2755166873156E-001 -6.1552223945702E-003
 8.7793001765769E+001  1.7536429918762E+000  5.1019554650812E-001  2.0448340750217E-001  4.1253109658046E-001  4.5161690462681E+000  6.4992458970901E-003  6.3582072507635E-003  2.2752000048528E-001 -6.1429293111027E-003
 8.9226039920229E+001  1.7697887285924E+000  5.1481898647337E-001  2.0625436728650E-001  4.1758717768167E-001  4.5975652229698E+000  6.4817893760585E-003  6.3096542247400E-003  2.2751846678574E-001 -6.1182649549336E-003
 9.0659078074689E+001  1.7865208932804E+000  5.1958690119978E-001  2.0815302796997E-001  4.2306736799848E-001  4.6824533300107E+000  6.4876849813666E-003  6.2851609474559E-003  2.2750068586816E-001 -6.0836914895610E-003
 9.2092116229148E+001  1.8030076557879E+000  5.2425399369803E-001  2.1011406357562E-001  4.2870911794804E-001  4.7662623186445E+000  6.4185902597307E-003  6.2036584079027E-003  2.2750756097355E-001 -6.0650809484513E-003
 9.3525154383608E+001  1.8196893276901E+000  5.2896916984213E-001  2.1216575542001E-001  4.3435305073585E-001  4.8519431279328E+000  6.4460704627555E-003  6.2245423003244E-003  2.2751791349095E-001 -6.0252859909867E-003
 9.4958192538068E+001  1.8366262884456E+000  5.3373493097661E-001  2.1433080307445E-001  4.3987182981652E-001  4.9393797777426E+000  6.3830921233687E-003  6.1597066617629E-003  2.2752848483831E-001 -6.0106179612996E-003
 9.6391230692528E+001  1.8532893571301E+000  5.3842131552960E-001  2.1650864197948E-001  4.4495653332735E-001  5.0263446195022E+000  6.3875577385584E-003  6.1749024915723E-003  2.2756245205834E-001 -5.9881578593410E-003
 9.7824268846987E+001  1.8705548790830E+000  5.4327425919173E-001  2.1879444103817E-001  4.4966297816588E-001  5.1172896756968E+000  6.3815943396415E-003  6.1718785933383E-003  2.2757895595579E-001 -5.9760918698824E-003
 9.9257307001447E+001  1.8875020609187E+000  5.4803047540319E-001  2.2104714691302E-001  4.5373577165245E-001  5.2073848614256E+000  6.3486172443846E-003  6.1560836027255E-003  2.2761654191447E-001 -5.9816889308260E-003
 1.0069034515591E+002  1.9048991521234E+000  5.5291938599669E-001  2.2332531313133E-001  4.5726843092124E-001  5.3010458456550E+000  6.3965755365408E-003  6.2107445705236E-003  2.2764122247443E-001 -5.9781608207966E-003
 1.0212338331037E+002  1.9224247172818E+000  5.5783464116947E-001  2.2557567491206E-001  4.6030351880838E-001  5.3961070539775E+000  6.3584818062920E-003  6.1879346755630E-003  2.2766269958558E-001 -6.0038632948272E-003
 1.0355642146483E+002  1.9399332165204E+000  5.6275812095813E-001  2.2774459054240E-001  4.6282942444214E-001  5.4924467662632E+000  6.4101006909272E-003  6.2523940919945E-003  2.2768880489407E-001 -6.0174417909402E-003
 1.0498945961929E+002  1.9580648555390E+000  5.6785266649993E-001  2.2991154219644E-001  4.6523164775862E-001  5.5929545729108E+000  6.4114574634506E-003  6.2657753695138E-003  2.2768838633375E-001 -6.0453283128727E-003
 1.0642249777375E+002  1.9759140804650E+000  5.7288357530761E-001  2.3194533629235E-001  4.6742682662489E-001  5.6933254518698E+000  6.4209866344101E-003  6.2966799374054E-003  2.2770091787447E-001 -6.0757413477666E-003
 1.0785553592821E+002  1.9944276767999E+000  5.7811132018974E-001  2.3397255616351E-001  4.6990570522210E-001  5.7984467881104E+000  6.4692459351119E-003  6.3589984071777E-003  2.2768696131839E-001 -6.0927098959873E-003
 1.0928857408267E+002  2.0128934670787E+000  5.8334441139185E-001  2.3591591243815E-001  4.7268458354508E-001  5.9046831824584E+000  6.4378464239256E-003  6.3577050523747E-003  2.2767468312542E-001 -6.1254932232056E-003
 1.1072161223713E+002  2.0315682970234E+000  5.8866490753050E-001  2.3782778977120E-001  4.7601551474294E-001  6.0136331392912E+000  6.4914280258378E-003  6.4346169068549E-003  2.2765873036497E-001 -6.1302533011509E-003
 1.1215465039159E+002  2.0506906491261E+000  5.9413586591252E-001  2.3976817147271E-001  4.8010747494002E-001  6.1264912668630E+000  6.4590720983024E-003  6.4388567212683E-003  2.2762618467054E-001 -6.1452053658831E-003
 1.1358768854605E+002  2.0695310791667E+000  5.9957307644605E-001  2.4167552232433E-001  4.8481121222415E-001  6.2397527998689E+000  6.4663102050035E-003  6.4819257595858E-003  2.2761327037327E-001 -6.1430457426633E-003
 1.1502072670050E+002  2.0890451413084E+000  6.0523181950237E-001  2.4370208709046E-001  4.9040211467134E-001  6.3583317013657E+000  6.4658349504671E-003  6.5201732759603E-003  2.2758015764527E-001 -6.1300977530912E-003
 1.1645376485496E+002  2.1082443787410E+000  6.1085702373713E-001  2.4575344174238E-001  4.9648919727954E-001  6.4773930838954E+000  6.4162733184572E-003  6.5140141935892E-003  2.2756937862889E-001 -6.1237743690018E-003
 1.1788680300942E+002  2.1278147623441E+000  6.1662325806039E-001  2.4793557731506E-001  5.0314387676485E-001  6.6001931772424E+000  6.4399540776688E-003  6.5718137647461E-003  2.2755649132352E-001 -6.0917732029363E-003
 1.1931984116388E+002  2.1475183065366E+000  6.2247863047870E-001  2.5023443172723E-001  5.1003916914934E-001  6.7260265815442E+000  6.3741481583272E-003  6.5462698486761E-003  2.2754853651376E-001 -6.0794384220214E-003
 1.2075287931834E+002  2.1670473341010E+000  6.2832188049107E-001  2.5261491780591E-001  5.1691325974905E-001  6.8525820639543E+000  6.3845702702119E-003  6.5796254316094E-003  2.2756234299028E-001 -6.0496095150143E-003
 1.2218591747280E+002  2.1871723810299E+000  6.3436602855148E-001  2.5516287781706E-001  5.2367797360938E-001  6.9844745725874E+000  6.3573159522439E-003  6.5755462058302E-003  2.2756330862122E-001 -6.0313126547235E-003
 1.2361895562726E+002  2.2068988236002E+000  6.4032719252697E-001  2.5773310667704E-001  5.2989162843313E-001  7.1158411197926E+000  6.3337172533284E-003  6.5564518649025E-003  2.2759241248107E-001 -6.0212753020320E-003
 1.2505199378172E+002  2.2272340321296E+000  6.4646184474869E-001  2.6041988952656E-001  5.3563128652717E-001  7.2519062601025E+000  6.3632951264604E-003  6.5819094702334E-003  2.2760819086015E-001 -6.0051946833684E-003
 1.2648503193618E+002  2.2475184261185E+000  6.5259569317017E-001  2.6311284833815E-001  5.4060256020011E-001  7.3894447347464E+000  6.3262587552391E-003  6.5279181610101E-003  2.2763370138648E-001 -6.0174420357109E-003
 1.2791807009064E+002  2.2679850031432E+000  6.5875246521295E-001  2.6579729081853E-001  5.4487439254105E-001  7.5284120638873E+000  6.3816903397006E-003  6.5505380608378E-003  2.2766054957805E-001 -6.0167687652097E-003
 1.2935110824510E+002  2.2890008050870E+000  6.6505105173288E-001  2.6849386469272E-001  5.4852370352627E-001  7.6721266995547E+000  6.3746848296183E-003  6.5077609071831E-003  2.2767015804965E-001 -6.0403655295275E-003
 1.3078414639956E+002  2.3098058104717E+000  6.7123983739628E-001  2.7107037195985E-001  5.5155887352706E-001  7.8146090789642E+000  6.4099289078948E-003  6.4903919149545E-003  2.2769256972474E-001 -6.0617869508975E-003
 1.3221718455402E+002  2.3314350454030E+000  6.7761886037247E-001  2.7364795541550E-001  5.5436099701792E-001  7.9628607671637E+000  6.4535448673708E-003  6.4879150737254E-003  2.2768625176221E-001 -6.0834553075364E-003
 1.3365022270848E+002  2.3529288538600E+000  6.8390930806995E-001  2.7609295644003E-001  5.5699715892730E-001  8.1107456363106E+000  6.4513532745188E-003  6.4298559519148E-003  2.2768685550961E-001 -6.1181210368491E-003
 1.3508326086294E+002  2.3749408664525E+000  6.9028228872818E-001  2.7849198562175E-001  5.5986020601901E-001  8.2617978347541E+000  6.5182551400827E-003  6.4525073636520E-003  2.2767153333365E-001 -6.1312295092187E-003
 1.3651629901740E+002  2.3972970636401E+000  6.9671788419875E-001  2.8084118705841E-001  5.6319485255466E-001  8.4163227450110E+000  6.5001956843825E-003  6.3933511204336E-003  2.2764545322144E-001 -6.1582737070059E-003
 1.3794933717186E+002  2.4196026470449E+000  7.0307457705031E-001  2.8311096549834E-001  5.6714501285078E-001  8.5702364058734E+000  6.5374020764767E-003  6.4001102034468E-003  2.2762669159613E-001 -6.1624713224329E-003
 1.3938237532632E+002  2.4426324161358E+000  7.0962157857868E-001  2.8544776927497E-001  5.7204182687457E-001  8.7307339383712E+000  6.5335347438158E-003  6.3822443651102E-003  2.2758725338368E-001 -6.1636595547254E-003
 1.4081541348078E+002  2.4653424269488E+000  7.1604049245316E-001  2.8774190020765E-001  5.7775406928100E-001  8.8896415653191E+000  6.5106152202580E-003  6.3505420325214E-003  2.2756726263822E-001 -6.1587919877726E-003
 1.4224845163524E+002  2.4886355086920E+000  7.2262596939393E-001  2.9016873529915E-001  5.8444252643661E-001  9.0543371253857E+000  6.5239749062630E-003  6.3785398465428E-003  2.2753727221232E-001 -6.1320651268368E-003
 1.4368148978970E+002  2.5118754561018E+000  7.2919979542369E-001  2.9266383031757E-001  5.9189753032911E-001  9.2206931557186E+000  6.4601506958788E-003  6.3287549074665E-003  2.2751969753156E-001 -6.1156061484146E-003
 1.4511452794416E+002  2.5351435982984E+000  7.3578831774047E-001  2.9528046818152E-001  5.9988021951907E-001  9.3888397979422E+000  6.4647904680848E-003  6.3664864770265E-003  2.2751555686917E-001 -6.0761370204365E-003
 1.4654756609862E+002  2.5588480741796E+000  7.4254220961342E-001  2.9807935149415E-001  6.0827468298880E-001  9.5633263969457E+000  6.4101051549693E-003  6.3420218452799E-003  2.2750908465081E-001 -6.0480175586479E-003
 1.4798060425308E+002  2.5821543726266E+000  7.4919306149782E-001  3.0095615735689E-001  6.1654048187186E-001  9.7364995827985E+000  6.3821671636729E-003  6.3496369842685E-003  2.2753087555814E-001 -6.0167451269782E-003
 1.4941364240754E+002  2.6060802690027E+000  7.5607703366658E-001  3.0403930092489E-001  6.2464188832386E-001  9.9177066316208E+000  6.3708161439070E-003  6.3734268076135E-003  2.2754490746239E-001 -5.9857755324682E-003
 1.5084668056200E+002  2.6297394313175E+000  7.6290126166670E-001  3.0716171420217E-001  6.3208742811710E-001  1.0098827673314E+001  6.3207857361446E-003  6.3463668656895E-003  2.2757924507968E-001 -5.9758297013468E-003
 1.5227971871646E+002  2.6537202452615E+000  7.6985831574409E-001  3.1039322157089E-001  6.3878784681624E-001  1.0285085253092E+001  6.3471640065137E-003  6.3979544307682E-003  2.2761411382330E-001 -5.9587256461582E-003
 1.5371275687092E+002  2.6780144674249E+000  7.7692641206593E-001  3.1365422114973E-001  6.4463576703498E-001  1.0476023416884E+001  6.3155814361515E-003  6.3692576494054E-003  2.2764510653944E-001 -5.9702597890375E-003
 1.5514579502538E+002  2.7021948199864E+000  7.8396841850123E-001  3.1686946372426E-001  6.4944730206289E-001  1.0667560226208E+001  6.3466062251853E-003  6.4049388025905E-003  2.2768660714389E-001 -5.9810970746778E-003
 1.5657883317984E+002  2.7271670067971E+000  7.9125729392386E-001  3.2009777743429E-001  6.5355544072829E-001  1.0867673148167E+001  6.3661846809912E-003  6.4100475716099E-003  2.2770461011693E-001 -6.0060404791275E-003
 1.5801187133430E+002  2.7519546303566E+000  7.9846938247039E-001  3.2317383301701E-001  6.5683844186702E-001  1.1066875172250E+001  6.3782511303160E-003  6.4049738192700E-003  2.2773019860593E-001 -6.0440845526862E-003
 1.5944490948876E+002  2.7774742632804E+000  8.0590056209936E-001  3.2621783724350E-001  6.5982332206858E-001  1.1273985584362E+001  6.4406801247401E-003  6.4455734577856E-003  2.2773251892054E-001 -6.0735966153952E-003
 1.6087794764322E+002  2.8032253629667E+000  8.1336525363191E-001  3.2911383691431E-001  6.6266929874208E-001  1.1483415239051E+001  6.4396273153093E-003  6.4156039951602E-003  2.2772609566560E-001 -6.1207023481580E-003
 1.6231098579768E+002  2.8292118892763E+000  8.2089091561139E-001  3.3191250082845E-001  6.6576268170253E-001  1.1696290720322E+001  6.4996896944002E-003  6.4584711890974E-003  2.2771287648625E-001 -6.1477928250032E-003
 1.6374402395214E+002  2.8559296383771E+000  8.2860988339988E-001  3.3465903246418E-001  6.6956797059316E-001  1.1916422945667E+001  6.5060887695702E-003  6.4413703308402E-003  2.2767649115525E-001 -6.1790269749346E-003
 1.6517706210660E+002  2.8824662575538E+000  8.3626177045828E-001  3.3730258746655E-001  6.7416667106756E-001  1.2136279825267E+001  6.5201451124608E-003  6.4518529929074E-003  2.2764908565567E-001 -6.1962452589293E-003
 1.6661010026106E+002  2.9097949582079E+000  8.4415466408673E-001  3.4000737727778E-001  6.8003044705203E-001  1.2365259055544E+001  6.5393690780571E-003  6.4685308403876E-003  2.2760187829941E-001 -6.1958078659536E-003
 1.6804313841552E+002  2.9370025971913E+000  8.5200646894350E-001  3.4269690646337E-001  6.8700476563998E-001  1.2594766393756E+001  6.5015190595009E-003  6.4438887591894E-003  2.2756616381448E-001 -6.1943844567465E-003
 1.6947617656998E+002  2.9645226233147E+000  8.5998739310073E-001  3.4551531601228E-001  6.9523554143389E-001  1.2830476398111E+001  6.5132002845262E-003  6.4789289689095E-003  2.2753175940251E-001 -6.1645013964070E-003
 1.7090921472444E+002  2.9923423164197E+000  8.6807225905033E-001  3.4846393602350E-001  7.0451389500724E-001  1.3071267316137E+001  6.4567310102367E-003  6.4486622980468E-003  2.2750110370195E-001 -6.1394147486953E-003
 1.7234225287890E+002  3.0198973655199E+000  8.7612767648142E-001  3.5155331805778E-001  7.1446878098632E-001  1.3313652088399E+001  6.4366979439722E-003  6.4680881493465E-003  2.2749386138939E-001 -6.0966191116911E-003
 1.7377529103336E+002  3.0480535868163E+000  8.8439741521959E-001  3.5488257816715E-001  7.2492342530691E-001  1.3564885191856E+001  6.4005730804572E-003  6.4628800924980E-003  2.2748509919793E-001 -6.0540799071168E-003
 1.7520832918782E+002  3.0758124786349E+000  8.9258889091519E-001  3.5834310179554E-001  7.3524478150069E-001  1.3816179742223E+001  6.3489078245854E-003  6.4491621279321E-003  2.2750476666168E-001 -6.0179209883538E-003
 1.7664136734228E+002  3.1040224680301E+000  9.0095689391657E-001  3.6203040199973E-001  7.4523254976399E-001  1.4075635943524E+001  6.3472743118591E-003  6.4709859728696E-003  2.2752740267330E-001 -5.9769107806521E-003
 1.7807440549674E+002  3.1322801493057E+000  9.0934899442456E-001  3.6582017113038E-001  7.5440196756518E-001  1.4338282790592E+001  6.2989353207447E-003  6.4393926204087E-003  2.2756315780193E-001 -5.9605046352994E-003
 1.7950744365119E+002  3.1605702397792E+000  9.1777196898496E-001  3.6970753708731E-001  7.6248874589816E-001  1.4604884633970E+001  6.3176771000240E-003  6.4621448579862E-003  2.2760992178490E-001 -5.9438753195339E-003
 1.8094048180565E+002  3.1895084197434E+000  9.2636085650476E-001  3.7365897879289E-001  7.6942146806050E-001  1.4879276935449E+001  6.3130788603841E-003  6.4433604148591E-003  2.2764761436482E-001 -5.9512714062867E-003
 1.8237351996011E+002  3.2182804580095E+000  9.3487674960677E-001  3.7754012425526E-001  7.7498947380494E-001  1.5154440688082E+001  6.3323399053916E-003  6.4412198946247E-003  2.2769536072899E-001 -5.9711181928867E-003
 1.8380655811457E+002  3.2479168932413E+000  9.4359276640040E-001  3.8141464584559E-001  7.7949780780487E-001  1.5438810035319E+001  6.3819114526852E-003  6.4497327806977E-003  2.2772200912219E-001 -5.9992021518547E-003
 1.8523959626903E+002  3.2776882527751E+000  9.5227661408043E-001  3.8511580109503E-001  7.8301773260512E-001  1.5725226658884E+001  6.3976773231789E-003  6.4230555937295E-003  2.2774440456896E-001 -6.0473098213444E-003
 1.8667263442349E+002  3.3080173435277E+000  9.6105442261100E-001  3.8872441734428E-001  7.8599553416722E-001  1.6017780407302E+001  6.4702889041361E-003  6.4438202106084E-003  2.2774967304103E-001 -6.0873067807553E-003
 1.8810567257795E+002  3.3390332568753E+000  9.6993948137013E-001  3.9217229327811E-001  7.8889780148528E-001  1.6316874787319E+001  6.4915065439882E-003  6.4169115328608E-003  2.2773343041708E-001 -6.1385942025645E-003
 1.8953871073241E+002  3.3701405685277E+000  9.7878544797092E-001  3.9545886013576E-001  7.9209331992137E-001  1.6617959382552E+001  6.5385672751468E-003  6.4225644160811E-003  2.2771196913036E-001 -6.1760102952480E-003
 1.9097174888687E+002  3.4021898015407E+000  9.8783326490426E-001  3.9868323347934E-001  7.9625572784043E-001  1.6928666946686E+001  6.5665169961207E-003  6.4176222973082E-003  2.2766513302164E-001 -6.2030649558033E-003
 1.9240478704133E+002  3.4341702527986E+000  9.9682276031160E-001  4.0177563364997E-001  8.0160305548927E-001  1.7240710706148E+001  6.5595507160514E-003  6.3972575805017E-003  2.2762149081416E-001 -6.2199470432937E-003
 1.9383782519579E+002  3.4667527960765E+000  1.0059729032009E+000  4.0493187675450E-001  8.0855140248629E-001  1.7560884787329E+001  6.5758399144643E-003  6.4124876917263E-003  2.2756850128739E-001 -6.2085202102087E-003
 1.9527086335025E+002  3.4995076538998E+000  1.0151842959165E+000  4.0809346521152E-001  8.1716248276608E-001  1.7886202436987E+001  6.5247052059420E-003  6.3826175469825E-003  2.2752039527311E-001 -6.1914744350772E-003
 1.9670390150471E+002  3.5321946496023E+000  1.0244332068649E+000  4.1140997389805E-001  8.2735697813273E-001  1.8215271855849E+001  6.5048411498644E-003  6.3965474278723E-003  2.2748845981091E-001 -6.1473122418903E-003
 1.9813693965917E+002  3.5653596695953E+000  1.0338884390798E+000  4.1491734813877E-001  8.3902402707215E-001  1.8554083341366E+001  6.4446778887107E-003  6.3844473687870E-003  2.2746201067123E-001 -6.0983018838105E-003
 1.9956997781363E+002  3.5980501892014E+000  1.0433160246191E+000  4.1861178892713E-001  8.5154323606385E-001  1.8894288717625E+001  6.3862185568793E-003  6.3805402030502E-003  2.2746782447086E-001 -6.0432445244163E-003
 2.0100301596809E+002  3.6312161844025E+000  1.0529855634915E+000  4.2262488306051E-001  8.6460709303934E-001  1.9245127406922E+001  6.3494014870088E-003  6.3980928436169E-003  2.2748364909136E-001 -5.9845916549085E-003
 2.0243605412255E+002  3.6641305862812E+000  1.0626987386989E+000  4.2681499148591E-001  8.7747660864386E-001  1.9600100775403E+001  6.2842979303399E-003  6.3831926578257E-003  2.2752632218884E-001 -5.9464289265366E-003
 2.0386909227701E+002  3.6972118568817E+000  1.0725546892487E+000  4.3129476192812E-001  8.8965315628548E-001  1.9962284010510E+001  6.2838054844588E-003  6.4171519425529E-003  2.2758370148492E-001 -5.9130111684252E-003
 2.0530213043147E+002  3.7307168765040E+000  1.0825936814107E+000  4.3589558263526E-001  9.0068684593512E-001  2.0334395313021E+001  6.2618070245005E-003  6.4144170072010E-003  2.2764437067703E-001 -5.9141348952025E-003
 2.0673516858593E+002  3.7641663490625E+000  1.0926463403921E+000  4.4061083931781E-001  9.1006463770008E-001  2.0709947541697E+001  6.2937606726135E-003  6.4404595962704E-003  2.2771474917460E-001 -5.9338745596932E-003
 2.0816820674039E+002  3.7986164085934E+000  1.1029467915422E+000  4.4537557364069E-001  9.1779348484806E-001  2.1098958888186E+001  6.3424490570799E-003  6.4637084174311E-003  2.2776161159693E-001 -5.9808466167776E-003
 2.0960124489485E+002  3.8332173815523E+000  1.1132181456275E+000  4.5002712733057E-001  9.2365376175042E-001  2.1491684289458E+001  6.3946308331304E-003  6.4674293736046E-003  2.2779904771382E-001 -6.0534200570035E-003
 2.1103428304931E+002  3.8688696999051E+000  1.1236427781487E+000  4.5463295538640E-001  9.2802631432073E-001  2.1895704888348E+001  6.4914907078985E-003  6.5023029066622E-003  2.2779839866521E-001 -6.1287277884706E-003
 2.1246732120377E+002  3.9051981191026E+000  1.1340991406140E+000  4.5898110774172E-001  9.3124172604868E-001  2.2307785219792E+001  6.5438024291685E-003  6.4856050704615E-003  2.2776520452422E-001 -6.2161558523993E-003
 2.1390035935823E+002  3.9421118355605E+000  1.1445264825731E+000  4.6319599132090E-001  9.3386705536143E-001  2.2725029776650E+001  6.6218048499906E-003  6.4964300313750E-003  2.2769957251864E-001 -6.2766540674627E-003
 2.1533339751269E+002  3.9800138749119E+000  1.1550656658620E+000  4.6717293477207E-001  9.3673811453545E-001  2.3154031886769E+001  6.6403324326882E-003  6.4662928210728E-003  2.2759554022741E-001 -6.3153304152738E-003
 2.1676643566715E+002  4.0178582635090E+000  1.1654714132636E+000  4.7095980959057E-001  9.4042049324301E-001  2.3583251966672E+001  6.6266786544044E-003  6.4245027962412E-003  2.2748500418822E-001 -6.3052048127398E-003
 2.1819947382161E+002  4.0563233159656E+000  1.1760138770921E+000  4.7467410417387E-001  9.4582429949988E-001  2.4022514160147E+001  6.5709277585085E-003  6.3824919728426E-003  2.2736418079168E-001 -6.2389839692373E-003
 2.1963251197607E+002  4.0942501096537E+000  1.1865229174661E+000  4.7827597924107E-001  9.5332707208426E-001  2.4462125690325E+001  6.4370264265211E-003  6.2960264163156E-003  2.2727822493749E-001 -6.1221249275490E-003
 2.2106555013053E+002  4.1318581728450E+000  1.1971746388690E+000  4.8200805812992E-001  9.6327656806482E-001  2.4905346999935E+001  6.2945271963469E-003  6.2482804257831E-003  2.2723998973863E-001 -5.9464917201681E-003
 2.2249858828499E+002  4.1687912906767E+000  1.2080887093590E+000  4.8583723180577E-001  9.7562718383378E-001  2.5354138014285E+001  6.0938657975034E-003  6.1741507232963E-003  2.2728180325609E-001 -5.7521950737792E-003
 2.2393162643945E+002  4.2046681320657E+000  1.2192465295039E+000  4.8992306938424E-001  9.8989095149200E-001  2.5802659715888E+001  5.9313051094986E-003  6.1593626603027E-003  2.2742771204575E-001 -5.5540901392287E-003
 2.2536466459391E+002  4.2402688537611E+000  1.2310065887464E+000  4.9432820473473E-001  1.0054893809151E+000  2.6265137214671E+001  5.8112654009562E-003  6.1926710303961E-003  2.2767442826871E-001 -5.4148696997778E-003
 2.2679770274837E+002  4.2752920575514E+000  1.2432222284073E+000  4.9899427773832E-001  1.0212530380465E+000  2.6735002102455E+001  5.7982160067931E-003  6.2949671378369E-003  2.2802331821416E-001 -5.3843881776751E-003
 2.2823074090283E+002  4.3113162109566E+000  1.2561536375904E+000  5.0402891270405E-001  1.0362490981143E+000  2.7229835340436E+001  5.9654575064573E-003  6.5248975221264E-003  2.2841417512139E-001 -5.5239296247645E-003
 2.2966377905729E+002  4.3490045986291E+000  1.2695840773211E+000  5.0922044079331E-001  1.0493115385634E+000  2.7753444463981E+001  6.3186812630445E-003  6.8163215242577E-003  2.2877553937228E-001 -5.8878461062373E-003
 2.3109681721175E+002  4.3900759130359E+000  1.2832320852255E+000  5.1451253646568E-001  1.0596091303513E+000  2.8314223341928E+001  6.9067072675712E-003  7.2153285461281E-003  2.2896948338133E-001 -6.4834986237293E-003
 2.3252985536621E+002  4.4359068101561E+000  1.2966001623179E+000  5.1975389717561E-001  1.0667572443768E+000  2.8924502745286E+001  7.6342804900983E-003  7.5707865775986E-003  2.2882350296336E-001 -7.2724970731838E-003
 2.3396289352067E+002  4.4871354634707E+000  1.3084965667855E+000  5.2461333417037E-001  1.0707051767411E+000  2.9569457213702E+001  8.3778576650193E-003  7.7662603848921E-003  2.2812545107695E-001 -8.1047686782101E-003
 2.3539593167513E+002  4.5436500194955E+000  1.3177574984845E+000  5.2898205820581E-001  1.0722859377418E+000  3.0240857798127E+001  8.8634046754961E-003  7.5346604219033E-003  2.2663955178955E-001 -8.7083275493036E-003
 2.3682896982959E+002  4.6025586870965E+000  1.3222880858341E+000  5.3217566266923E-001  1.0724780494494E+000  3.0875554523341E+001  8.6864902863910E-003  6.4651717603097E-003  2.2410533252761E-001 -8.6615176768813E-003
 2.3826200798405E+002  4.6582359834184E+000  1.3200040980546E+000  5.3339479540535E-001  1.0724314213292E+000  3.1385085817648E+001  7.3665671497090E-003  4.1071587394128E-003  2.2022936518100E-001 -7.3767324090561E-003
 2.3969504613851E+002  4.7009086922712E+000  1.3083044150957E+000  5.3055089235187E-001  1.0721803188604E+000  3.1614449227431E+001  4.2879322821024E-003 -2.1519051093406E-004  2.1460031075066E-001 -3.9626387741070E-003
 2.4112808429297E+002  4.7160079941310E+000  1.2843629099320E+000  5.1952188865699E-001  1.0684559397530E+000  3.1346089241178E+001 -1.4077139482871E-003 -7.0345366179367E-003  2.0706554556859E-001  3.2609123012493E-003
 2.4256112244743E+002  4.6818814128629E+000  1.2456588307409E+000  4.9373172075338E-001  1.0545148064019E+000  3.0350479695801E+001 -1.1196697236563E-002 -1.6859437291742E-002  1.9894204078338E-001  1.8145237147959E-002
 2.4399416060188E+002  4.5657636634255E+000  1.1905069631403E+000  4.4592709042712E-001  1.0203630524929E+000  2.8412992551082E+001 -2.8339523724705E-002 -2.9850515745799E-002  1.9408235972094E-001  4.4601938076479E-002
 2.4542719875634E+002  4.3110353062156E+000  1.1211508694370E+000  3.7729063140012E-001  9.5502134285553E-001  2.5488797549991E+001 -5.3330225941152E-002 -4.5549090865049E-002  1.9503645358433E-001  7.9133810712974E-002
 2.4686023691080E+002  3.9068283958424E+000  1.0425052389774E+000  2.9824544474139E-001  8.5010971794189E-001  2.1758011766101E+001 -8.0477217335244E-002 -6.2496047475937E-002  1.9876582121359E-001  1.1234820786538E-001
 2.4829327506526E+002  3.4099103110044E+000  9.5675639746736E-001  2.2736266876530E-001  7.1603374235295E-001  1.7694275253255E+001 -1.0247733960947E-001 -7.7600054737382E-002  2.0189601046257E-001  1.3674887277148E-001
 2.4972631321972E+002  2.9053108835844E+000  8.6292378844786E-001  1.7458130410306E-001  5.8599619991977E-001  1.3887326404107E+001 -1.1489273858743E-001 -8.7525345351017E-002  2.0438816783889E-001  1.4874593053511E-001
 2.5115935137418E+002  2.4532165501630E+000  7.6372578872055E-001  1.3791419142831E-001  4.8813005441179E-001  1.0726883644795E+001 -1.1727445389324E-001 -9.0993364940707E-002  2.0616032550407E-001  1.4885402010647E-001
 2.5259238952864E+002  2.0807417865108E+000  6.6609562931896E-001  1.1210645905382E-001  4.2615638731869E-001  8.2923141724385E+000 -1.1218096806289E-001 -8.9307550339031E-002  2.0573020764828E-001  1.4044719956085E-001
 2.5402542768310E+002  1.7842180846029E+000  5.7647231781377E-001  9.3118192226026E-002  3.8534635223975E-001  6.4818447880014E+000 -1.0362938621665E-001 -8.4549274006449E-002  2.0184123447207E-001  1.2792087566289E-001
 2.5545846583756E+002  1.5508116571838E+000  4.9810549652524E-001  7.8520246973099E-002  3.5478119184288E-001  5.1508923588326E+000 -9.4345565413201E-002 -7.8677025309203E-002  1.9458243376293E-001  1.1502100231092E-001
 2.5689150399202E+002  1.3648761468922E+000  4.3132922919741E-001  6.6849154840570E-002  3.2878586038229E-001  4.1588504537985E+000 -8.5931750257874E-002 -7.2894815357784E-002  1.8510112302941E-001  1.0412563038002E-001
 2.5832454214648E+002  1.2146604689270E+000  3.7537134795905E-001  5.7315395127763E-002  3.0537299499930E-001  3.4131407902642E+000 -7.9102293476381E-002 -6.7681196197590E-002  1.7473499396616E-001  9.6010770286140E-002
 2.5975758030094E+002  1.0894965737551E+000  3.2837772032337E-001  4.9325320477562E-002  2.8374720496922E-001  2.8346919503860E+000 -7.3823452730721E-002 -6.3379620634965E-002  1.6461987501606E-001  9.0596570624215E-002
 2.6119061845540E+002  9.8414080837244E-001  2.8909658752404E-001  4.2631978118001E-002  2.6390237469125E-001  2.3832925038049E+000 -6.9754033447348E-002 -5.9654553985386E-002  1.5524520931167E-001  8.7361805752479E-002
 2.6262365660986E+002  8.9274676669982E-001  2.5573852397728E-001  3.6959275736117E-002  2.4557218033913E-001  2.0197274434286E+000 -6.6800531925743E-002 -5.6774322944027E-002  1.4693410848319E-001  8.5751317841869E-002
 2.6405669476432E+002  8.1321959943658E-001  2.2746130590806E-001  3.2278291451930E-002  2.2894418814502E-001  1.7259942549087E+000 -6.4404912203185E-002 -5.4149081972153E-002  1.3957461092833E-001  8.5451706448696E-002
 2.6548973291878E+002  7.4263505442866E-001  2.0300498734411E-001  2.8574832315201E-002  2.1387105513605E-001  1.4839947024341E+000 -6.2757597174778E-002 -5.2205294944592E-002  1.3314827924229E-001  8.6126011684838E-002
 2.6692277107324E+002  6.7964327107617E-001  1.8179745029586E-001  2.6029855460616E-002  2.0068345646977E-001  1.2819107425653E+000 -6.1073442280460E-002 -5.0358532646939E-002  1.2748170436552E-001  8.7936411369646E-002
 2.6835580922770E+002  6.2366951737186E-001  1.6313044491249E-001  2.4784046489602E-002  1.8902463600722E-001  1.1139547648746E+000 -5.9875128032085E-002 -4.9076988616368E-002  1.2241903756301E-001  9.0819347196623E-002
 2.6978884738216E+002  5.7261741207426E-001  1.4645518136354E-001  2.4372641592606E-002  1.7921654539866E-001  9.6853656527240E-001 -5.8610457142970E-002 -4.8005146430096E-002  1.1797198864053E-001  9.5495910957347E-002
 2.7122188553662E+002  5.2748007482183E-001  1.3153996632215E-001  2.4557450678365E-002  1.7129415158874E-001  8.4743982133826E-001 -5.7930937120203E-002 -4.7390123517325E-002  1.1382287092743E-001  1.0241802518932E-001
 2.7265492369108E+002  4.8503752874720E-001  1.1768993120911E-001  2.5024209243493E-002  1.6559880855871E-001  7.3833172370947E-001 -5.7233862920175E-002 -4.7226370262946E-002  1.1099137298332E-001  1.1307471641237E-001
 2.7408796184554E+002  4.4791615872006E-001  1.0511989958915E-001  2.5810504926930E-002  1.6236223324708E-001  6.4756695451643E-001 -5.6116032997434E-002 -4.5876388762950E-002  1.1361950440876E-001  1.2385695070074E-001
 2.7552100000000E+002  4.1299790411718E-001  9.4020679279809E-002  2.6796049253564E-002  1.6130871482738E-001  5.6804074254026E-001 -5.8999309103306E-002 -4.8847580890464E-002  2.2132588140333E-002 -1.3802011765336E-002
