 50
 0.0000000000000E+00  2.3175412079292E-01 -6.4144009819904E-03  1.4654287495679E+00  0.0000000000000E+00  1.0000000000000E+00  0.0000000000000E+00  1.4654287495679E+00
 5.6228775510204E+00  2.3175412079292E-01 -6.4144009819904E-03  1.4654287495679E+00  4.6016818807912E-15  2.7419981612648E-01  9.9980731117081E-01  1.5750431111202E+00
 1.1245755102041E+01  2.3175412079292E-01 -6.4144009819914E-03  1.4654287495680E+00  1.0683066171618E-15 -9.2442912030681E-01  5.4829396176991E-01  1.6928566486898E+00
 1.6868632653061E+01  2.3175412079291E-01 -6.4144009819918E-03  1.4654287495680E+00  1.8659625436457E-15 -8.0166660645848E-01 -7.7390888964137E-01  1.8194826622713E+00
 2.2491510204082E+01  2.3175412079291E-01 -6.4144009819920E-03  1.4654287495680E+00  3.1727265304639E-16  5.5394292995785E-01 -1.0137178094970E+00  1.9555803268211E+00
 2.8114387755102E+01  2.3175412079291E-01 -6.4144009819926E-03  1.4654287495680E+00  7.4638370593672E-16  1.1654135269382E+00  2.7587495437499E-01  2.1018581237129E+00
 3.3737265306122E+01  2.3175412079291E-01 -6.4144009819928E-03  1.4654287495680E+00  1.7572466852701E-16  4.3734378444778E-02  1.2408338265337E+00  2.2590775288681E+00
 3.9360142857143E+01  2.3175412079291E-01 -6.4144009819923E-03  1.4654287495680E+00  4.6744785644857E-16 -1.2286027731885E+00  3.8396235839770E-01  2.4280569767580E+00
 4.4983020408163E+01  2.3175412079291E-01 -6.4144009819920E-03  1.4654287495680E+00  3.4509829120079E-16 -7.2077102764122E-01 -1.1230836270864E+00  2.6096761209152E+00
 5.0605897959184E+01  2.3175412079291E-01 -6.4144009819920E-03  1.4654287495680E+00  6.3645570633898E-16  9.2523193816872E-01 -1.0285814671576E+00  2.8048804131311E+00
 5.6228775510204E+01  2.3175412079291E-01 -6.4144009819914E-03  1.4654287495680E+00  7.2141989365253E-16  1.2820816983192E+00  6.4301680714407E-01  3.0146860251791E+00
 6.1851653061224E+01  2.3175412079291E-01 -6.4144009819921E-03  1.4654287495680E+00  1.1634025442207E-15 -2.9134633905005E-01  1.4581497457830E+00  3.2401851386829E+00
 6.7474530612245E+01  2.3175412079291E-01 -6.4144009819917E-03  1.4654287495680E+00  3.7262808124507E-16 -1.5377558892123E+00  1.0853419231352E-01  3.4825516306687E+00
 7.3097408163265E+01  2.3175412079291E-01 -6.4144009819916E-03  1.4654287495680E+00  1.4404141101544E-16 -5.3016566105657E-01 -1.5076995252547E+00  3.7430471843973E+00
 7.8720285714286E+01  2.3175412079291E-01 -6.4144009819916E-03  1.4654287495680E+00  1.0378829369486E-16  1.3620376816201E+00 -9.4347443665492E-01  4.0230278572882E+00
 8.4343163265306E+01  2.3175412079291E-01 -6.4144009819912E-03  1.4654287495680E+00  4.7774536447438E-16  1.3167631215280E+00  1.1030747151230E+00  4.3239511401252E+00
 8.9966040816327E+01  2.3175412079291E-01 -6.4144009819914E-03  1.4654287495680E+00  2.3764511553138E-16 -7.4180595914253E-01  1.6189722800443E+00  4.6473835442920E+00
 9.5588918367347E+01  2.3175412079291E-01 -6.4144009819916E-03  1.4654287495680E+00  1.0911611550243E-15 -1.8220633797696E+00 -2.9774111991871E-01  4.9950087565354E+00
 1.0121179591837E+02  2.3175412079291E-01 -6.4144009819914E-03  1.4654287495680E+00  1.0099817892565E-15 -2.0192569517277E-01 -1.9033528488452E+00  5.3686364037049E+00
 1.0683467346939E+02  2.3175412079291E-01 -6.4144009819918E-03  1.4654287495680E+00  5.2720261474927E-16  1.8476181055257E+00 -7.2378578752423E-01  5.7702114730980E+00
 1.1245755102041E+02  2.3175412079291E-01 -6.4144009819916E-03  1.4654287495680E+00  2.2772486935317E-16  1.2302628668954E+00  1.6488001603020E+00  6.2018244374483E+00
 1.1808042857143E+02  2.3175412079291E-01 -6.4144009819915E-03  1.4654287495680E+00  1.7693064996453E-16 -1.3111446030395E+00  1.6821265097682E+00  6.6657221372652E+00
 1.2370330612245E+02  2.3175412079291E-01 -6.4144009819916E-03  1.4654287495680E+00  1.5482652333408E-16 -2.0413179918491E+00 -8.4965318044112E-01  7.1643194771745E+00
 1.2932618367347E+02  2.3175412079291E-01 -6.4144009819914E-03  1.4654287495680E+00  2.9295952745802E-16  2.8976044374379E-01 -2.2738993985236E+00  7.7002119971476E+00
 1.3494906122449E+02  2.3175412079291E-01 -6.4144009819913E-03  1.4654287495680E+00  7.7873728695648E-17  2.3529135039060E+00 -3.3379818682221E-01  8.2761893840613E+00
 1.4057193877551E+02  2.3175412079291E-01 -6.4144009819917E-03  1.4654287495680E+00  6.8979090582887E-16  9.7890231777304E-01  2.2609327223078E+00  8.8952499939251E+00
 1.4619481632653E+02  2.3175412079291E-01 -6.4144009819916E-03  1.4654287495680E+00  9.4621587672755E-16 -1.9920822302894E+00  1.5986610309627E+00  9.5606164603735E+00
 1.5181769387755E+02  2.3175412079291E-01 -6.4144009819917E-03  1.4654287495680E+00  5.2258940825007E-16 -2.1445815680947E+00 -1.5533458175582E+00  1.0275752470677E+01
 1.5744057142857E+02  2.3175412079291E-01 -6.4144009819920E-03  1.4654287495680E+00  2.6942192781618E-16  9.6500263353145E-01 -2.5700954687386E+00  1.1044380796602E+01
 1.6306344897959E+02  2.3175412079291E-01 -6.4144009819918E-03  1.4654287495680E+00  1.6770085299872E-16  2.8342037847277E+00  2.6009698334812E-01  1.1870502673982E+01
 1.6868632653061E+02  2.3175412079291E-01 -6.4144009819915E-03  1.4654287495680E+00  1.0075830132918E-15  5.1709129107247E-01  2.9049762103279E+00  1.2758418631886E+01
 1.7430920408163E+02  2.3175412079291E-01 -6.4144009819920E-03  1.4654287495680E+00  8.6710103610697E-16 -2.7626301169304E+00  1.3135355960808E+00  1.3712750879812E+01
 1.7993208163265E+02  2.3175412079291E-01 -6.4144009819918E-03  1.4654287495680E+00  2.3142592439973E-16 -2.0707951625326E+00 -2.4019265700467E+00  1.4738467369446E+01
 1.8555495918367E+02  2.3175412079291E-01 -6.4144009819914E-03  1.4654287495680E+00  4.7748857649820E-16  1.8336520928260E+00 -2.7290039672934E+00  1.5840907656248E+01
 1.9117783673469E+02  2.3175412079291E-01 -6.4144009819915E-03  1.4654287495680E+00  2.3593997242914E-16  3.2312651854070E+00  1.0850063825107E+00  1.7025810695485E+01
 1.9680071428571E+02  2.3175412079291E-01 -6.4144009819918E-03  1.4654287495680E+00  5.8794977854930E-16 -1.9878499420661E-01  3.5281511072821E+00  1.8299344717419E+01
 2.0242359183673E+02  2.3175412079291E-01 -6.4144009819914E-03  1.4654287495680E+00  5.2679047590466E-16 -3.5819780808362E+00  7.6867169432451E-01  1.9668139337161E+01
 2.0804646938776E+02  2.3175412079291E-01 -6.4144009819919E-03  1.4654287495680E+00  6.0352703553427E-16 -1.7507013110102E+00 -3.3705182364282E+00  2.1139320066351E+01
 2.1366934693878E+02  2.3175412079291E-01 -6.4144009819915E-03  1.4654287495680E+00  4.1427722600373E-16  2.8898267976440E+00 -2.6745594511040E+00  2.2720545406310E+01
 2.1929222448980E+02  2.3175412079291E-01 -6.4144009819917E-03  1.4654287495680E+00  3.5394129372796E-16  3.4664340699262E+00  2.1559062505897E+00  2.4420046715784E+01
 2.2491510204082E+02  2.3175412079291E-01 -6.4144009819915E-03  1.4654287495680E+00  1.3925392619750E-16 -1.2049952469500E+00  4.0569152243015E+00  2.6246671060787E+01
 2.3053797959184E+02  2.3175412079291E-01 -6.4144009819915E-03  1.4654287495680E+00  1.0546963529795E-17 -4.3865429772038E+00 -9.2357649282303E-02  2.8209927269626E+01
 2.3616085714286E+02  2.3175412079291E-01 -6.4144009819915E-03  1.4654287495680E+00  4.3420534006670E-17 -1.1104494247853E+00 -4.4110221898244E+00  3.0320035432856E+01
 2.4178373469388E+02  2.3175412079291E-01 -6.4144009819916E-03  1.4654287495680E+00  3.2965566882946E-16  4.1056872070292E+00 -2.3197369269656E+00  3.2587980105837E+01
 2.4740661224490E+02  2.3175412079291E-01 -6.4144009819916E-03  1.4654287495680E+00  5.4219876484964E-16  3.4450686168135E+00  3.4688246481324E+00  3.5025567490848E+01
 2.5302948979592E+02  2.3175412079291E-01 -6.4144009819916E-03  1.4654287495680E+00  1.7474858860110E-16 -2.5235190630988E+00  4.3955558712683E+00  3.7645486896446E+01
 2.5865236734694E+02  2.3175412079291E-01 -6.4144009819917E-03  1.4654287495680E+00  7.9924910395132E-16 -5.0866573598472E+00 -1.3177721974896E+00  4.0461376793990E+01
 2.6427524489796E+02  2.3175412079291E-01 -6.4144009819916E-03  1.4654287495680E+00  9.1245987272008E-16 -7.7242235261023E-02 -5.4470101120443E+00  4.3487895815202E+01
 2.6989812244898E+02  2.3175412079291E-01 -6.4144009819914E-03  1.4654287495680E+00  2.6512657131345E-16  5.4247807273375E+00 -1.5707965227070E+00  4.6740799060372E+01
 2.7552100000000E+02  2.3175412079291E-01 -6.4144009819915E-03  1.4654287495680E+00  9.5352920034012E-17  3.0579677257267E+00  4.9930233149921E+00  5.0237020114419E+01
