 48
 3.44909615888840376E-3,  3.32816759513256399E-2,  6.87440357929265528E-2,  0.10326373553195994,  0.13930293787504436,
 0.17616332275445964,  0.21477662390199492,  0.25510674989003551,  0.29783720724677509,  0.3431892302603855,  0.39182756373828886,
 0.44416687911190789,  0.50095841877569602,  0.5628280980981345,  0.63070312667822803,  0.70548374800671332,  0.78838083777201284,
 0.88067937838723009,  0.98402503794728613,  1.100264431288061,  1.2317049241111897,  1.3810353060529641,  1.5515778461328071,
 1.7473123139958504,  1.9731388280733912,  2.2350552890897943,  2.5404514139433307,  2.8985330985392666,  3.3206660753589397,
 3.8212107126189898,  4.4179029885209706,  5.1333612668807991,  5.9953329652885774,  7.0391952750778,  8.3072228938457133,
 9.8520422617229766,  11.731453343886804,  14.010413790451974,  16.7384733292552,  19.938889335218093,  23.527167362828816,
 27.26249940703342,  30.52431777857122,  32.322187446959454,  31.004094118527643,  25.336102598942055,  14.013175700026014,
 1.5210501938818235
