#  1.0000000000000E+00  0.0000000000000E+00  8.8625403447957E-02  5.9960018489484E-03
 0.0000000000000E+00  3.5427372241576E-18  3.1036478438853E-19 -3.2140644952557E-18  1.0381752130717E-16  6.7868095436950E-33 -1.0310275815973E-32  2.0769512565835E-01 -1.0152786554711E-02
 3.9186609309244E-02  4.2285386949371E-02 -3.2478637117980E-02 -6.3455371013546E-05 -5.2009807624938E-05  9.9828374101915E-18 -4.2388441161694E-17  2.0768962936989E-01 -1.0164457201937E-02
 1.5749758320999E-01  1.6776571875138E-01 -1.0317301319965E-01 -6.8461934776900E-04 -1.0686232040695E-03  6.0933889355154E-17 -3.7801808425072E-18  2.0766190174968E-01 -1.0225514954998E-02
 3.5721623804862E-01  3.6170874161993E-01 -1.5128152235650E-01 -2.6693313404372E-03 -5.3202201151679E-03  1.3908883990222E-16 -1.0529282340956E-16  2.0765936994895E-01 -1.0299237776773E-02
 6.4224968278843E-01  5.8538783673433E-01 -1.2932969609670E-01 -5.5679568309108E-03 -1.6230269296233E-02  1.9781606931551E-16 -9.0211458332474E-17  2.0771404664624E-01 -1.0418424902445E-02
 1.0182883416959E+00  7.9376768724183E-01 -4.8629507560414E-02 -7.4146432019795E-03 -3.7129094111115E-02  2.2313755363497E-16 -4.5766941471162E-16  2.0784890893420E-01 -1.0526740757172E-02
 1.4930443172539E+00  9.5069771253237E-01  1.8822910339283E-02 -6.2557215652869E-03 -7.0723476356793E-02 -2.5123970685203E-16 -3.3594719845444E-16  2.0794607157272E-01 -1.0641309706313E-02
 2.0765854307733E+00  1.0000000000000E+00  0.0000000000000E+00 -3.4615149055545E-03 -1.1754084019393E-01 -9.5767440525198E-16 -2.4887857601388E-16  2.0762550461350E-01 -1.0701665049960E-02
 2.7817894460342E+00  8.6505930647618E-01 -7.4378802246397E-02 -3.7205071917280E-03 -1.7240391366796E-01 -3.7874790060088E-16  5.9816905916932E-16  2.0599816283301E-01 -1.0732475919318E-02
 3.6249533279489E+00  5.7573804862042E-01 -9.6713896701751E-02 -8.6062098796315E-03 -2.2280421266875E-01 -1.0567838540732E-16  7.3697991192171E-16  2.0165762476538E-01 -1.0671960585319E-02
 4.6266067187426E+00  2.4763326501062E-01 -6.9844016635741E-02 -1.4462721333409E-02 -2.5656155241016E-01 -3.1282112564003E-16  8.3675916547045E-16  1.9302166957653E-01 -1.0517109060738E-02
 5.8125990455261E+00 -3.7981596944204E-02 -3.3125305627142E-02 -1.8995911445575E-02 -2.6609772050699E-01 -3.5216356953134E-16  7.0719838300631E-16  1.7938764381649E-01 -1.0176705195189E-02
 7.2155586625253E+00 -1.9247298504979E-01  2.0109042269926E-03 -2.0935374910941E-02 -2.5154484601309E-01  1.9401820696422E-16  8.8258766950964E-17  1.6163616291128E-01 -9.6925274491609E-03
 8.8768644766172E+00 -2.1646536480889E-01  1.7269139716039E-02 -2.0308126904253E-02 -2.2298886757117E-01 -1.6587488205413E-16 -2.6273177127135E-16  1.4162413068618E-01 -9.0591954760003E-03
 1.0849332102089E+01 -1.9001228690800E-01  1.8379406134158E-02 -1.8476597517268E-02 -1.9023140729474E-01 -2.6053071625235E-16  1.0196197280274E-15  1.2076099810352E-01 -8.3474572962654E-03
 1.3200907548485E+01 -1.5710176486096E-01  1.6325704314652E-02 -1.6358661409615E-02 -1.5708629166097E-01  5.8237025773158E-16 -1.1491635329279E-15  9.9814468101441E-02 -7.5214931411003E-03
 1.6019796432444E+01 -1.2480082285457E-01  1.4087964065609E-02 -1.4060056742572E-02 -1.2481087607702E-01 -7.8522399441272E-16 -6.7958780807679E-16  7.9399068724231E-02 -6.6252808830606E-03
 1.9421657100192E+01 -9.4509816678351E-02  1.1662233451473E-02 -1.1687524106449E-02 -9.4501279633204E-02 -1.1598129228278E-16  1.6356458554049E-15  6.0202577461674E-02 -5.6237269244043E-03
 2.3559781215754E+01 -6.7305465870311E-02  9.2700976078241E-03 -9.2468307123682E-03 -6.7310895594242E-02 -4.9941400646872E-16 -1.6945465082886E-16  4.2952276120188E-02 -4.5820533294047E-03
 2.8639610050411E+01 -4.4323188846905E-02  6.8780441969069E-03 -6.8998633207355E-03 -4.4318237956610E-02 -3.8441754984111E-16 -5.2928211121748E-16  2.8339404037369E-02 -3.4961326739851E-03
 3.4939511951486E+01 -2.6337312527909E-02  4.7322930635039E-03 -4.7115842522981E-03 -2.6341012955880E-02 -1.4209370012917E-15 -3.0084069062025E-15  1.6884619196347E-02 -2.4724859005297E-03
 4.2840424434962E+01 -1.3673582418777E-02  2.8713819349763E-03 -2.8911820903193E-03 -1.3670143433616E-02  1.9724590010170E-15  6.8873306189144E-15  8.7910642302589E-03 -1.5450856108641E-03
 5.2867415459306E+01 -5.9160439629217E-03  1.5143356251680E-03 -1.4953744552930E-03 -5.9190134701080E-03  8.0400277943380E-16 -1.0868976857206E-15  3.8195464289813E-03 -8.3811705235712E-04
 6.5745245235351E+01 -2.0040297806070E-03  6.1950289410995E-04 -6.3740761810853E-04 -2.0012703303389E-03  2.9696806104478E-15 -2.7619567263742E-16  1.2991581603070E-03 -3.5288505643057E-04
 8.2463882173966E+01 -4.8232799979465E-04  2.0270869826091E-04 -1.8640592057458E-04 -4.8485219566463E-04 -1.2736650390075E-15 -9.3600303066538E-16  3.1526887295400E-04 -1.1849944990565E-04
 1.0432808363371E+02 -7.5033514084150E-05  3.1491480726986E-05 -4.5399290904191E-05 -7.2779595898302E-05 -3.0832444477626E-16 -2.9056690660812E-16  4.8998462478030E-05 -1.8946090193802E-05
 1.3290093570025E+02 -4.9906587813906E-06  1.0366471461514E-05  5.5912409409656E-07 -6.8683217539508E-06  9.3304084613595E-16  1.0270391147896E-15  3.5902259692231E-06 -6.2864664859783E-06
 1.6959210038667E+02 -1.0618970477566E-06 -4.1575721834015E-06 -3.8022615930849E-06  3.8190078855337E-07 -7.0984904242941E-17  3.1702976960948E-16  5.2103234099599E-07  2.5200337883925E-06
 2.1435670304927E+02  6.3476733885759E-07  3.2275050020767E-06  2.3509300506422E-06 -4.1717761040498E-07  4.0130379469818E-17 -4.6506219478093E-16 -2.9087383124522E-07 -1.9746401133580E-06
 2.6290747584362E+02 -5.0681206475937E-07 -2.5304901052434E-06 -1.4358545234885E-06  2.3322057784694E-07 -6.2287187046743E-16  2.9146191288679E-16  2.3904353663751E-07  1.5587880815842E-06
 3.0360224250483E+02  7.9099322890358E-07  3.7217660838835E-06  1.7658530059488E-06 -3.4281094980301E-07  1.4475274032626E-16  5.0669545383122E-16 -4.0840611741880E-07 -2.3405548116255E-06
 3.2000000000000E+02  0.0000000000000E+00  0.0000000000000E+00  5.1826708163259E-06 -8.8100133072062E-07  0.0000000000000E+00  0.0000000000000E+00  0.0000000000000E+00  0.0000000000000E+00
